,latitude,longitude,location
0,40.6502769,-74.0117472,"(40.6502769, -74.0117472)"
1,40.7509908,-73.9906233,"(40.7509908, -73.9906233)"
3,40.7209662,-73.8428931,"(40.7209662, -73.8428931)"
4,40.7645691,-73.9736365,"(40.7645691, -73.9736365)"
5,40.8645536,-73.9019438,"(40.8645536, -73.9019438)"
7,40.7571017,-73.7365679,"(40.7571017, -73.7365679)"
10,40.7423372,-73.9292975,"(40.7423372, -73.9292975)"
11,40.7428639,-74.0039696,"(40.7428639, -74.0039696)"
13,40.8648086,-73.9193623,"(40.8648086, -73.9193623)"
15,40.8467257,-73.9356202,"(40.8467257, -73.9356202)"
16,40.7612344,-73.9638843,"(40.7612344, -73.9638843)"
17,40.5615222,-74.1718512,"(40.5615222, -74.1718512)"
18,40.7490492,-73.982023,"(40.7490492, -73.982023)"
20,40.6672287,-73.7850239,"(40.6672287, -73.7850239)"
21,40.7779733,-73.982156,"(40.7779733, -73.982156)"
22,40.6760813,-73.9061253,"(40.6760813, -73.9061253)"
23,40.759626,-73.9954735,"(40.759626, -73.9954735)"
24,40.8212693,-73.8638829,"(40.8212693, -73.8638829)"
25,40.5203393,-74.2111408,"(40.5203393, -74.2111408)"
26,40.7580355,-73.9601826,"(40.7580355, -73.9601826)"
27,40.5647067,-74.1272083,"(40.5647067, -74.1272083)"
28,40.6154331,-73.9138754,"(40.6154331, -73.9138754)"
31,40.5798272,-73.9762114,"(40.5798272, -73.9762114)"
34,40.7395228,-73.9868503,"(40.7395228, -73.9868503)"
35,40.6843801,-73.9470156,"(40.6843801, -73.9470156)"
36,40.7775544,-73.9488804,"(40.7775544, -73.9488804)"
37,40.7640562,-73.9647563,"(40.7640562, -73.9647563)"
38,40.5830447,-74.0961705,"(40.5830447, -74.0961705)"
40,40.64439,-73.949858,"(40.64439, -73.949858)"
41,40.867857,-73.8653241,"(40.867857, -73.8653241)"
42,40.6339973,-73.9477726,"(40.6339973, -73.9477726)"
43,40.7030333,-73.9598908,"(40.7030333, -73.9598908)"
44,40.6646774,-73.7379854,"(40.6646774, -73.7379854)"
45,40.6060819,-74.1841471,"(40.6060819, -74.1841471)"
46,40.7626784,-73.9543321,"(40.7626784, -73.9543321)"
47,40.7298617,-73.9914344,"(40.7298617, -73.9914344)"
48,40.6952175,-73.9930797,"(40.6952175, -73.9930797)"
49,40.8751407,-73.8712197,"(40.8751407, -73.8712197)"
50,40.8845482,-73.832337,"(40.8845482, -73.832337)"
51,40.6462004,-73.9317417,"(40.6462004, -73.9317417)"
52,40.7571441,-73.8270918,"(40.7571441, -73.8270918)"
53,40.7203288,-73.7611401,"(40.7203288, -73.7611401)"
54,40.673571,-73.9529364,"(40.673571, -73.9529364)"
55,40.7169304,-73.8982037,"(40.7169304, -73.8982037)"
56,40.8532799,-73.8337714,"(40.8532799, -73.8337714)"
57,40.5471327,-74.1404451,"(40.5471327, -74.1404451)"
59,40.6135535,-73.9817498,"(40.6135535, -73.9817498)"
61,40.7027387,-73.802286,"(40.7027387, -73.802286)"
62,40.6806649,-73.9026216,"(40.6806649, -73.9026216)"
63,40.7909397,-73.9472305,"(40.7909397, -73.9472305)"
64,40.8109414,-73.9431723,"(40.8109414, -73.9431723)"
65,40.6080537,-74.1573526,"(40.6080537, -74.1573526)"
67,40.6960346,-73.9845292,"(40.6960346, -73.9845292)"
68,40.8343549,-73.8262226,"(40.8343549, -73.8262226)"
69,40.5903421,-74.0666242,"(40.5903421, -74.0666242)"
70,40.8816006,-73.9048334,"(40.8816006, -73.9048334)"
71,40.7385143,-73.8064906,"(40.7385143, -73.8064906)"
72,40.7909905,-73.9651755,"(40.7909905, -73.9651755)"
73,40.6826929,-73.9904237,"(40.6826929, -73.9904237)"
74,40.7476642,-73.8116192,"(40.7476642, -73.8116192)"
75,40.8192235,-73.9106129,"(40.8192235, -73.9106129)"
77,40.7136898,-73.9945856,"(40.7136898, -73.9945856)"
78,40.7427726,-73.986597,"(40.7427726, -73.986597)"
79,40.7650967,-73.9250605,"(40.7650967, -73.9250605)"
80,40.7612052,-73.7309347,"(40.7612052, -73.7309347)"
81,40.8891934,-73.8312982,"(40.8891934, -73.8312982)"
82,40.6444315,-73.9295994,"(40.6444315, -73.9295994)"
83,40.7573878,-73.9822554,"(40.7573878, -73.9822554)"
84,40.7108201,-73.968525,"(40.7108201, -73.968525)"
85,40.7398804,-73.9987117,"(40.7398804, -73.9987117)"
86,40.8410516,-73.944679,"(40.8410516, -73.944679)"
88,40.7546805,-73.8937353,"(40.7546805, -73.8937353)"
90,40.8839911,-73.8421716,"(40.8839911, -73.8421716)"
91,40.8952213,-73.8800407,"(40.8952213, -73.8800407)"
92,40.7175391,-73.9799897,"(40.7175391, -73.9799897)"
93,40.8218542,-73.8486924,"(40.8218542, -73.8486924)"
94,40.7850321,-73.9405708,"(40.7850321, -73.9405708)"
95,40.7184617,-73.9528037,"(40.7184617, -73.9528037)"
98,40.6108205,-73.9547959,"(40.6108205, -73.9547959)"
100,40.7090458,-73.8414531,"(40.7090458, -73.8414531)"
101,40.7601164,-73.9848356,"(40.7601164, -73.9848356)"
102,40.5965113,-73.9078755,"(40.5965113, -73.9078755)"
103,40.8625812,-73.9253736,"(40.8625812, -73.9253736)"
104,40.8408274,-73.9459579,"(40.8408274, -73.9459579)"
105,40.7786139,-73.840681,"(40.7786139, -73.840681)"
106,40.8043758,-73.9374202,"(40.8043758, -73.9374202)"
107,40.820266,-73.929753,"(40.820266, -73.929753)"
109,40.727873,-73.9291223,"(40.727873, -73.9291223)"
110,40.7781387,-73.9544837,"(40.7781387, -73.9544837)"
111,40.7691169,-73.9885593,"(40.7691169, -73.9885593)"
112,40.6511499,-73.8900044,"(40.6511499, -73.8900044)"
113,40.6481038,-73.9502589,"(40.6481038, -73.9502589)"
115,40.7091579,-73.8410666,"(40.7091579, -73.8410666)"
116,40.6683599,-73.9559068,"(40.6683599, -73.9559068)"
117,40.6413731,-73.877281,"(40.6413731, -73.877281)"
118,40.6921331,-73.8280429,"(40.6921331, -73.8280429)"
120,40.788358,-73.9745227,"(40.788358, -73.9745227)"
121,40.5753038,-73.976609,"(40.5753038, -73.976609)"
122,40.5765028,-74.1036882,"(40.5765028, -74.1036882)"
123,40.7132821,-73.7660495,"(40.7132821, -73.7660495)"
124,40.6174806,-74.025071,"(40.6174806, -74.025071)"
125,40.7137447,-73.9939435,"(40.7137447, -73.9939435)"
126,40.8574211,-73.8999552,"(40.8574211, -73.8999552)"
128,40.6566853,-73.9045307,"(40.6566853, -73.9045307)"
129,40.8380117,-73.8732802,"(40.8380117, -73.8732802)"
130,40.828297,-73.9508577,"(40.828297, -73.9508577)"
132,40.5873051,-73.9603492,"(40.5873051, -73.9603492)"
133,40.7336872,-73.92395,"(40.7336872, -73.92395)"
134,40.8401443,-73.8342307,"(40.8401443, -73.8342307)"
135,40.6666109,-73.8761371,"(40.6666109, -73.8761371)"
136,40.8897684,-73.9043587,"(40.8897684, -73.9043587)"
137,40.7133024,-73.8842603,"(40.7133024, -73.8842603)"
138,40.7564421,-73.9435473,"(40.7564421, -73.9435473)"
139,40.7677402,-73.8799815,"(40.7677402, -73.8799815)"
140,40.7343865,-73.9802048,"(40.7343865, -73.9802048)"
142,40.895594,-73.8389646,"(40.895594, -73.8389646)"
143,40.7896243,-73.9400667,"(40.7896243, -73.9400667)"
144,40.7766978,-73.9278204,"(40.7766978, -73.9278204)"
145,40.7203211,-73.9940403,"(40.7203211, -73.9940403)"
146,40.7416432,-73.9781673,"(40.7416432, -73.9781673)"
148,40.8659655,-73.929853,"(40.8659655, -73.929853)"
150,40.7326034,-73.9876815,"(40.7326034, -73.9876815)"
151,40.7539088,-73.9996138,"(40.7539088, -73.9996138)"
153,40.7914677,-73.9741062,"(40.7914677, -73.9741062)"
154,40.8955243,-73.8503983,"(40.8955243, -73.8503983)"
155,40.6822871,-73.9981936,"(40.6822871, -73.9981936)"
156,40.8207495,-73.8676559,"(40.8207495, -73.8676559)"
157,40.6654887,-73.7523466,"(40.6654887, -73.7523466)"
158,40.7437832,-73.9735076,"(40.7437832, -73.9735076)"
159,40.7496032,-73.9795037,"(40.7496032, -73.9795037)"
160,40.7312889,-73.9903915,"(40.7312889, -73.9903915)"
161,40.6327192,-74.1464221,"(40.6327192, -74.1464221)"
162,40.7548409,-73.9841185,"(40.7548409, -73.9841185)"
163,40.7396742,-73.990946,"(40.7396742, -73.990946)"
164,40.8382406,-73.8766813,"(40.8382406, -73.8766813)"
165,40.6529158,-73.9449683,"(40.6529158, -73.9449683)"
166,40.758306,-73.8556084,"(40.758306, -73.8556084)"
167,40.5960923,-74.0619885,"(40.5960923, -74.0619885)"
168,40.7547481,-73.9878904,"(40.7547481, -73.9878904)"
169,40.5827584,-74.1304,"(40.5827584, -74.1304)"
170,40.6484657,-74.0068217,"(40.6484657, -74.0068217)"
171,40.7119207,-73.7332728,"(40.7119207, -73.7332728)"
173,40.680015,-73.8774282,"(40.680015, -73.8774282)"
174,40.7528926,-73.9873096,"(40.7528926, -73.9873096)"
175,40.7425396,-73.8263032,"(40.7425396, -73.8263032)"
176,40.8875929,-73.8152457,"(40.8875929, -73.8152457)"
177,40.6866487,-73.9207388,"(40.6866487, -73.9207388)"
178,40.6086421,-73.9030688,"(40.6086421, -73.9030688)"
179,40.6170648,-73.9156959,"(40.6170648, -73.9156959)"
180,40.6718921,-73.8958679,"(40.6718921, -73.8958679)"
181,40.884185,-73.8336182,"(40.884185, -73.8336182)"
182,40.6652029,-73.9018367,"(40.6652029, -73.9018367)"
183,40.7623853,-73.9034334,"(40.7623853, -73.9034334)"
184,40.6416753,-74.0031241,"(40.6416753, -74.0031241)"
186,40.7775329,-73.9749962,"(40.7775329, -73.9749962)"
188,40.6700726,-73.8992629,"(40.6700726, -73.8992629)"
189,40.7667789,-73.9967618,"(40.7667789, -73.9967618)"
190,40.7659831,-73.9291496,"(40.7659831, -73.9291496)"
192,40.7328536,-74.0075232,"(40.7328536, -74.0075232)"
193,40.7508841,-73.7177415,"(40.7508841, -73.7177415)"
194,40.8343549,-73.8262226,"(40.8343549, -73.8262226)"
195,40.7465356,-73.9859503,"(40.7465356, -73.9859503)"
196,40.5903806,-74.1929383,"(40.5903806, -74.1929383)"
197,40.8703002,-73.8399009,"(40.8703002, -73.8399009)"
198,40.717835,-73.9577247,"(40.717835, -73.9577247)"
199,40.6916827,-73.9993335,"(40.6916827, -73.9993335)"
200,40.8108965,-73.9469221,"(40.8108965, -73.9469221)"
202,40.7904175,-73.9518354,"(40.7904175, -73.9518354)"
203,40.6601383,-73.9839176,"(40.6601383, -73.9839176)"
204,40.585935,-73.9518893,"(40.585935, -73.9518893)"
205,40.6712046,-73.9005085,"(40.6712046, -73.9005085)"
206,40.6022901,-74.006781,"(40.6022901, -74.006781)"
208,40.7443167,-73.9584585,"(40.7443167, -73.9584585)"
210,40.7465563,-73.826199,"(40.7465563, -73.826199)"
211,40.7259472,-73.9721467,"(40.7259472, -73.9721467)"
212,40.5961418,-73.9938462,"(40.5961418, -73.9938462)"
213,40.7619942,-73.9424705,"(40.7619942, -73.9424705)"
214,40.7129023,-73.906077,"(40.7129023, -73.906077)"
215,40.6210738,-74.1621742,"(40.6210738, -74.1621742)"
216,40.742258,-73.9776727,"(40.742258, -73.9776727)"
217,40.8431812,-73.8470138,"(40.8431812, -73.8470138)"
219,40.7190134,-73.8755383,"(40.7190134, -73.8755383)"
220,40.6306327,-74.0092229,"(40.6306327, -74.0092229)"
221,40.7223457,-73.7771606,"(40.7223457, -73.7771606)"
222,40.7036969,-73.9665375,"(40.7036969, -73.9665375)"
223,40.8447945,-73.9158663,"(40.8447945, -73.9158663)"
224,40.7455434,-73.7767918,"(40.7455434, -73.7767918)"
225,40.6227987,-74.0283499,"(40.6227987, -74.0283499)"
227,40.7229804,-74.0116023,"(40.7229804, -74.0116023)"
228,40.6366356,-74.008377,"(40.6366356, -74.008377)"
229,40.8613524,-73.8977368,"(40.8613524, -73.8977368)"
231,40.7845218,-73.9794713,"(40.7845218, -73.9794713)"
233,40.6944129,-73.7313955,"(40.6944129, -73.7313955)"
234,40.696848,-73.9495012,"(40.696848, -73.9495012)"
235,40.6970613,-73.91932,"(40.6970613, -73.91932)"
236,40.7212488,-73.9922364,"(40.7212488, -73.9922364)"
238,40.7263924,-73.9917957,"(40.7263924, -73.9917957)"
239,40.6405185,-74.1712872,"(40.6405185, -74.1712872)"
241,40.6946875,-73.955197,"(40.6946875, -73.955197)"
242,40.7782253,-73.9586287,"(40.7782253, -73.9586287)"
243,40.5951359,-73.7532016,"(40.5951359, -73.7532016)"
244,40.7204364,-74.0066956,"(40.7204364, -74.0066956)"
246,40.6687978,-73.9311201,"(40.6687978, -73.9311201)"
247,40.9063866,-73.8516581,"(40.9063866, -73.8516581)"
249,40.6841902,-73.8702958,"(40.6841902, -73.8702958)"
250,40.7223639,-73.9449074,"(40.7223639, -73.9449074)"
251,40.7087666,-73.9981083,"(40.7087666, -73.9981083)"
252,40.8161389,-73.8948691,"(40.8161389, -73.8948691)"
253,40.7861313,-73.8021357,"(40.7861313, -73.8021357)"
254,40.6080537,-74.1573526,"(40.6080537, -74.1573526)"
256,40.7546882,-73.9953547,"(40.7546882, -73.9953547)"
257,40.612747,-74.161538,"(40.612747, -74.161538)"
259,40.6885817,-73.8058545,"(40.6885817, -73.8058545)"
260,40.8277283,-73.9495067,"(40.8277283, -73.9495067)"
262,40.8655315,-73.8623714,"(40.8655315, -73.8623714)"
264,40.7199351,-73.9787516,"(40.7199351, -73.9787516)"
265,40.6104432,-73.9259256,"(40.6104432, -73.9259256)"
266,40.8240873,-73.8743351,"(40.8240873, -73.8743351)"
267,40.685846,-73.9473101,"(40.685846, -73.9473101)"
268,40.758981,-73.9959428,"(40.758981, -73.9959428)"
269,40.8335416,-73.9203651,"(40.8335416, -73.9203651)"
271,40.5488947,-74.1851181,"(40.5488947, -74.1851181)"
272,40.646628,-73.9039829,"(40.646628, -73.9039829)"
273,40.7262967,-73.8410333,"(40.7262967, -73.8410333)"
274,40.7705273,-73.9273036,"(40.7705273, -73.9273036)"
275,40.7147294,-73.9420676,"(40.7147294, -73.9420676)"
276,40.6658519,-73.7518557,"(40.6658519, -73.7518557)"
278,40.7197624,-73.9447576,"(40.7197624, -73.9447576)"
279,40.7037516,-73.7991488,"(40.7037516, -73.7991488)"
280,40.7077575,-74.015643,"(40.7077575, -74.015643)"
282,40.6423059,-74.0132314,"(40.6423059, -74.0132314)"
283,40.7736554,-73.9517248,"(40.7736554, -73.9517248)"
284,40.6940665,-73.8014174,"(40.6940665, -73.8014174)"
288,40.7616008,-73.9686418,"(40.7616008, -73.9686418)"
289,40.7039748,-73.9600129,"(40.7039748, -73.9600129)"
290,40.7453835,-73.9947093,"(40.7453835, -73.9947093)"
292,40.8695512,-73.9151841,"(40.8695512, -73.9151841)"
294,40.6049786,-73.7544185,"(40.6049786, -73.7544185)"
295,40.7440605,-74.0068099,"(40.7440605, -74.0068099)"
296,40.7190095,-73.9501807,"(40.7190095, -73.9501807)"
297,40.6649593,-73.8222478,"(40.6649593, -73.8222478)"
299,40.7433686,-73.9429774,"(40.7433686, -73.9429774)"
300,40.725632,-73.8406922,"(40.725632, -73.8406922)"
301,40.7322225,-74.0035541,"(40.7322225, -74.0035541)"
302,40.7906273,-73.9424349,"(40.7906273, -73.9424349)"
303,40.7429104,-73.9928041,"(40.7429104, -73.9928041)"
304,40.7601349,-73.956961,"(40.7601349, -73.956961)"
305,40.7083292,-73.843128,"(40.7083292, -73.843128)"
306,40.8030248,-73.936309,"(40.8030248, -73.936309)"
307,40.745208,-74.0022664,"(40.745208, -74.0022664)"
308,40.7329414,-73.9203819,"(40.7329414, -73.9203819)"
309,40.8253855,-73.9261813,"(40.8253855, -73.9261813)"
310,40.7517013,-73.9864003,"(40.7517013, -73.9864003)"
312,40.8419693,-73.9041564,"(40.8419693, -73.9041564)"
313,40.753158,-73.749079,"(40.753158, -73.749079)"
314,40.7589782,-73.9939358,"(40.7589782, -73.9939358)"
315,40.7613778,-73.8104433,"(40.7613778, -73.8104433)"
316,40.7390961,-73.9176128,"(40.7390961, -73.9176128)"
318,40.6620157,-73.8683673,"(40.6620157, -73.8683673)"
319,40.5983037,-73.9414808,"(40.5983037, -73.9414808)"
320,40.7566785,-73.9208649,"(40.7566785, -73.9208649)"
322,40.6512655,-74.0039065,"(40.6512655, -74.0039065)"
323,40.7086979,-73.7993034,"(40.7086979, -73.7993034)"
324,40.697979,-73.7269595,"(40.697979, -73.7269595)"
325,40.8711195,-73.8768264,"(40.8711195, -73.8768264)"
326,40.7416232,-73.791081,"(40.7416232, -73.791081)"
327,40.6185581,-73.9550356,"(40.6185581, -73.9550356)"
328,40.6699207,-73.9188878,"(40.6699207, -73.9188878)"
329,40.720103,-73.7903765,"(40.720103, -73.7903765)"
332,40.7229283,-73.7534572,"(40.7229283, -73.7534572)"
333,40.6059516,-74.0760061,"(40.6059516, -74.0760061)"
334,40.6767691,-73.8894827,"(40.6767691, -73.8894827)"
335,40.6664404,-73.9536083,"(40.6664404, -73.9536083)"
336,40.7482152,-73.8784576,"(40.7482152, -73.8784576)"
339,40.5779945,-73.9596347,"(40.5779945, -73.9596347)"
340,40.8219448,-73.9280929,"(40.8219448, -73.9280929)"
342,40.8333663,-73.8513801,"(40.8333663, -73.8513801)"
344,40.7762371,-73.9558679,"(40.7762371, -73.9558679)"
345,40.6700221,-73.7831115,"(40.6700221, -73.7831115)"
346,40.6770483,-73.9800307,"(40.6770483, -73.9800307)"
347,40.753996,-73.9424305,"(40.753996, -73.9424305)"
348,40.7697535,-73.9545761,"(40.7697535, -73.9545761)"
349,40.6690107,-73.9967698,"(40.6690107, -73.9967698)"
350,40.6697124,-73.9477302,"(40.6697124, -73.9477302)"
351,40.6324369,-73.8881726,"(40.6324369, -73.8881726)"
352,40.84013,-73.8802991,"(40.84013, -73.8802991)"
353,40.7171751,-74.0128675,"(40.7171751, -74.0128675)"
355,40.6553118,-73.9031775,"(40.6553118, -73.9031775)"
356,40.6747577,-74.0105521,"(40.6747577, -74.0105521)"
357,40.6215393,-73.9242311,"(40.6215393, -73.9242311)"
358,40.6256912,-74.0301488,"(40.6256912, -74.0301488)"
359,40.7170936,-73.8262977,"(40.7170936, -73.8262977)"
360,40.7476892,-74.0041684,"(40.7476892, -74.0041684)"
361,40.672888,-73.9992169,"(40.672888, -73.9992169)"
362,40.5961601,-73.9610281,"(40.5961601, -73.9610281)"
363,40.6305715,-73.9271066,"(40.6305715, -73.9271066)"
364,40.7590711,-73.7985019,"(40.7590711, -73.7985019)"
365,40.6067694,-73.9489103,"(40.6067694, -73.9489103)"
368,40.7578281,-73.9930696,"(40.7578281, -73.9930696)"
369,40.6806649,-73.9026216,"(40.6806649, -73.9026216)"
370,40.6206071,-73.9585967,"(40.6206071, -73.9585967)"
372,40.7015443,-73.9383643,"(40.7015443, -73.9383643)"
373,40.7749285,-73.9507996,"(40.7749285, -73.9507996)"
376,40.6376753,-73.8924948,"(40.6376753, -73.8924948)"
377,40.7553005,-73.9753439,"(40.7553005, -73.9753439)"
378,40.7031519,-74.0144301,"(40.7031519, -74.0144301)"
379,40.6781627,-73.8974769,"(40.6781627, -73.8974769)"
380,40.573658,-74.0955738,"(40.573658, -74.0955738)"
381,40.7729916,-73.9820779,"(40.7729916, -73.9820779)"
382,40.6216018,-73.923262,"(40.6216018, -73.923262)"
383,40.5938826,-73.990188,"(40.5938826, -73.990188)"
385,40.6182043,-73.9056267,"(40.6182043, -73.9056267)"
386,40.6374446,-73.9015425,"(40.6374446, -73.9015425)"
387,40.8897744,-73.8443785,"(40.8897744, -73.8443785)"
388,40.5354883,-74.2182831,"(40.5354883, -74.2182831)"
389,40.7087666,-73.9981083,"(40.7087666, -73.9981083)"
390,40.5875431,-73.958196,"(40.5875431, -73.958196)"
391,40.7633458,-73.8773073,"(40.7633458, -73.8773073)"
392,40.7425878,-73.9804117,"(40.7425878, -73.9804117)"
393,40.7441309,-73.9270473,"(40.7441309, -73.9270473)"
394,40.7032933,-73.7960918,"(40.7032933, -73.7960918)"
395,40.7167087,-73.9891563,"(40.7167087, -73.9891563)"
396,40.7521198,-73.9776766,"(40.7521198, -73.9776766)"
397,40.7538796,-73.8228051,"(40.7538796, -73.8228051)"
398,40.6830971,-73.8057517,"(40.6830971, -73.8057517)"
400,40.5920546,-73.7896479,"(40.5920546, -73.7896479)"
401,40.7620646,-73.8158814,"(40.7620646, -73.8158814)"
402,40.6118189,-73.9411628,"(40.6118189, -73.9411628)"
403,40.6949484,-73.9920989,"(40.6949484, -73.9920989)"
404,40.6543162,-73.9221576,"(40.6543162, -73.9221576)"
405,40.6833771,-73.7604251,"(40.6833771, -73.7604251)"
406,40.8211564,-73.8863453,"(40.8211564, -73.8863453)"
407,40.7319494,-73.8634231,"(40.7319494, -73.8634231)"
408,40.8012913,-73.9438957,"(40.8012913, -73.9438957)"
409,40.6536584,-73.8623823,"(40.6536584, -73.8623823)"
410,40.6306952,-74.1046983,"(40.6306952, -74.1046983)"
411,40.8223063,-73.9148433,"(40.8223063, -73.9148433)"
412,40.8820151,-73.8661995,"(40.8820151, -73.8661995)"
413,40.7409404,-73.917246,"(40.7409404, -73.917246)"
414,40.7276608,-74.0013891,"(40.7276608, -74.0013891)"
415,40.7746797,-73.9822003,"(40.7746797, -73.9822003)"
416,40.6383865,-73.8870493,"(40.6383865, -73.8870493)"
417,40.6729692,-73.8435073,"(40.6729692, -73.8435073)"
418,40.7497063,-73.9915618,"(40.7497063, -73.9915618)"
419,40.7558074,-73.9864031,"(40.7558074, -73.9864031)"
420,40.744099,-73.9956441,"(40.744099, -73.9956441)"
423,40.6718484,-73.8872882,"(40.6718484, -73.8872882)"
424,40.6775017,-73.9469994,"(40.6775017, -73.9469994)"
425,40.7493558,-73.8880269,"(40.7493558, -73.8880269)"
426,40.8380117,-73.8732802,"(40.8380117, -73.8732802)"
427,40.8725024,-73.9021454,"(40.8725024, -73.9021454)"
428,40.7216438,-73.9891302,"(40.7216438, -73.9891302)"
429,40.6698646,-73.9505022,"(40.6698646, -73.9505022)"
431,40.835811,-73.9494462,"(40.835811, -73.9494462)"
432,40.7744069,-73.9656102,"(40.7744069, -73.9656102)"
434,40.7445767,-73.8258072,"(40.7445767, -73.8258072)"
435,40.7631141,-73.9625151,"(40.7631141, -73.9625151)"
436,40.6465177,-73.958105,"(40.6465177, -73.958105)"
437,40.7756669,-73.8453565,"(40.7756669, -73.8453565)"
438,40.7671193,-73.9564948,"(40.7671193, -73.9564948)"
439,40.7648401,-73.9704958,"(40.7648401, -73.9704958)"
440,40.7303203,-74.0046869,"(40.7303203, -74.0046869)"
441,40.6467706,-73.9520508,"(40.6467706, -73.9520508)"
442,40.7679171,-73.9857147,"(40.7679171, -73.9857147)"
443,40.6922501,-73.7666822,"(40.6922501, -73.7666822)"
444,40.6669624,-73.7707754,"(40.6669624, -73.7707754)"
445,40.7547026,-73.8453979,"(40.7547026, -73.8453979)"
446,40.6241708,-73.9704715,"(40.6241708, -73.9704715)"
447,40.8308055,-73.8997314,"(40.8308055, -73.8997314)"
448,40.6501081,-73.9302061,"(40.6501081, -73.9302061)"
449,40.7332131,-73.9911129,"(40.7332131, -73.9911129)"
452,40.7008398,-73.9949394,"(40.7008398, -73.9949394)"
453,40.8670152,-73.9231089,"(40.8670152, -73.9231089)"
455,40.6328856,-73.9476978,"(40.6328856, -73.9476978)"
456,40.7849178,-73.8421283,"(40.7849178, -73.8421283)"
457,40.7127289,-73.7289784,"(40.7127289, -73.7289784)"
458,40.6357602,-73.9948477,"(40.6357602, -73.9948477)"
459,40.6847335,-74.0010155,"(40.6847335, -74.0010155)"
460,40.6923019,-73.9618986,"(40.6923019, -73.9618986)"
462,40.7570322,-73.938118,"(40.7570322, -73.938118)"
463,40.7124737,-73.834927,"(40.7124737, -73.834927)"
464,40.7635887,-73.9714096,"(40.7635887, -73.9714096)"
465,40.7464777,-73.9838968,"(40.7464777, -73.9838968)"
466,40.7583082,-73.9629257,"(40.7583082, -73.9629257)"
467,40.5817444,-73.9538363,"(40.5817444, -73.9538363)"
468,40.762859,-73.9894015,"(40.762859, -73.9894015)"
469,40.7801743,-73.95931,"(40.7801743, -73.95931)"
470,40.7158041,-73.8244755,"(40.7158041, -73.8244755)"
471,40.6362074,-73.9489851,"(40.6362074, -73.9489851)"
472,40.8397833,-73.837018,"(40.8397833, -73.837018)"
474,40.6722926,-73.793901,"(40.6722926, -73.793901)"
475,40.7563684,-73.9601105,"(40.7563684, -73.9601105)"
476,40.6340072,-74.1170794,"(40.6340072, -74.1170794)"
479,40.6767799,-73.9834738,"(40.6767799, -73.9834738)"
480,40.7543893,-73.8965222,"(40.7543893, -73.8965222)"
482,40.6098795,-74.0872088,"(40.6098795, -74.0872088)"
483,40.8402889,-73.9214629,"(40.8402889, -73.9214629)"
484,40.6687978,-73.9311201,"(40.6687978, -73.9311201)"
485,40.732593,-73.9744105,"(40.732593, -73.9744105)"
486,40.7087666,-73.9981083,"(40.7087666, -73.9981083)"
487,40.7555046,-73.9680671,"(40.7555046, -73.9680671)"
488,40.6770654,-73.8981996,"(40.6770654, -73.8981996)"
489,40.5980352,-74.0055188,"(40.5980352, -74.0055188)"
490,40.6558294,-73.898596,"(40.6558294, -73.898596)"
491,40.7143652,-74.0004545,"(40.7143652, -74.0004545)"
492,40.7668758,-73.979076,"(40.7668758, -73.979076)"
493,40.7561391,-73.9831689,"(40.7561391, -73.9831689)"
494,40.8631423,-73.8635947,"(40.8631423, -73.8635947)"
495,40.6798891,-73.9403276,"(40.6798891, -73.9403276)"
496,40.8747394,-73.855247,"(40.8747394, -73.855247)"
497,40.8266071,-73.9266316,"(40.8266071, -73.9266316)"
498,40.8281973,-73.9020551,"(40.8281973, -73.9020551)"
499,40.7115703,-73.7598657,"(40.7115703, -73.7598657)"
500,40.7334183,-73.7370837,"(40.7334183, -73.7370837)"
501,40.7585332,-73.9888427,"(40.7585332, -73.9888427)"
502,40.5798272,-73.9762114,"(40.5798272, -73.9762114)"
503,40.7004753,-73.8834314,"(40.7004753, -73.8834314)"
504,40.6640184,-73.7685904,"(40.6640184, -73.7685904)"
505,40.866761,-73.9206109,"(40.866761, -73.9206109)"
506,40.7437967,-73.9890111,"(40.7437967, -73.9890111)"
507,40.5812652,-74.1122097,"(40.5812652, -74.1122097)"
508,40.8652641,-73.8462472,"(40.8652641, -73.8462472)"
509,40.8128977,-73.9014419,"(40.8128977, -73.9014419)"
510,40.7629162,-73.9856472,"(40.7629162, -73.9856472)"
511,40.6252821,-73.9604671,"(40.6252821, -73.9604671)"
513,40.5844245,-73.9877317,"(40.5844245, -73.9877317)"
514,40.7666672,-73.9670654,"(40.7666672, -73.9670654)"
515,40.8695913,-73.8203916,"(40.8695913, -73.8203916)"
516,40.8408685,-73.8728057,"(40.8408685, -73.8728057)"
517,40.6405903,-73.9542821,"(40.6405903, -73.9542821)"
518,40.5279243,-74.216485,"(40.5279243, -74.216485)"
519,40.712796,-73.9586657,"(40.712796, -73.9586657)"
520,40.6818344,-73.9758325,"(40.6818344, -73.9758325)"
521,40.7548409,-73.9841185,"(40.7548409, -73.9841185)"
522,40.7024083,-74.012825,"(40.7024083, -74.012825)"
523,40.6441971,-73.9546652,"(40.6441971, -73.9546652)"
524,40.820189,-73.8906752,"(40.820189, -73.8906752)"
525,40.7575232,-73.8291338,"(40.7575232, -73.8291338)"
526,40.6295078,-73.9441554,"(40.6295078, -73.9441554)"
527,40.6197146,-73.9445166,"(40.6197146, -73.9445166)"
528,40.5820191,-73.9711345,"(40.5820191, -73.9711345)"
529,40.6763431,-73.910927,"(40.6763431, -73.910927)"
530,40.8314212,-73.926424,"(40.8314212, -73.926424)"
531,40.7204364,-74.0066956,"(40.7204364, -74.0066956)"
532,40.7558237,-73.9707596,"(40.7558237, -73.9707596)"
534,40.863424,-73.9300256,"(40.863424, -73.9300256)"
535,40.7501388,-73.8805943,"(40.7501388, -73.8805943)"
536,40.6959567,-73.7427346,"(40.6959567, -73.7427346)"
537,40.6763997,-73.7413174,"(40.6763997, -73.7413174)"
538,40.7269334,-73.999917,"(40.7269334, -73.999917)"
539,40.8045868,-73.9478121,"(40.8045868, -73.9478121)"
540,40.8057361,-73.9406446,"(40.8057361, -73.9406446)"
541,40.7344418,-73.7217767,"(40.7344418, -73.7217767)"
542,40.6374039,-74.0111551,"(40.6374039, -74.0111551)"
543,40.6581858,-73.945173,"(40.6581858, -73.945173)"
544,40.5801566,-74.0968431,"(40.5801566, -74.0968431)"
545,40.8402915,-73.8674038,"(40.8402915, -73.8674038)"
546,40.583653,-73.9435529,"(40.583653, -73.9435529)"
547,40.5091662,-74.2305572,"(40.5091662, -74.2305572)"
548,40.6925929,-73.9155066,"(40.6925929, -73.9155066)"
549,40.6219935,-73.94597,"(40.6219935, -73.94597)"
550,40.7425878,-73.9804117,"(40.7425878, -73.9804117)"
552,40.7178944,-73.9894735,"(40.7178944, -73.9894735)"
553,40.7445794,-73.9564482,"(40.7445794, -73.9564482)"
554,40.7472362,-73.9933594,"(40.7472362, -73.9933594)"
555,40.7070018,-73.9672897,"(40.7070018, -73.9672897)"
556,40.7289756,-73.8578259,"(40.7289756, -73.8578259)"
557,40.759308,-73.9652931,"(40.759308, -73.9652931)"
558,40.8194352,-73.8125577,"(40.8194352, -73.8125577)"
559,40.8296875,-73.8252953,"(40.8296875, -73.8252953)"
560,40.7519423,-73.8322954,"(40.7519423, -73.8322954)"
563,40.6788433,-73.754179,"(40.6788433, -73.754179)"
564,40.6774132,-73.9303181,"(40.6774132, -73.9303181)"
565,40.7520307,-73.851684,"(40.7520307, -73.851684)"
566,40.622374,-73.9647195,"(40.622374, -73.9647195)"
567,40.8165575,-73.9167618,"(40.8165575, -73.9167618)"
568,40.662688,-73.7531536,"(40.662688, -73.7531536)"
569,40.6205835,-74.0380929,"(40.6205835, -74.0380929)"
570,40.7599831,-73.9648018,"(40.7599831, -73.9648018)"
571,40.8444103,-73.8688919,"(40.8444103, -73.8688919)"
573,40.7562659,-73.8235135,"(40.7562659, -73.8235135)"
574,40.7491025,-73.9920058,"(40.7491025, -73.9920058)"
575,40.7119619,-73.9406885,"(40.7119619, -73.9406885)"
576,40.7802816,-73.9815199,"(40.7802816, -73.9815199)"
577,40.7666089,-73.9649896,"(40.7666089, -73.9649896)"
578,40.8089731,-73.9483252,"(40.8089731, -73.9483252)"
579,40.6381529,-74.013962,"(40.6381529, -74.013962)"
580,40.7834758,-73.8055634,"(40.7834758, -73.8055634)"
581,40.7742808,-73.9773695,"(40.7742808, -73.9773695)"
582,40.7258408,-74.0075584,"(40.7258408, -74.0075584)"
583,40.8703607,-73.9044192,"(40.8703607, -73.9044192)"
585,40.5822717,-73.986118,"(40.5822717, -73.986118)"
587,40.719309,-73.9772223,"(40.719309, -73.9772223)"
588,40.7636578,-73.9734636,"(40.7636578, -73.9734636)"
589,40.7766978,-73.9278204,"(40.7766978, -73.9278204)"
590,40.7403945,-73.9790771,"(40.7403945, -73.9790771)"
592,40.6099471,-74.0921893,"(40.6099471, -74.0921893)"
593,40.8082207,-73.9367194,"(40.8082207, -73.9367194)"
594,40.6257727,-74.1347314,"(40.6257727, -74.1347314)"
596,40.6652495,-73.9481518,"(40.6652495, -73.9481518)"
597,40.7087666,-73.9981083,"(40.7087666, -73.9981083)"
598,40.766359,-73.8875543,"(40.766359, -73.8875543)"
599,40.6624125,-73.909857,"(40.6624125, -73.909857)"
601,40.6869302,-73.9848306,"(40.6869302, -73.9848306)"
602,40.6739216,-73.9101119,"(40.6739216, -73.9101119)"
603,40.745887,-73.9072612,"(40.745887, -73.9072612)"
604,40.8120366,-73.9285407,"(40.8120366, -73.9285407)"
605,40.6797343,-73.9743118,"(40.6797343, -73.9743118)"
606,40.7652528,-73.9950868,"(40.7652528, -73.9950868)"
607,40.7769101,-73.9574705,"(40.7769101, -73.9574705)"
608,40.6701245,-73.9552712,"(40.6701245, -73.9552712)"
609,40.7516577,-73.9901323,"(40.7516577, -73.9901323)"
610,40.5822908,-74.169057,"(40.5822908, -74.169057)"
611,40.6794899,-73.8792678,"(40.6794899, -73.8792678)"
612,40.6254226,-74.1513486,"(40.6254226, -74.1513486)"
613,40.7265632,-73.8380134,"(40.7265632, -73.8380134)"
614,40.7261021,-73.7619666,"(40.7261021, -73.7619666)"
616,40.5832013,-73.9730271,"(40.5832013, -73.9730271)"
617,40.684299,-73.9972273,"(40.684299, -73.9972273)"
619,40.6714571,-73.9141707,"(40.6714571, -73.9141707)"
620,40.6793614,-73.8797404,"(40.6793614, -73.8797404)"
621,40.7449018,-73.918349,"(40.7449018, -73.918349)"
622,40.8522628,-73.8528958,"(40.8522628, -73.8528958)"
624,40.6933544,-73.9341311,"(40.6933544, -73.9341311)"
625,40.6724486,-73.8921251,"(40.6724486, -73.8921251)"
626,40.6848435,-73.8359508,"(40.6848435, -73.8359508)"
627,40.7004248,-73.9443882,"(40.7004248, -73.9443882)"
628,40.6977347,-73.8140794,"(40.6977347, -73.8140794)"
631,40.7589782,-73.9939358,"(40.7589782, -73.9939358)"
632,40.7622874,-73.9702587,"(40.7622874, -73.9702587)"
633,40.6869972,-73.9568428,"(40.6869972, -73.9568428)"
635,40.8788013,-73.9197648,"(40.8788013, -73.9197648)"
636,40.7749666,-73.9567966,"(40.7749666, -73.9567966)"
637,40.6914942,-73.9307613,"(40.6914942, -73.9307613)"
638,40.6806649,-73.9026216,"(40.6806649, -73.9026216)"
639,40.7245183,-73.8005907,"(40.7245183, -73.8005907)"
641,40.8187987,-73.8921191,"(40.8187987, -73.8921191)"
642,40.6607702,-73.9197423,"(40.6607702, -73.9197423)"
644,40.7146219,-73.9011579,"(40.7146219, -73.9011579)"
645,40.8041684,-73.9667001,"(40.8041684, -73.9667001)"
646,40.6556887,-73.8400375,"(40.6556887, -73.8400375)"
647,40.7743626,-73.9128683,"(40.7743626, -73.9128683)"
648,40.5949309,-74.097988,"(40.5949309, -74.097988)"
649,40.8312111,-73.8508718,"(40.8312111, -73.8508718)"
650,40.7298259,-74.0106005,"(40.7298259, -74.0106005)"
651,40.7569982,-73.9078268,"(40.7569982, -73.9078268)"
652,40.5895661,-73.9397962,"(40.5895661, -73.9397962)"
653,40.6769384,-73.9218247,"(40.6769384, -73.9218247)"
654,40.7555046,-73.9680671,"(40.7555046, -73.9680671)"
655,40.8478707,-73.9364034,"(40.8478707, -73.9364034)"
656,40.6914231,-73.7874917,"(40.6914231, -73.7874917)"
657,40.6025775,-74.1314039,"(40.6025775, -74.1314039)"
658,40.7295758,-73.8338215,"(40.7295758, -73.8338215)"
659,40.7361648,-73.9789088,"(40.7361648, -73.9789088)"
660,40.6268158,-74.0741538,"(40.6268158, -74.0741538)"
661,40.5733271,-74.0025485,"(40.5733271, -74.0025485)"
662,40.678466,-73.9284242,"(40.678466, -73.9284242)"
663,40.79329,-73.8115695,"(40.79329, -73.8115695)"
664,40.7461162,-73.7357595,"(40.7461162, -73.7357595)"
665,40.7283926,-73.8330138,"(40.7283926, -73.8330138)"
666,40.7217327,-73.9580577,"(40.7217327, -73.9580577)"
667,40.6829511,-73.8873524,"(40.6829511, -73.8873524)"
668,40.7478815,-73.9754224,"(40.7478815, -73.9754224)"
669,40.7245509,-74.0019338,"(40.7245509, -74.0019338)"
671,40.6502101,-73.9599766,"(40.6502101, -73.9599766)"
672,40.8107277,-73.9246479,"(40.8107277, -73.9246479)"
674,40.6692276,-73.824216,"(40.6692276, -73.824216)"
675,40.6942955,-73.7486695,"(40.6942955, -73.7486695)"
676,40.8476906,-73.8220384,"(40.8476906, -73.8220384)"
677,40.7985932,-73.9335177,"(40.7985932, -73.9335177)"
679,40.60892,-73.9521573,"(40.60892, -73.9521573)"
681,40.649692,-73.9369599,"(40.649692, -73.9369599)"
682,40.6569792,-73.8894182,"(40.6569792, -73.8894182)"
684,40.8613463,-73.8674847,"(40.8613463, -73.8674847)"
685,40.7166491,-73.8003987,"(40.7166491, -73.8003987)"
686,40.7665043,-73.9941734,"(40.7665043, -73.9941734)"
687,40.788358,-73.9745227,"(40.788358, -73.9745227)"
689,40.8296557,-73.9172838,"(40.8296557, -73.9172838)"
690,40.7586802,-73.7755711,"(40.7586802, -73.7755711)"
692,40.7864283,-73.8239273,"(40.7864283, -73.8239273)"
694,40.5888878,-73.9656409,"(40.5888878, -73.9656409)"
695,40.6677071,-73.9063533,"(40.6677071, -73.9063533)"
696,40.7387575,-74.0081048,"(40.7387575, -74.0081048)"
697,40.6588759,-73.9475224,"(40.6588759, -73.9475224)"
699,40.5889546,-74.1675905,"(40.5889546, -74.1675905)"
700,40.7492559,-73.7559439,"(40.7492559, -73.7559439)"
701,40.8393602,-73.8728046,"(40.8393602, -73.8728046)"
702,40.7347373,-73.8722578,"(40.7347373, -73.8722578)"
703,40.6383155,-74.0066225,"(40.6383155, -74.0066225)"
704,40.5758019,-73.9611371,"(40.5758019, -73.9611371)"
705,40.7318931,-74.0037886,"(40.7318931, -74.0037886)"
706,40.6385252,-73.9260638,"(40.6385252, -73.9260638)"
707,40.6256522,-73.9305234,"(40.6256522, -73.9305234)"
709,40.7263019,-73.9491181,"(40.7263019, -73.9491181)"
711,40.8563461,-73.850096,"(40.8563461, -73.850096)"
712,40.5993815,-73.9514043,"(40.5993815, -73.9514043)"
713,40.7609779,-73.8633924,"(40.7609779, -73.8633924)"
714,40.6807461,-73.842238,"(40.6807461, -73.842238)"
715,40.854677,-73.8436509,"(40.854677, -73.8436509)"
716,40.5870756,-74.1039242,"(40.5870756, -74.1039242)"
718,40.8874462,-73.8780005,"(40.8874462, -73.8780005)"
719,40.6896471,-73.9183987,"(40.6896471, -73.9183987)"
720,40.7517512,-74.0079259,"(40.7517512, -74.0079259)"
721,40.7266003,-73.7891113,"(40.7266003, -73.7891113)"
722,40.7631141,-73.9625151,"(40.7631141, -73.9625151)"
723,40.7533101,-73.8273761,"(40.7533101, -73.8273761)"
726,40.6249901,-74.144024,"(40.6249901, -74.144024)"
727,40.7061417,-74.0060197,"(40.7061417, -74.0060197)"
728,40.7443357,-73.950999,"(40.7443357, -73.950999)"
729,40.7496032,-73.9795037,"(40.7496032, -73.9795037)"
730,40.6021368,-74.11487,"(40.6021368, -74.11487)"
731,40.5829661,-73.9863303,"(40.5829661, -73.9863303)"
732,40.6672401,-73.7699963,"(40.6672401, -73.7699963)"
733,40.7503422,-73.983174,"(40.7503422, -73.983174)"
734,40.7373303,-73.9926531,"(40.7373303, -73.9926531)"
735,40.7168135,-73.9977634,"(40.7168135, -73.9977634)"
736,40.7940523,-73.9703673,"(40.7940523, -73.9703673)"
738,40.6640485,-73.8881088,"(40.6640485, -73.8881088)"
739,40.5803795,-73.9676001,"(40.5803795, -73.9676001)"
741,40.6417288,-73.9076365,"(40.6417288, -73.9076365)"
742,40.7095234,-74.0016664,"(40.7095234, -74.0016664)"
743,40.6179263,-73.931731,"(40.6179263, -73.931731)"
744,40.8070898,-73.9417705,"(40.8070898, -73.9417705)"
745,40.6347252,-74.0164124,"(40.6347252, -74.0164124)"
746,40.822433,-73.872941,"(40.822433, -73.872941)"
749,40.7225555,-74.0014034,"(40.7225555, -74.0014034)"
750,40.5818137,-74.0977203,"(40.5818137, -74.0977203)"
751,40.6936492,-73.9833217,"(40.6936492, -73.9833217)"
752,40.7670545,-73.8871762,"(40.7670545, -73.8871762)"
753,40.7204773,-73.9897185,"(40.7204773, -73.9897185)"
754,40.7515446,-73.8708432,"(40.7515446, -73.8708432)"
756,40.6317785,-73.9456163,"(40.6317785, -73.9456163)"
757,40.7061424,-73.831765,"(40.7061424, -73.831765)"
759,40.788778,-73.7913385,"(40.788778, -73.7913385)"
760,40.6895019,-73.7860951,"(40.6895019, -73.7860951)"
761,40.7291709,-73.8397778,"(40.7291709, -73.8397778)"
764,40.5647067,-74.1272083,"(40.5647067, -74.1272083)"
765,40.8999905,-73.8530036,"(40.8999905, -73.8530036)"
766,40.714262,-73.7771238,"(40.714262, -73.7771238)"
767,40.847109,-73.8351639,"(40.847109, -73.8351639)"
768,40.8021322,-73.9072948,"(40.8021322, -73.9072948)"
769,40.6655974,-73.8077814,"(40.6655974, -73.8077814)"
770,40.6645366,-73.9970731,"(40.6645366, -73.9970731)"
773,40.7955879,-73.9501595,"(40.7955879, -73.9501595)"
774,40.63874,-73.8951918,"(40.63874, -73.8951918)"
775,40.7288583,-73.9278098,"(40.7288583, -73.9278098)"
776,40.7266003,-73.7891113,"(40.7266003, -73.7891113)"
777,40.7383417,-73.8450602,"(40.7383417, -73.8450602)"
778,40.6230538,-74.1132634,"(40.6230538, -74.1132634)"
780,40.6652573,-73.7395512,"(40.6652573, -73.7395512)"
781,40.8346811,-73.9444241,"(40.8346811, -73.9444241)"
782,40.8043691,-73.9353252,"(40.8043691, -73.9353252)"
783,40.8422692,-73.8423934,"(40.8422692, -73.8423934)"
784,40.6185581,-73.9550356,"(40.6185581, -73.9550356)"
785,40.7375446,-74.0038647,"(40.7375446, -74.0038647)"
786,40.7557807,-74.0019852,"(40.7557807, -74.0019852)"
787,40.7614858,-73.9605992,"(40.7614858, -73.9605992)"
788,40.7034339,-73.740502,"(40.7034339, -73.740502)"
789,40.6092524,-73.9690411,"(40.6092524, -73.9690411)"
790,40.6815047,-73.9742282,"(40.6815047, -73.9742282)"
792,40.7590778,-73.8698396,"(40.7590778, -73.8698396)"
794,40.7761753,-73.942564,"(40.7761753, -73.942564)"
795,40.5163366,-74.2328225,"(40.5163366, -74.2328225)"
796,40.8568747,-73.8877013,"(40.8568747, -73.8877013)"
797,40.7470784,-73.9813415,"(40.7470784, -73.9813415)"
798,40.6947605,-73.8248086,"(40.6947605, -73.8248086)"
799,40.7832478,-73.9447234,"(40.7832478, -73.9447234)"
800,40.6370977,-73.934637,"(40.6370977, -73.934637)"
801,40.7262499,-74.0037305,"(40.7262499, -74.0037305)"
802,40.7564966,-73.972362,"(40.7564966, -73.972362)"
803,40.6267726,-73.946874,"(40.6267726, -73.946874)"
805,40.7331474,-74.005867,"(40.7331474, -74.005867)"
806,40.6212167,-73.9353802,"(40.6212167, -73.9353802)"
807,40.781688,-73.9489603,"(40.781688, -73.9489603)"
808,40.6588986,-73.9923843,"(40.6588986, -73.9923843)"
809,40.6240564,-73.9058562,"(40.6240564, -73.9058562)"
810,40.8687708,-73.8317333,"(40.8687708, -73.8317333)"
811,40.7557604,-73.7393814,"(40.7557604, -73.7393814)"
812,40.670658,-73.9579745,"(40.670658, -73.9579745)"
813,40.679313,-73.9817534,"(40.679313, -73.9817534)"
815,40.8268215,-73.9415364,"(40.8268215, -73.9415364)"
816,40.6583018,-73.9010287,"(40.6583018, -73.9010287)"
817,40.7389002,-73.7337746,"(40.7389002, -73.7337746)"
818,40.7244356,-73.8692939,"(40.7244356, -73.8692939)"
819,40.7295189,-74.0051379,"(40.7295189, -74.0051379)"
822,40.6930498,-73.8538385,"(40.6930498, -73.8538385)"
823,40.6939603,-73.8168087,"(40.6939603, -73.8168087)"
824,40.5975812,-73.9677754,"(40.5975812, -73.9677754)"
825,40.6633128,-73.9210513,"(40.6633128, -73.9210513)"
826,40.6618355,-73.8931046,"(40.6618355, -73.8931046)"
827,40.8217066,-73.9567952,"(40.8217066, -73.9567952)"
828,40.841521,-73.8745935,"(40.841521, -73.8745935)"
829,40.7342964,-73.8503057,"(40.7342964, -73.8503057)"
830,40.6129483,-73.9437479,"(40.6129483, -73.9437479)"
831,40.7445614,-73.9307531,"(40.7445614, -73.9307531)"
832,40.7187991,-73.9524103,"(40.7187991, -73.9524103)"
833,40.7387575,-74.0081048,"(40.7387575, -74.0081048)"
834,40.8373174,-73.9340367,"(40.8373174, -73.9340367)"
836,40.7349628,-73.9797897,"(40.7349628, -73.9797897)"
837,40.7361595,-73.7137011,"(40.7361595, -73.7137011)"
839,40.832501,-73.9280995,"(40.832501, -73.9280995)"
840,40.6702411,-73.9069986,"(40.6702411, -73.9069986)"
841,40.7694689,-73.9499372,"(40.7694689, -73.9499372)"
842,40.7090923,-74.0055114,"(40.7090923, -74.0055114)"
843,40.7269334,-73.999917,"(40.7269334, -73.999917)"
844,40.6725311,-73.7983776,"(40.6725311, -73.7983776)"
845,40.8011399,-73.937687,"(40.8011399, -73.937687)"
848,40.7660449,-73.983365,"(40.7660449, -73.983365)"
850,40.688169,-73.8389788,"(40.688169, -73.8389788)"
851,40.747925,-73.973607,"(40.747925, -73.973607)"
853,40.6778859,-73.7456092,"(40.6778859, -73.7456092)"
854,40.7367303,-73.8562397,"(40.7367303, -73.8562397)"
855,40.7005483,-73.9170689,"(40.7005483, -73.9170689)"
856,40.7184302,-74.0005303,"(40.7184302, -74.0005303)"
857,40.6827534,-73.8134178,"(40.6827534, -73.8134178)"
858,40.8911362,-73.8552656,"(40.8911362, -73.8552656)"
860,40.7632002,-73.9210809,"(40.7632002, -73.9210809)"
861,40.6113053,-74.1412032,"(40.6113053, -74.1412032)"
862,40.8847113,-73.8313023,"(40.8847113, -73.8313023)"
863,40.7566657,-73.782815,"(40.7566657, -73.782815)"
864,40.5704668,-74.1097619,"(40.5704668, -74.1097619)"
865,40.7413955,-73.8847997,"(40.7413955, -73.8847997)"
866,40.6053049,-74.1622151,"(40.6053049, -74.1622151)"
867,40.5377004,-74.1500095,"(40.5377004, -74.1500095)"
868,40.6580713,-73.960426,"(40.6580713, -73.960426)"
869,40.7092887,-73.8611647,"(40.7092887, -73.8611647)"
870,40.7297989,-73.9748013,"(40.7297989, -73.9748013)"
871,40.7599831,-73.9648018,"(40.7599831, -73.9648018)"
872,40.6911214,-73.9535659,"(40.6911214, -73.9535659)"
873,40.6051161,-73.8197283,"(40.6051161, -73.8197283)"
874,40.7390253,-73.9733471,"(40.7390253, -73.9733471)"
876,40.6431653,-73.9904979,"(40.6431653, -73.9904979)"
877,40.6860803,-74.0003682,"(40.6860803, -74.0003682)"
878,40.7079778,-74.0080037,"(40.7079778, -74.0080037)"
880,40.7916628,-73.9646839,"(40.7916628, -73.9646839)"
881,40.754584,-73.9991446,"(40.754584, -73.9991446)"
882,40.781694,-73.82224,"(40.781694, -73.82224)"
884,40.7337618,-73.9374216,"(40.7337618, -73.9374216)"
885,40.7509033,-73.9981196,"(40.7509033, -73.9981196)"
889,40.716136,-73.751372,"(40.716136, -73.751372)"
890,40.6457873,-74.0164276,"(40.6457873, -74.0164276)"
891,40.8057295,-73.9385424,"(40.8057295, -73.9385424)"
892,40.8617006,-73.8913807,"(40.8617006, -73.8913807)"
893,40.7033417,-73.8002032,"(40.7033417, -73.8002032)"
895,40.7499033,-73.7280092,"(40.7499033, -73.7280092)"
896,40.6846872,-73.9811318,"(40.6846872, -73.9811318)"
897,40.6649007,-73.8204279,"(40.6649007, -73.8204279)"
898,40.705679,-73.9260903,"(40.705679, -73.9260903)"
899,40.7336333,-74.0027856,"(40.7336333, -74.0027856)"
900,40.636077,-73.9802664,"(40.636077, -73.9802664)"
901,40.6365056,-73.9693599,"(40.6365056, -73.9693599)"
904,40.8326282,-73.9253747,"(40.8326282, -73.9253747)"
905,40.5798042,-73.9718339,"(40.5798042, -73.9718339)"
906,40.7396316,-73.790131,"(40.7396316, -73.790131)"
907,40.7259315,-73.9946496,"(40.7259315, -73.9946496)"
908,40.7210074,-73.7510905,"(40.7210074, -73.7510905)"
909,40.5949692,-74.1923231,"(40.5949692, -74.1923231)"
910,40.5988893,-73.9933634,"(40.5988893, -73.9933634)"
911,40.7589494,-73.9684806,"(40.7589494, -73.9684806)"
912,40.762859,-73.9894015,"(40.762859, -73.9894015)"
913,40.7927515,-73.971314,"(40.7927515, -73.971314)"
914,40.8443435,-73.9147428,"(40.8443435, -73.9147428)"
915,40.7885272,-73.8111677,"(40.7885272, -73.8111677)"
918,40.8544707,-73.9100739,"(40.8544707, -73.9100739)"
919,40.7618573,-73.9634255,"(40.7618573, -73.9634255)"
921,40.8946624,-73.8613598,"(40.8946624, -73.8613598)"
922,40.6466257,-73.983074,"(40.6466257, -73.983074)"
923,40.733607,-73.8499464,"(40.733607, -73.8499464)"
924,40.7170936,-73.8262977,"(40.7170936, -73.8262977)"
925,40.8100528,-73.9251435,"(40.8100528, -73.9251435)"
926,40.7435066,-73.8515516,"(40.7435066, -73.8515516)"
928,40.747009,-73.9771875,"(40.747009, -73.9771875)"
930,40.8425367,-73.8852968,"(40.8425367, -73.8852968)"
932,40.6417288,-73.9076365,"(40.6417288, -73.9076365)"
933,40.8069164,-73.9355612,"(40.8069164, -73.9355612)"
934,40.779218,-73.9164691,"(40.779218, -73.9164691)"
935,40.5471093,-74.1661974,"(40.5471093, -74.1661974)"
936,40.6176447,-74.0030257,"(40.6176447, -74.0030257)"
938,40.6448799,-74.0174913,"(40.6448799, -74.0174913)"
939,40.8474693,-73.8913352,"(40.8474693, -73.8913352)"
940,40.7688806,-73.9085154,"(40.7688806, -73.9085154)"
941,40.8173878,-73.922758,"(40.8173878, -73.922758)"
942,40.7357781,-73.7465392,"(40.7357781, -73.7465392)"
944,40.6877531,-73.7903844,"(40.6877531, -73.7903844)"
946,40.7333038,-73.9933211,"(40.7333038, -73.9933211)"
947,40.6012961,-73.9549428,"(40.6012961, -73.9549428)"
948,40.6728037,-74.0066512,"(40.6728037, -74.0066512)"
949,40.815755,-73.8952779,"(40.815755, -73.8952779)"
951,40.6604415,-73.9568744,"(40.6604415, -73.9568744)"
952,40.8323165,-73.9316013,"(40.8323165, -73.9316013)"
953,40.6091307,-73.9574045,"(40.6091307, -73.9574045)"
954,40.763976,-73.7762138,"(40.763976, -73.7762138)"
955,40.7720212,-73.9560151,"(40.7720212, -73.9560151)"
956,40.7986223,-73.9416189,"(40.7986223, -73.9416189)"
958,40.7640562,-73.9647563,"(40.7640562, -73.9647563)"
959,40.672888,-73.9992169,"(40.672888, -73.9992169)"
960,40.7806906,-73.9465923,"(40.7806906, -73.9465923)"
961,40.762288,-73.9723632,"(40.762288, -73.9723632)"
962,40.6244501,-73.9680218,"(40.6244501, -73.9680218)"
964,40.6243844,-73.946422,"(40.6243844, -73.946422)"
965,40.8116555,-73.9168366,"(40.8116555, -73.9168366)"
966,40.6616704,-73.9372622,"(40.6616704, -73.9372622)"
967,40.6817692,-73.9675328,"(40.6817692, -73.9675328)"
968,40.8479766,-73.8296858,"(40.8479766, -73.8296858)"
969,40.6771926,-74.006493,"(40.6771926, -74.006493)"
970,40.7583388,-73.9964084,"(40.7583388, -73.9964084)"
971,40.6673879,-73.8870831,"(40.6673879, -73.8870831)"
972,40.6704668,-73.8659102,"(40.6704668, -73.8659102)"
973,40.7629027,-73.7691746,"(40.7629027, -73.7691746)"
974,40.6028952,-73.9403928,"(40.6028952, -73.9403928)"
975,40.8380117,-73.8732802,"(40.8380117, -73.8732802)"
976,40.6409147,-73.9736422,"(40.6409147, -73.9736422)"
977,40.7540925,-73.9920774,"(40.7540925, -73.9920774)"
978,40.739936,-73.8457774,"(40.739936, -73.8457774)"
979,40.7261676,-73.998362,"(40.7261676, -73.998362)"
980,40.7626803,-73.7705182,"(40.7626803, -73.7705182)"
981,40.644042,-73.8775195,"(40.644042, -73.8775195)"
982,40.6790038,-73.8642165,"(40.6790038, -73.8642165)"
983,40.687993,-73.9896117,"(40.687993, -73.9896117)"
985,40.8478707,-73.9364034,"(40.8478707, -73.9364034)"
986,40.5450521,-74.2192966,"(40.5450521, -74.2192966)"
987,40.7133723,-73.9348039,"(40.7133723, -73.9348039)"
988,40.6218601,-74.0720626,"(40.6218601, -74.0720626)"
989,40.7071305,-73.9032574,"(40.7071305, -73.9032574)"
990,40.7629417,-73.8606614,"(40.7629417, -73.8606614)"
991,40.822904,-73.8700399,"(40.822904, -73.8700399)"
992,40.6468552,-73.9211825,"(40.6468552, -73.9211825)"
994,40.749824,-73.9722023,"(40.749824, -73.9722023)"
995,40.6408247,-73.9653007,"(40.6408247, -73.9653007)"
997,40.608031,-73.9600379,"(40.608031, -73.9600379)"
998,40.5632415,-74.176592,"(40.5632415, -74.176592)"
999,40.6774132,-73.9303181,"(40.6774132, -73.9303181)"
1000,40.578062,-73.8876949,"(40.578062, -73.8876949)"
1003,40.6901224,-73.9231687,"(40.6901224, -73.9231687)"
1004,40.7534343,-73.8878215,"(40.7534343, -73.8878215)"
1005,40.7554056,-73.9794839,"(40.7554056, -73.9794839)"
1006,40.5908371,-74.1521632,"(40.5908371, -74.1521632)"
1007,40.6546244,-73.9422603,"(40.6546244, -73.9422603)"
1008,40.6903471,-73.9602915,"(40.6903471, -73.9602915)"
1009,40.6238362,-74.1262908,"(40.6238362, -74.1262908)"
1010,40.7849422,-73.9465889,"(40.7849422, -73.9465889)"
1011,40.7404561,-73.8064612,"(40.7404561, -73.8064612)"
1012,40.6874245,-73.9997119,"(40.6874245, -73.9997119)"
1013,40.730053,-73.7935239,"(40.730053, -73.7935239)"
1014,40.7681691,-73.9527865,"(40.7681691, -73.9527865)"
1015,40.7301223,-73.989468,"(40.7301223, -73.989468)"
1016,40.7646435,-73.9165884,"(40.7646435, -73.9165884)"
1017,40.7573878,-73.9822554,"(40.7573878, -73.9822554)"
1018,40.7595778,-73.9680255,"(40.7595778, -73.9680255)"
1019,40.7367523,-73.8776702,"(40.7367523, -73.8776702)"
1021,40.6767691,-73.8894827,"(40.6767691, -73.8894827)"
1022,40.5933231,-73.9646376,"(40.5933231, -73.9646376)"
1023,40.6753803,-73.9081956,"(40.6753803, -73.9081956)"
1024,40.7764888,-73.7773236,"(40.7764888, -73.7773236)"
1026,40.7058999,-73.9630991,"(40.7058999, -73.9630991)"
1027,40.8798042,-73.8649998,"(40.8798042, -73.8649998)"
1028,40.736562,-74.0010934,"(40.736562, -74.0010934)"
1029,40.7485506,-73.895813,"(40.7485506, -73.895813)"
1030,40.7110182,-73.7817409,"(40.7110182, -73.7817409)"
1031,40.748277,-73.9391728,"(40.748277, -73.9391728)"
1032,40.7629631,-73.9718684,"(40.7629631, -73.9718684)"
1033,40.7654813,-73.9136994,"(40.7654813, -73.9136994)"
1034,40.7066776,-73.7914647,"(40.7066776, -73.7914647)"
1035,40.6802965,-73.8446402,"(40.6802965, -73.8446402)"
1036,40.7599831,-73.9648018,"(40.7599831, -73.9648018)"
1037,40.693823,-73.9430991,"(40.693823, -73.9430991)"
1038,40.6999314,-73.9618791,"(40.6999314, -73.9618791)"
1039,40.7097865,-73.8204183,"(40.7097865, -73.8204183)"
1040,40.7003768,-73.961198,"(40.7003768, -73.961198)"
1041,40.8036981,-73.9379121,"(40.8036981, -73.9379121)"
1042,40.8284699,-73.8241566,"(40.8284699, -73.8241566)"
1043,40.753495,-73.829866,"(40.753495, -73.829866)"
1045,40.6232533,-74.1620822,"(40.6232533, -74.1620822)"
1046,40.6698241,-73.7888294,"(40.6698241, -73.7888294)"
1047,40.5872641,-73.9834671,"(40.5872641, -73.9834671)"
1048,40.7447332,-73.9335895,"(40.7447332, -73.9335895)"
1049,40.6135001,-74.0869289,"(40.6135001, -74.0869289)"
1050,40.7213656,-73.8480763,"(40.7213656, -73.8480763)"
1052,40.6120725,-74.146701,"(40.6120725, -74.146701)"
1053,40.6539849,-73.9276937,"(40.6539849, -73.9276937)"
1054,40.7008398,-73.9949394,"(40.7008398, -73.9949394)"
1056,40.6204226,-74.0412344,"(40.6204226, -74.0412344)"
1057,40.7730188,-73.9521874,"(40.7730188, -73.9521874)"
1058,40.7465711,-73.8837441,"(40.7465711, -73.8837441)"
1059,40.8773934,-73.8664909,"(40.8773934, -73.8664909)"
1060,40.7915585,-73.9386493,"(40.7915585, -73.9386493)"
1061,40.7601586,-74.0026387,"(40.7601586, -74.0026387)"
1062,40.5858804,-73.8231933,"(40.5858804, -73.8231933)"
1063,40.7577322,-73.9968524,"(40.7577322, -73.9968524)"
1066,40.7859079,-73.8002861,"(40.7859079, -73.8002861)"
1067,40.6899325,-73.9814728,"(40.6899325, -73.9814728)"
1071,40.7294827,-73.9720896,"(40.7294827, -73.9720896)"
1072,40.8177695,-73.8144519,"(40.8177695, -73.8144519)"
1073,40.7133793,-73.8596555,"(40.7133793, -73.8596555)"
1074,40.8491541,-73.9173319,"(40.8491541, -73.9173319)"
1075,40.6745753,-73.9220474,"(40.6745753, -73.9220474)"
1076,40.6723151,-73.8035911,"(40.6723151, -73.8035911)"
1077,40.6841507,-73.8847976,"(40.6841507, -73.8847976)"
1078,40.6493874,-73.9084007,"(40.6493874, -73.9084007)"
1079,40.733882,-73.7139635,"(40.733882, -73.7139635)"
1080,40.6798994,-73.7475592,"(40.6798994, -73.7475592)"
1081,40.8732603,-73.8692978,"(40.8732603, -73.8692978)"
1082,40.5878567,-74.1656795,"(40.5878567, -74.1656795)"
1083,40.6022727,-73.7533553,"(40.6022727, -73.7533553)"
1084,40.7794977,-73.9555841,"(40.7794977, -73.9555841)"
1085,40.7061417,-74.0060197,"(40.7061417, -74.0060197)"
1086,40.6148004,-73.9876529,"(40.6148004, -73.9876529)"
1087,40.6405903,-73.9542821,"(40.6405903, -73.9542821)"
1088,40.7595273,-73.999242,"(40.7595273, -73.999242)"
1089,40.8584174,-73.8851356,"(40.8584174, -73.8851356)"
1090,40.7762763,-73.9579367,"(40.7762763, -73.9579367)"
1091,40.8884565,-73.841962,"(40.8884565, -73.841962)"
1092,40.6869823,-73.7597018,"(40.6869823, -73.7597018)"
1093,40.8842556,-73.8875863,"(40.8842556, -73.8875863)"
1094,40.8660476,-73.8720598,"(40.8660476, -73.8720598)"
1095,40.6590605,-73.871617,"(40.6590605, -73.871617)"
1096,40.7601586,-74.0026387,"(40.7601586, -74.0026387)"
1097,40.8712851,-73.858487,"(40.8712851, -73.858487)"
1099,40.6895074,-73.9701325,"(40.6895074, -73.9701325)"
1100,40.8949783,-73.8463702,"(40.8949783, -73.8463702)"
1101,40.738505,-73.9917978,"(40.738505, -73.9917978)"
1102,40.682243,-73.8222131,"(40.682243, -73.8222131)"
1103,40.7379231,-73.7055743,"(40.7379231, -73.7055743)"
1104,40.6742005,-73.999975,"(40.6742005, -73.999975)"
1105,40.852863,-73.9009236,"(40.852863, -73.9009236)"
1107,40.8463591,-73.844621,"(40.8463591, -73.844621)"
1108,40.6981895,-73.9618989,"(40.6981895, -73.9618989)"
1111,40.8676918,-73.9212136,"(40.8676918, -73.9212136)"
1112,40.6627814,-73.8808552,"(40.6627814, -73.8808552)"
1113,40.7417142,-73.9063323,"(40.7417142, -73.9063323)"
1114,40.7747353,-73.9881756,"(40.7747353, -73.9881756)"
1115,40.818174,-73.9564831,"(40.818174, -73.9564831)"
1116,40.6487213,-73.9649038,"(40.6487213, -73.9649038)"
1120,40.6835142,-73.9759509,"(40.6835142, -73.9759509)"
1122,40.5467083,-74.1991198,"(40.5467083, -74.1991198)"
1123,40.5859406,-74.0926175,"(40.5859406, -74.0926175)"
1124,40.7334973,-73.8703694,"(40.7334973, -73.8703694)"
1125,40.5580223,-74.1373946,"(40.5580223, -74.1373946)"
1128,40.7521904,-73.9934636,"(40.7521904, -73.9934636)"
1129,40.7100794,-74.016383,"(40.7100794, -74.016383)"
1130,40.5316414,-74.1946897,"(40.5316414, -74.1946897)"
1132,40.6526268,-74.0061627,"(40.6526268, -74.0061627)"
1133,40.752316,-73.9859454,"(40.752316, -73.9859454)"
1134,40.758464,-73.8783161,"(40.758464, -73.8783161)"
1135,40.6979337,-73.8920009,"(40.6979337, -73.8920009)"
1138,40.8571185,-73.8990664,"(40.8571185, -73.8990664)"
1139,40.5925183,-73.9326139,"(40.5925183, -73.9326139)"
1140,40.7046174,-73.7717893,"(40.7046174, -73.7717893)"
1141,40.6958928,-73.9955463,"(40.6958928, -73.9955463)"
1142,40.6066777,-74.1318909,"(40.6066777, -74.1318909)"
1145,40.6318384,-73.944629,"(40.6318384, -73.944629)"
1146,40.6250796,-73.9623189,"(40.6250796, -73.9623189)"
1147,40.8068402,-73.9274915,"(40.8068402, -73.9274915)"
1148,40.6844232,-73.978388,"(40.6844232, -73.978388)"
1149,40.6224004,-73.9366363,"(40.6224004, -73.9366363)"
1150,40.7628071,-73.9931557,"(40.7628071, -73.9931557)"
1151,40.7202914,-73.9572253,"(40.7202914, -73.9572253)"
1152,40.6980388,-73.9628402,"(40.6980388, -73.9628402)"
1153,40.8291633,-73.9372668,"(40.8291633, -73.9372668)"
1154,40.6702411,-73.9069986,"(40.6702411, -73.9069986)"
1155,40.7524109,-73.9783479,"(40.7524109, -73.9783479)"
1157,40.7031321,-73.8167895,"(40.7031321, -73.8167895)"
1158,40.6781627,-73.8974769,"(40.6781627, -73.8974769)"
1159,40.8631133,-73.9206117,"(40.8631133, -73.9206117)"
1160,40.7730328,-73.9821971,"(40.7730328, -73.9821971)"
1161,40.7895799,-73.7841354,"(40.7895799, -73.7841354)"
1162,40.6441971,-73.9546652,"(40.6441971, -73.9546652)"
1163,40.6764962,-73.9136956,"(40.6764962, -73.9136956)"
1164,40.7435523,-73.732447,"(40.7435523, -73.732447)"
1165,40.8631133,-73.9206117,"(40.8631133, -73.9206117)"
1166,40.766852,-73.9537478,"(40.766852, -73.9537478)"
1168,40.766359,-73.8875543,"(40.766359, -73.8875543)"
1169,40.6397751,-73.9194145,"(40.6397751, -73.9194145)"
1170,40.7001228,-73.9062104,"(40.7001228, -73.9062104)"
1171,40.7036898,-73.9846248,"(40.7036898, -73.9846248)"
1172,40.7953118,-73.9359119,"(40.7953118, -73.9359119)"
1173,40.6763934,-73.9718868,"(40.6763934, -73.9718868)"
1174,40.746355,-73.9161602,"(40.746355, -73.9161602)"
1175,40.8382406,-73.8766813,"(40.8382406, -73.8766813)"
1176,40.73361,-73.9238405,"(40.73361, -73.9238405)"
1177,40.6189846,-74.1060883,"(40.6189846, -74.1060883)"
1178,40.6121211,-73.9190085,"(40.6121211, -73.9190085)"
1179,40.6653403,-73.7548163,"(40.6653403, -73.7548163)"
1180,40.7395116,-73.9847429,"(40.7395116, -73.9847429)"
1181,40.8335582,-73.8577325,"(40.8335582, -73.8577325)"
1182,40.8602661,-73.9016319,"(40.8602661, -73.9016319)"
1183,40.7425878,-73.9804117,"(40.7425878, -73.9804117)"
1184,40.6691867,-73.8747805,"(40.6691867, -73.8747805)"
1185,40.7105932,-73.9547354,"(40.7105932, -73.9547354)"
1186,40.6085521,-74.1321503,"(40.6085521, -74.1321503)"
1187,40.774809,-73.9844135,"(40.774809, -73.9844135)"
1188,40.764627,-73.9955453,"(40.764627, -73.9955453)"
1189,40.7559096,-73.9944667,"(40.7559096, -73.9944667)"
1190,40.6485398,-73.9242472,"(40.6485398, -73.9242472)"
1191,40.7475353,-74.007828,"(40.7475353, -74.007828)"
1192,40.6510057,-73.9457051,"(40.6510057, -73.9457051)"
1194,40.7563515,-74.0054034,"(40.7563515, -74.0054034)"
1195,40.8126915,-73.9531271,"(40.8126915, -73.9531271)"
1198,40.7302934,-73.8559144,"(40.7302934, -73.8559144)"
1199,40.6936625,-73.8521639,"(40.6936625, -73.8521639)"
1200,40.7355527,-73.9347786,"(40.7355527, -73.9347786)"
1201,40.6729475,-73.9674578,"(40.6729475, -73.9674578)"
1202,40.7180767,-73.9751029,"(40.7180767, -73.9751029)"
1203,40.6423846,-73.9804195,"(40.6423846, -73.9804195)"
1205,40.7238812,-73.9969515,"(40.7238812, -73.9969515)"
1206,40.7612438,-73.7827748,"(40.7612438, -73.7827748)"
1207,40.613056,-73.917563,"(40.613056, -73.917563)"
1208,40.7973092,-73.9344544,"(40.7973092, -73.9344544)"
1210,40.6570526,-73.7674576,"(40.6570526, -73.7674576)"
1211,40.8509074,-73.9382837,"(40.8509074, -73.9382837)"
1212,40.8141742,-73.9342975,"(40.8141742, -73.9342975)"
1213,40.6093576,-74.0626491,"(40.6093576, -74.0626491)"
1214,40.6443057,-73.9517859,"(40.6443057, -73.9517859)"
1215,40.6319531,-74.1466618,"(40.6319531, -74.1466618)"
1216,40.6916242,-73.942661,"(40.6916242, -73.942661)"
1217,40.762658,-73.8732511,"(40.762658, -73.8732511)"
1219,40.730946,-74.0067364,"(40.730946, -74.0067364)"
1220,40.8024442,-73.9388307,"(40.8024442, -73.9388307)"
1221,40.653267,-73.9392594,"(40.653267, -73.9392594)"
1222,40.7309116,-73.860831,"(40.7309116, -73.860831)"
1224,40.6959971,-73.9696298,"(40.6959971, -73.9696298)"
1225,40.7509908,-73.9906233,"(40.7509908, -73.9906233)"
1227,40.691597,-73.9914466,"(40.691597, -73.9914466)"
1228,40.7967405,-73.9292434,"(40.7967405, -73.9292434)"
1229,40.7107977,-73.7826614,"(40.7107977, -73.7826614)"
1230,40.7446518,-73.8830149,"(40.7446518, -73.8830149)"
1231,40.6662948,-73.7989819,"(40.6662948, -73.7989819)"
1233,40.7530822,-73.7820001,"(40.7530822, -73.7820001)"
1234,40.7319824,-73.9819663,"(40.7319824, -73.9819663)"
1235,40.7750766,-73.7882682,"(40.7750766, -73.7882682)"
1236,40.6541334,-73.9123297,"(40.6541334, -73.9123297)"
1237,40.7242645,-73.9374387,"(40.7242645, -73.9374387)"
1238,40.7621739,-73.7567868,"(40.7621739, -73.7567868)"
1239,40.7126973,-73.9005944,"(40.7126973, -73.9005944)"
1240,40.682537,-73.9500096,"(40.682537, -73.9500096)"
1241,40.8701843,-73.8855166,"(40.8701843, -73.8855166)"
1242,40.753636,-73.918923,"(40.753636, -73.918923)"
1243,40.6773132,-73.8991258,"(40.6773132, -73.8991258)"
1244,40.7646223,-73.7930269,"(40.7646223, -73.7930269)"
1245,40.6095141,-73.9895663,"(40.6095141, -73.9895663)"
1246,40.6684609,-73.9422844,"(40.6684609, -73.9422844)"
1247,40.6307461,-73.977166,"(40.6307461, -73.977166)"
1248,40.6840001,-73.9503006,"(40.6840001, -73.9503006)"
1249,40.674175,-73.8197435,"(40.674175, -73.8197435)"
1251,40.7113923,-74.0085993,"(40.7113923, -74.0085993)"
1253,40.6923175,-73.8608971,"(40.6923175, -73.8608971)"
1254,40.7403945,-73.9790771,"(40.7403945, -73.9790771)"
1256,40.739659,-73.817832,"(40.739659, -73.817832)"
1257,40.8091071,-73.9228869,"(40.8091071, -73.9228869)"
1258,40.6784123,-73.9791074,"(40.6784123, -73.9791074)"
1259,40.7707422,-73.9945485,"(40.7707422, -73.9945485)"
1260,40.7992856,-73.9453602,"(40.7992856, -73.9453602)"
1261,40.6339615,-74.0147538,"(40.6339615, -74.0147538)"
1262,40.7581766,-73.924054,"(40.7581766, -73.924054)"
1263,40.7646768,-73.8851276,"(40.7646768, -73.8851276)"
1264,40.6803732,-73.9865339,"(40.6803732, -73.9865339)"
1265,40.8725024,-73.9021454,"(40.8725024, -73.9021454)"
1266,40.8439417,-73.9390239,"(40.8439417, -73.9390239)"
1267,40.7769576,-73.9595466,"(40.7769576, -73.9595466)"
1268,40.8705843,-73.9026508,"(40.8705843, -73.9026508)"
1269,40.8406104,-73.8541865,"(40.8406104, -73.8541865)"
1271,40.7133332,-73.9130382,"(40.7133332, -73.9130382)"
1272,40.654313,-73.9175769,"(40.654313, -73.9175769)"
1273,40.7967405,-73.9292434,"(40.7967405, -73.9292434)"
1274,40.6777156,-73.935859,"(40.6777156, -73.935859)"
1275,40.8301435,-73.9285718,"(40.8301435, -73.9285718)"
1276,40.7635887,-73.9714096,"(40.7635887, -73.9714096)"
1277,40.8036997,-73.9358171,"(40.8036997, -73.9358171)"
1278,40.615693,-73.9936499,"(40.615693, -73.9936499)"
1280,40.666439,-73.8347735,"(40.666439, -73.8347735)"
1283,40.6414705,-73.9593765,"(40.6414705, -73.9593765)"
1285,40.7558527,-73.8825801,"(40.7558527, -73.8825801)"
1286,40.7699819,-73.994646,"(40.7699819, -73.994646)"
1287,40.677771,-73.863909,"(40.677771, -73.863909)"
1288,40.7203078,-73.9442994,"(40.7203078, -73.9442994)"
1289,40.7395228,-73.9868503,"(40.7395228, -73.9868503)"
1290,40.608466,-73.9562993,"(40.608466, -73.9562993)"
1291,40.7440316,-73.8586815,"(40.7440316, -73.8586815)"
1292,40.5786236,-74.1016683,"(40.5786236, -74.1016683)"
1293,40.703339,-73.7666542,"(40.703339, -73.7666542)"
1294,40.7335892,-74.0073428,"(40.7335892, -74.0073428)"
1295,40.7332923,-73.9871799,"(40.7332923, -73.9871799)"
1296,40.6695476,-73.9116642,"(40.6695476, -73.9116642)"
1297,40.7557958,-73.9357983,"(40.7557958, -73.9357983)"
1298,40.8827095,-73.8812458,"(40.8827095, -73.8812458)"
1299,40.6769384,-73.9218247,"(40.6769384, -73.9218247)"
1300,40.7636578,-73.9734636,"(40.7636578, -73.9734636)"
1301,40.670658,-73.9579745,"(40.670658, -73.9579745)"
1302,40.7165417,-73.9969843,"(40.7165417, -73.9969843)"
1303,40.6717503,-73.8968415,"(40.6717503, -73.8968415)"
1304,40.5974199,-74.0683525,"(40.5974199, -74.0683525)"
1307,40.8371546,-73.9178491,"(40.8371546, -73.9178491)"
1308,40.8116555,-73.9168366,"(40.8116555, -73.9168366)"
1309,40.656762,-73.9601349,"(40.656762, -73.9601349)"
1310,40.7597856,-73.976288,"(40.7597856, -73.976288)"
1311,40.8928522,-73.8556633,"(40.8928522, -73.8556633)"
1312,40.7006058,-73.7270606,"(40.7006058, -73.7270606)"
1313,40.7216223,-74.0022079,"(40.7216223, -74.0022079)"
1314,40.8380117,-73.8732802,"(40.8380117, -73.8732802)"
1315,40.6516058,-73.9332966,"(40.6516058, -73.9332966)"
1316,40.6931206,-73.8313291,"(40.6931206, -73.8313291)"
1317,40.7585332,-73.9888427,"(40.7585332, -73.9888427)"
1318,40.7401843,-73.986363,"(40.7401843, -73.986363)"
1319,40.7669823,-73.916896,"(40.7669823, -73.916896)"
1320,40.6561603,-73.7673526,"(40.6561603, -73.7673526)"
1321,40.6912281,-73.9821324,"(40.6912281, -73.9821324)"
1322,40.6601602,-73.7557869,"(40.6601602, -73.7557869)"
1323,40.7558009,-73.8653449,"(40.7558009, -73.8653449)"
1324,40.7265052,-73.7556997,"(40.7265052, -73.7556997)"
1326,40.6588998,-73.8417886,"(40.6588998, -73.8417886)"
1327,40.8613524,-73.8977368,"(40.8613524, -73.8977368)"
1328,40.7353745,-73.9352334,"(40.7353745, -73.9352334)"
1329,40.8073888,-73.8808023,"(40.8073888, -73.8808023)"
1332,40.7233076,-74.00298,"(40.7233076, -74.00298)"
1333,40.5545133,-74.1816718,"(40.5545133, -74.1816718)"
1334,40.7469456,-73.7189455,"(40.7469456, -73.7189455)"
1335,40.7885272,-73.8111677,"(40.7885272, -73.8111677)"
1336,40.6719975,-73.8774104,"(40.6719975, -73.8774104)"
1337,40.6909932,-73.9917423,"(40.6909932, -73.9917423)"
1338,40.7238356,-73.9735639,"(40.7238356, -73.9735639)"
1339,40.6126918,-73.9826576,"(40.6126918, -73.9826576)"
1340,40.546255,-74.1588658,"(40.546255, -74.1588658)"
1341,40.7765469,-73.9237586,"(40.7765469, -73.9237586)"
1342,40.7488634,-73.8927087,"(40.7488634, -73.8927087)"
1343,40.8847113,-73.8313023,"(40.8847113, -73.8313023)"
1344,40.7357962,-74.0015516,"(40.7357962, -74.0015516)"
1345,40.7708252,-73.9031901,"(40.7708252, -73.9031901)"
1346,40.6670166,-73.9312914,"(40.6670166, -73.9312914)"
1347,40.7492637,-73.8684584,"(40.7492637, -73.8684584)"
1349,40.6511569,-73.9181358,"(40.6511569, -73.9181358)"
1350,40.7242353,-73.9977848,"(40.7242353, -73.9977848)"
1351,40.6287342,-74.0745126,"(40.6287342, -74.0745126)"
1352,40.7150376,-73.9968076,"(40.7150376, -73.9968076)"
1353,40.6075582,-74.0871048,"(40.6075582, -74.0871048)"
1354,40.7489641,-73.8917522,"(40.7489641, -73.8917522)"
1355,40.7986267,-73.9395205,"(40.7986267, -73.9395205)"
1356,40.8230413,-73.881916,"(40.8230413, -73.881916)"
1358,40.871814,-73.8555499,"(40.871814, -73.8555499)"
1359,40.8782895,-73.8700582,"(40.8782895, -73.8700582)"
1360,40.7181445,-73.9938277,"(40.7181445, -73.9938277)"
1361,40.7926227,-73.8444611,"(40.7926227, -73.8444611)"
1362,40.5640425,-74.1872692,"(40.5640425, -74.1872692)"
1363,40.6801934,-73.740268,"(40.6801934, -73.740268)"
1364,40.6333475,-73.9938643,"(40.6333475, -73.9938643)"
1365,40.7092612,-73.7648156,"(40.7092612, -73.7648156)"
1366,40.6760158,-73.893976,"(40.6760158, -73.893976)"
1367,40.7264342,-73.8894389,"(40.7264342, -73.8894389)"
1368,40.832686,-73.9396774,"(40.832686, -73.9396774)"
1369,40.7657317,-73.9264388,"(40.7657317, -73.9264388)"
1370,40.8617006,-73.8913807,"(40.8617006, -73.8913807)"
1371,40.6751743,-73.9846999,"(40.6751743, -73.9846999)"
1372,40.8609401,-73.8225777,"(40.8609401, -73.8225777)"
1373,40.6004428,-74.1629451,"(40.6004428, -74.1629451)"
1374,40.6055989,-73.9595748,"(40.6055989, -73.9595748)"
1376,40.6811758,-73.7513653,"(40.6811758, -73.7513653)"
1377,40.733034,-73.9844413,"(40.733034, -73.9844413)"
1378,40.7572323,-73.9897922,"(40.7572323, -73.9897922)"
1379,40.6649302,-73.9143918,"(40.6649302, -73.9143918)"
1380,40.6305808,-73.8859004,"(40.6305808, -73.8859004)"
1381,40.6898703,-73.9882988,"(40.6898703, -73.9882988)"
1382,40.6754631,-73.7338404,"(40.6754631, -73.7338404)"
1383,40.6982595,-73.7439194,"(40.6982595, -73.7439194)"
1384,40.7118451,-73.8597598,"(40.7118451, -73.8597598)"
1385,40.6258233,-73.9276125,"(40.6258233, -73.9276125)"
1386,40.7087666,-73.9981083,"(40.7087666, -73.9981083)"
1387,40.7477688,-74.000397,"(40.7477688, -74.000397)"
1388,40.8761724,-73.849028,"(40.8761724, -73.849028)"
1389,40.7627471,-73.8332862,"(40.7627471, -73.8332862)"
1390,40.6105113,-74.0957491,"(40.6105113, -74.0957491)"
1391,40.6306656,-73.9633713,"(40.6306656, -73.9633713)"
1392,40.6241708,-73.9704715,"(40.6241708, -73.9704715)"
1393,40.727214,-73.7259993,"(40.727214, -73.7259993)"
1394,40.694578,-73.9561419,"(40.694578, -73.9561419)"
1395,40.7450578,-73.9786065,"(40.7450578, -73.9786065)"
1396,40.6915381,-73.99911,"(40.6915381, -73.99911)"
1397,40.7497247,-73.9836217,"(40.7497247, -73.9836217)"
1398,40.6938208,-73.726927,"(40.6938208, -73.726927)"
1399,40.5952978,-74.1618991,"(40.5952978, -74.1618991)"
1400,40.6543095,-74.0044185,"(40.6543095, -74.0044185)"
1401,40.6699763,-73.9198791,"(40.6699763, -73.9198791)"
1402,40.7972169,-73.9699144,"(40.7972169, -73.9699144)"
1403,40.7572855,-73.9781153,"(40.7572855, -73.9781153)"
1404,40.7354974,-73.8697016,"(40.7354974, -73.8697016)"
1406,40.7165581,-73.8286787,"(40.7165581, -73.8286787)"
1407,40.6763035,-73.8024703,"(40.6763035, -73.8024703)"
1408,40.7187947,-73.9890116,"(40.7187947, -73.9890116)"
1409,40.8433626,-73.8451738,"(40.8433626, -73.8451738)"
1410,40.7410552,-73.9978601,"(40.7410552, -73.9978601)"
1411,40.8043758,-73.9374202,"(40.8043758, -73.9374202)"
1412,40.8858784,-73.9002378,"(40.8858784, -73.9002378)"
1413,40.6716843,-73.7564656,"(40.6716843, -73.7564656)"
1415,40.7256184,-73.8510251,"(40.7256184, -73.8510251)"
1416,40.8653123,-73.9033237,"(40.8653123, -73.9033237)"
1417,40.6865177,-73.9674944,"(40.6865177, -73.9674944)"
1418,40.6774132,-73.9303181,"(40.6774132, -73.9303181)"
1419,40.6299872,-73.9715677,"(40.6299872, -73.9715677)"
1420,40.7284127,-73.9942525,"(40.7284127, -73.9942525)"
1421,40.674175,-73.8197435,"(40.674175, -73.8197435)"
1422,40.7310195,-73.9859102,"(40.7310195, -73.9859102)"
1423,40.6246549,-73.9993192,"(40.6246549, -73.9993192)"
1424,40.8227566,-73.9114681,"(40.8227566, -73.9114681)"
1425,40.7117175,-73.7902153,"(40.7117175, -73.7902153)"
1426,40.698351,-73.9227445,"(40.698351, -73.9227445)"
1428,40.6657392,-73.7519309,"(40.6657392, -73.7519309)"
1429,40.6135386,-73.9168061,"(40.6135386, -73.9168061)"
1430,40.8796397,-73.858227,"(40.8796397, -73.858227)"
1431,40.7758307,-73.806593,"(40.7758307, -73.806593)"
1432,40.8654483,-73.8663413,"(40.8654483, -73.8663413)"
1433,40.5882789,-73.9514952,"(40.5882789, -73.9514952)"
1434,40.7624369,-73.7723673,"(40.7624369, -73.7723673)"
1435,40.6687309,-73.8558419,"(40.6687309, -73.8558419)"
1436,40.5450521,-74.2192966,"(40.5450521, -74.2192966)"
1438,40.6334134,-74.0045504,"(40.6334134, -74.0045504)"
1439,40.6265134,-74.023852,"(40.6265134, -74.023852)"
1440,40.7269581,-74.0034456,"(40.7269581, -74.0034456)"
1442,40.8618642,-73.9127392,"(40.8618642, -73.9127392)"
1443,40.7331775,-73.7457008,"(40.7331775, -73.7457008)"
1444,40.7056666,-73.8184645,"(40.7056666, -73.8184645)"
1445,40.7460038,-73.9942618,"(40.7460038, -73.9942618)"
1447,40.5969839,-73.9074755,"(40.5969839, -73.9074755)"
1448,40.7677355,-73.9184943,"(40.7677355, -73.9184943)"
1449,40.7602845,-73.7693497,"(40.7602845, -73.7693497)"
1450,40.6583569,-73.873251,"(40.6583569, -73.873251)"
1451,40.7466701,-73.9478358,"(40.7466701, -73.9478358)"
1452,40.6673505,-73.7699326,"(40.6673505, -73.7699326)"
1453,40.6666971,-73.7671284,"(40.6666971, -73.7671284)"
1455,40.7625822,-74.0003863,"(40.7625822, -74.0003863)"
1456,40.6775205,-73.9108136,"(40.6775205, -73.9108136)"
1457,40.6382692,-73.975488,"(40.6382692, -73.975488)"
1458,40.7229337,-73.9886394,"(40.7229337, -73.9886394)"
1459,40.8445011,-73.8620535,"(40.8445011, -73.8620535)"
1460,40.6792953,-73.737636,"(40.6792953, -73.737636)"
1461,40.7578088,-73.9735237,"(40.7578088, -73.9735237)"
1462,40.7276193,-73.8468751,"(40.7276193, -73.8468751)"
1463,40.6236815,-74.1246982,"(40.6236815, -74.1246982)"
1464,40.6894449,-73.9551212,"(40.6894449, -73.9551212)"
1465,40.8420551,-73.8686978,"(40.8420551, -73.8686978)"
1466,40.7591644,-73.9883913,"(40.7591644, -73.9883913)"
1467,40.7496708,-73.9952973,"(40.7496708, -73.9952973)"
1468,40.5604755,-74.1668892,"(40.5604755, -74.1668892)"
1469,40.5779945,-73.9596347,"(40.5779945, -73.9596347)"
1472,40.6541552,-73.8386356,"(40.6541552, -73.8386356)"
1473,40.7470979,-73.9834455,"(40.7470979, -73.9834455)"
1475,40.7572323,-73.9897922,"(40.7572323, -73.9897922)"
1477,40.6685062,-73.9256052,"(40.6685062, -73.9256052)"
1478,40.880467,-73.8838318,"(40.880467, -73.8838318)"
1479,40.6519753,-73.8654089,"(40.6519753, -73.8654089)"
1480,40.6757537,-73.971422,"(40.6757537, -73.971422)"
1482,40.6701928,-73.8896774,"(40.6701928, -73.8896774)"
1483,40.6355077,-73.956242,"(40.6355077, -73.956242)"
1484,40.7246918,-73.7540928,"(40.7246918, -73.7540928)"
1485,40.6853847,-73.8197276,"(40.6853847, -73.8197276)"
1486,40.7206259,-73.9949711,"(40.7206259, -73.9949711)"
1487,40.718309,-73.9908443,"(40.718309, -73.9908443)"
1488,40.8729592,-73.8749391,"(40.8729592, -73.8749391)"
1489,40.7114306,-73.7284402,"(40.7114306, -73.7284402)"
1490,40.6582048,-73.7539631,"(40.6582048, -73.7539631)"
1491,40.6462644,-73.912686,"(40.6462644, -73.912686)"
1492,40.8478982,-73.9452163,"(40.8478982, -73.9452163)"
1493,40.7269737,-73.9857379,"(40.7269737, -73.9857379)"
1494,40.8378662,-73.8635562,"(40.8378662, -73.8635562)"
1495,40.8494102,-73.9008853,"(40.8494102, -73.9008853)"
1496,40.6643433,-73.9315393,"(40.6643433, -73.9315393)"
1497,40.6926194,-73.747868,"(40.6926194, -73.747868)"
1498,40.8561064,-73.9064532,"(40.8561064, -73.9064532)"
1499,40.8133812,-73.9654116,"(40.8133812, -73.9654116)"
1500,40.7666318,-73.8890253,"(40.7666318, -73.8890253)"
1501,40.7537307,-73.8850382,"(40.7537307, -73.8850382)"
1503,40.6580097,-73.9207657,"(40.6580097, -73.9207657)"
1504,40.7999853,-73.9448468,"(40.7999853, -73.9448468)"
1506,40.680111,-73.9254805,"(40.680111, -73.9254805)"
1507,40.687076,-73.9235436,"(40.687076, -73.9235436)"
1508,40.7345334,-73.9922674,"(40.7345334, -73.9922674)"
1509,40.8571285,-73.8807926,"(40.8571285, -73.8807926)"
1510,40.762025,-74.0011515,"(40.762025, -74.0011515)"
1511,40.8564205,-73.8892023,"(40.8564205, -73.8892023)"
1512,40.5779081,-73.9435362,"(40.5779081, -73.9435362)"
1513,40.7210251,-73.9810854,"(40.7210251, -73.9810854)"
1514,40.7550334,-73.9866379,"(40.7550334, -73.9866379)"
1516,40.6814763,-73.7277536,"(40.6814763, -73.7277536)"
1518,40.884735,-73.8156998,"(40.884735, -73.8156998)"
1519,40.7404431,-74.0020208,"(40.7404431, -74.0020208)"
1520,40.7000328,-73.9069787,"(40.7000328, -73.9069787)"
1522,40.737222,-73.9813911,"(40.737222, -73.9813911)"
1523,40.8659249,-73.8859361,"(40.8659249, -73.8859361)"
1525,40.7656139,-73.9606907,"(40.7656139, -73.9606907)"
1527,40.7042012,-73.8152441,"(40.7042012, -73.8152441)"
1528,40.655496,-73.8883178,"(40.655496, -73.8883178)"
1529,40.6661807,-73.9059698,"(40.6661807, -73.9059698)"
1530,40.7210624,-73.9981962,"(40.7210624, -73.9981962)"
1531,40.6710856,-73.7683063,"(40.6710856, -73.7683063)"
1532,40.7050924,-73.7906942,"(40.7050924, -73.7906942)"
1534,40.8948734,-73.8565596,"(40.8948734, -73.8565596)"
1535,40.7229337,-73.9886394,"(40.7229337, -73.9886394)"
1536,40.7563391,-73.8779302,"(40.7563391, -73.8779302)"
1537,40.7197624,-73.9447576,"(40.7197624, -73.9447576)"
1538,40.7596199,-73.9619648,"(40.7596199, -73.9619648)"
1539,40.828302,-73.9244654,"(40.828302, -73.9244654)"
1540,40.7047636,-73.9199563,"(40.7047636, -73.9199563)"
1541,40.5610915,-74.1698275,"(40.5610915, -74.1698275)"
1542,40.6489241,-73.9493717,"(40.6489241, -73.9493717)"
1543,40.789528,-73.820422,"(40.789528, -73.820422)"
1544,40.6691243,-73.914509,"(40.6691243, -73.914509)"
1546,40.7586447,-73.9813418,"(40.7586447, -73.9813418)"
1547,40.8461057,-73.9360798,"(40.8461057, -73.9360798)"
1548,40.7203204,-73.9617203,"(40.7203204, -73.9617203)"
1549,40.753928,-73.9976034,"(40.753928, -73.9976034)"
1550,40.6671803,-73.9507529,"(40.6671803, -73.9507529)"
1551,40.8071867,-73.9242798,"(40.8071867, -73.9242798)"
1552,40.6710768,-73.7547664,"(40.6710768, -73.7547664)"
1553,40.6480692,-73.897833,"(40.6480692, -73.897833)"
1554,40.6145792,-74.022796,"(40.6145792, -74.022796)"
1555,40.8166008,-73.9427556,"(40.8166008, -73.9427556)"
1556,40.8077723,-73.9454833,"(40.8077723, -73.9454833)"
1557,40.8646639,-73.928889,"(40.8646639, -73.928889)"
1558,40.8297535,-73.8737303,"(40.8297535, -73.8737303)"
1559,40.7090732,-73.7896321,"(40.7090732, -73.7896321)"
1560,40.6902407,-73.9481865,"(40.6902407, -73.9481865)"
1561,40.7452249,-73.9211311,"(40.7452249, -73.9211311)"
1562,40.8173698,-73.9025769,"(40.8173698, -73.9025769)"
1563,40.5984187,-73.9601805,"(40.5984187, -73.9601805)"
1564,40.766359,-73.8875543,"(40.766359, -73.8875543)"
1565,40.8625976,-73.8315211,"(40.8625976, -73.8315211)"
1566,40.7579112,-73.977653,"(40.7579112, -73.977653)"
1567,40.5843463,-73.9619894,"(40.5843463, -73.9619894)"
1568,40.68424,-73.8460949,"(40.68424, -73.8460949)"
1569,40.6166991,-74.0308435,"(40.6166991, -74.0308435)"
1571,40.8727646,-73.8886326,"(40.8727646, -73.8886326)"
1572,40.7717829,-73.9654346,"(40.7717829, -73.9654346)"
1574,40.5870756,-74.1039242,"(40.5870756, -74.1039242)"
1575,40.8695471,-73.8797182,"(40.8695471, -73.8797182)"
1576,40.7476892,-74.0041684,"(40.7476892, -74.0041684)"
1577,40.7122382,-73.9571367,"(40.7122382, -73.9571367)"
1578,40.6095698,-73.81905,"(40.6095698, -73.81905)"
1580,40.8353094,-73.9439682,"(40.8353094, -73.9439682)"
1581,40.6933158,-73.92495,"(40.6933158, -73.92495)"
1582,40.5977334,-74.0673986,"(40.5977334, -74.0673986)"
1583,40.5827584,-74.1304,"(40.5827584, -74.1304)"
1584,40.8627681,-73.8434367,"(40.8627681, -73.8434367)"
1585,40.7521198,-73.9776766,"(40.7521198, -73.9776766)"
1586,40.8760226,-73.8338592,"(40.8760226, -73.8338592)"
1587,40.6432129,-74.1118779,"(40.6432129, -74.1118779)"
1588,40.7857344,-73.9764412,"(40.7857344, -73.9764412)"
1589,40.6095362,-73.7537175,"(40.6095362, -73.7537175)"
1590,40.8687496,-73.8949631,"(40.8687496, -73.8949631)"
1591,40.6534543,-73.8976086,"(40.6534543, -73.8976086)"
1592,40.679274,-73.8356509,"(40.679274, -73.8356509)"
1593,40.819641,-73.9343121,"(40.819641, -73.9343121)"
1594,40.6182043,-73.9056267,"(40.6182043, -73.9056267)"
1595,40.8404858,-73.9383657,"(40.8404858, -73.9383657)"
1596,40.5551154,-74.1607905,"(40.5551154, -74.1607905)"
1597,40.7672901,-73.9666066,"(40.7672901, -73.9666066)"
1598,40.7522294,-73.9391006,"(40.7522294, -73.9391006)"
1599,40.837194,-73.9366919,"(40.837194, -73.9366919)"
1600,40.7076601,-73.9134352,"(40.7076601, -73.9134352)"
1601,40.6312756,-73.976049,"(40.6312756, -73.976049)"
1602,40.6171168,-74.0143287,"(40.6171168, -74.0143287)"
1603,40.6048279,-74.0688031,"(40.6048279, -74.0688031)"
1604,40.6398915,-74.021615,"(40.6398915, -74.021615)"
1605,40.7301174,-73.8623119,"(40.7301174, -73.8623119)"
1606,40.6258233,-73.9276125,"(40.6258233, -73.9276125)"
1607,40.6978048,-73.9697284,"(40.6978048, -73.9697284)"
1608,40.6926482,-73.8330179,"(40.6926482, -73.8330179)"
1609,40.5342669,-74.1539735,"(40.5342669, -74.1539735)"
1610,40.7985932,-73.9335177,"(40.7985932, -73.9335177)"
1611,40.8358843,-73.8833965,"(40.8358843, -73.8833965)"
1612,40.8388747,-73.9026466,"(40.8388747, -73.9026466)"
1614,40.8587443,-73.9301173,"(40.8587443, -73.9301173)"
1615,40.8077723,-73.9454833,"(40.8077723, -73.9454833)"
1616,40.7179035,-73.8320112,"(40.7179035, -73.8320112)"
1617,40.6065466,-74.0325379,"(40.6065466, -74.0325379)"
1618,40.7029601,-74.0115051,"(40.7029601, -74.0115051)"
1619,40.7050191,-73.9494698,"(40.7050191, -73.9494698)"
1621,40.7236503,-73.991024,"(40.7236503, -73.991024)"
1622,40.76226,-73.7569828,"(40.76226, -73.7569828)"
1624,40.7367906,-73.9784973,"(40.7367906, -73.9784973)"
1625,40.7264503,-73.7563063,"(40.7264503, -73.7563063)"
1626,40.7168135,-73.9977634,"(40.7168135, -73.9977634)"
1627,40.7271816,-73.8543445,"(40.7271816, -73.8543445)"
1628,40.6524639,-73.9228481,"(40.6524639, -73.9228481)"
1629,40.7044022,-73.8939164,"(40.7044022, -73.8939164)"
1630,40.5279487,-74.2347803,"(40.5279487, -74.2347803)"
1632,40.7332161,-74.0030309,"(40.7332161, -74.0030309)"
1633,40.6121742,-73.9939671,"(40.6121742, -73.9939671)"
1635,40.6160988,-74.1310775,"(40.6160988, -74.1310775)"
1636,40.830988,-73.9113849,"(40.830988, -73.9113849)"
1637,40.8112087,-73.9068522,"(40.8112087, -73.9068522)"
1638,40.7516035,-73.9338317,"(40.7516035, -73.9338317)"
1639,40.6078301,-74.1464933,"(40.6078301, -74.1464933)"
1641,40.7180184,-73.9999567,"(40.7180184, -73.9999567)"
1642,40.7583292,-73.9689357,"(40.7583292, -73.9689357)"
1643,40.7965647,-73.9741945,"(40.7965647, -73.9741945)"
1644,40.6334692,-74.0210119,"(40.6334692, -74.0210119)"
1645,40.7271556,-74.0055454,"(40.7271556, -74.0055454)"
1646,40.6517331,-73.930381,"(40.6517331, -73.930381)"
1648,40.7565681,-73.990276,"(40.7565681, -73.990276)"
1650,40.7047985,-74.0166846,"(40.7047985, -74.0166846)"
1651,40.7558074,-73.9864031,"(40.7558074, -73.9864031)"
1652,40.6609742,-73.7657896,"(40.6609742, -73.7657896)"
1654,40.6159939,-74.1636026,"(40.6159939, -74.1636026)"
1655,40.8626444,-73.8315969,"(40.8626444, -73.8315969)"
1656,40.6306327,-74.0092229,"(40.6306327, -74.0092229)"
1657,40.7282837,-73.8294,"(40.7282837, -73.8294)"
1658,40.6480264,-74.0140775,"(40.6480264, -74.0140775)"
1659,40.8310013,-73.8265168,"(40.8310013, -73.8265168)"
1661,40.6700084,-73.9532706,"(40.6700084, -73.9532706)"
1663,40.6800498,-73.9432622,"(40.6800498, -73.9432622)"
1664,40.8173878,-73.922758,"(40.8173878, -73.922758)"
1666,40.6953784,-73.8305805,"(40.6953784, -73.8305805)"
1668,40.5548391,-74.2140459,"(40.5548391, -74.2140459)"
1669,40.5798042,-73.9718339,"(40.5798042, -73.9718339)"
1670,40.7371625,-73.8640475,"(40.7371625, -73.8640475)"
1671,40.5933231,-73.9646376,"(40.5933231, -73.9646376)"
1672,40.7452378,-73.9376959,"(40.7452378, -73.9376959)"
1673,40.73038,-73.9863758,"(40.73038, -73.9863758)"
1674,40.8082987,-73.8877291,"(40.8082987, -73.8877291)"
1675,40.7578336,-73.7373627,"(40.7578336, -73.7373627)"
1676,40.6189499,-73.9268779,"(40.6189499, -73.9268779)"
1677,40.6895826,-73.9946777,"(40.6895826, -73.9946777)"
1678,40.6375709,-74.0145672,"(40.6375709, -74.0145672)"
1679,40.6885363,-73.8309909,"(40.6885363, -73.8309909)"
1680,40.7440076,-73.9856946,"(40.7440076, -73.9856946)"
1681,40.8496854,-73.8639223,"(40.8496854, -73.8639223)"
1682,40.5993815,-73.9514043,"(40.5993815, -73.9514043)"
1685,40.7586008,-73.9182023,"(40.7586008, -73.9182023)"
1686,40.8243922,-73.836293,"(40.8243922, -73.836293)"
1687,40.7689857,-73.9106312,"(40.7689857, -73.9106312)"
1688,40.7395747,-73.8922257,"(40.7395747, -73.8922257)"
1691,40.7425878,-73.9804117,"(40.7425878, -73.9804117)"
1692,40.6321908,-74.0887727,"(40.6321908, -74.0887727)"
1693,40.7577348,-73.7940265,"(40.7577348, -73.7940265)"
1694,40.6817692,-73.9675328,"(40.6817692, -73.9675328)"
1695,40.7454414,-73.9753944,"(40.7454414, -73.9753944)"
1696,40.8093654,-73.9679589,"(40.8093654, -73.9679589)"
1697,40.7037476,-73.9544407,"(40.7037476, -73.9544407)"
1698,40.7551925,-73.9712183,"(40.7551925, -73.9712183)"
1699,40.758981,-73.9959428,"(40.758981, -73.9959428)"
1703,40.5613203,-74.123988,"(40.5613203, -74.123988)"
1704,40.7551396,-73.9221192,"(40.7551396, -73.9221192)"
1705,40.8521459,-73.9174077,"(40.8521459, -73.9174077)"
1706,40.6661202,-73.8222416,"(40.6661202, -73.8222416)"
1707,40.8408751,-73.9197853,"(40.8408751, -73.9197853)"
1708,40.8770335,-73.8463682,"(40.8770335, -73.8463682)"
1709,40.6812232,-73.9804621,"(40.6812232, -73.9804621)"
1710,40.7434703,-74.007232,"(40.7434703, -74.007232)"
1712,40.861425,-73.8280022,"(40.861425, -73.8280022)"
1713,40.7637343,-73.9620635,"(40.7637343, -73.9620635)"
1714,40.8561541,-73.8439439,"(40.8561541, -73.8439439)"
1715,40.7630088,-73.8753225,"(40.7630088, -73.8753225)"
1716,40.7522086,-73.9044191,"(40.7522086, -73.9044191)"
1717,40.6998739,-73.9404215,"(40.6998739, -73.9404215)"
1718,40.5902941,-73.9528583,"(40.5902941, -73.9528583)"
1719,40.7357423,-73.8726564,"(40.7357423, -73.8726564)"
1720,40.7437832,-73.9735076,"(40.7437832, -73.9735076)"
1721,40.7477698,-73.7686784,"(40.7477698, -73.7686784)"
1722,40.6637286,-73.9538481,"(40.6637286, -73.9538481)"
1723,40.7392682,-73.995446,"(40.7392682, -73.995446)"
1724,40.7244026,-74.0060394,"(40.7244026, -74.0060394)"
1725,40.705047,-73.9030296,"(40.705047, -73.9030296)"
1728,40.6722935,-73.913117,"(40.6722935, -73.913117)"
1729,40.6977164,-73.967727,"(40.6977164, -73.967727)"
1730,40.5869192,-73.9638597,"(40.5869192, -73.9638597)"
1732,40.7140523,-73.7780011,"(40.7140523, -73.7780011)"
1733,40.7526127,-73.7922882,"(40.7526127, -73.7922882)"
1734,40.7200658,-73.8408498,"(40.7200658, -73.8408498)"
1735,40.6501456,-74.0050741,"(40.6501456, -74.0050741)"
1736,40.7360047,-73.9936167,"(40.7360047, -73.9936167)"
1738,40.7442824,-73.8617774,"(40.7442824, -73.8617774)"
1739,40.6898305,-73.9786242,"(40.6898305, -73.9786242)"
1740,40.633084,-74.0055664,"(40.633084, -74.0055664)"
1741,40.6572025,-74.0046782,"(40.6572025, -74.0046782)"
1742,40.6357409,-74.0260387,"(40.6357409, -74.0260387)"
1743,40.7619707,-73.9253817,"(40.7619707, -73.9253817)"
1744,40.7075733,-73.8361871,"(40.7075733, -73.8361871)"
1745,40.8880176,-73.8637281,"(40.8880176, -73.8637281)"
1746,40.6677381,-73.8266062,"(40.6677381, -73.8266062)"
1747,40.7445322,-73.9888703,"(40.7445322, -73.9888703)"
1748,40.7089689,-73.956722,"(40.7089689, -73.956722)"
1749,40.7986223,-73.9416189,"(40.7986223, -73.9416189)"
1750,40.736669,-73.9973406,"(40.736669, -73.9973406)"
1751,40.6277228,-73.9422728,"(40.6277228, -73.9422728)"
1752,40.7603501,-73.942443,"(40.7603501, -73.942443)"
1753,40.8283988,-73.9452966,"(40.8283988, -73.9452966)"
1754,40.6574059,-73.7450601,"(40.6574059, -73.7450601)"
1755,40.6531978,-74.0055789,"(40.6531978, -74.0055789)"
1756,40.757233,-73.976047,"(40.757233, -73.976047)"
1757,40.8776332,-73.8673763,"(40.8776332, -73.8673763)"
1758,40.6666035,-73.9565424,"(40.6666035, -73.9565424)"
1759,40.8165575,-73.9167618,"(40.8165575, -73.9167618)"
1760,40.7485397,-73.9731412,"(40.7485397, -73.9731412)"
1761,40.7566574,-73.7687089,"(40.7566574, -73.7687089)"
1762,40.8373693,-73.9469841,"(40.8373693, -73.9469841)"
1763,40.8018007,-73.9610774,"(40.8018007, -73.9610774)"
1764,40.7141646,-74.006309,"(40.7141646, -74.006309)"
1765,40.6003214,-73.9859414,"(40.6003214, -73.9859414)"
1766,40.7861742,-73.945696,"(40.7861742, -73.945696)"
1767,40.6172733,-74.160799,"(40.6172733, -74.160799)"
1768,40.8577596,-73.900938,"(40.8577596, -73.900938)"
1769,40.6111729,-73.9770106,"(40.6111729, -73.9770106)"
1770,40.673975,-73.9856988,"(40.673975, -73.9856988)"
1771,40.5796104,-74.1091109,"(40.5796104, -74.1091109)"
1772,40.5952985,-74.1103789,"(40.5952985, -74.1103789)"
1774,40.7509908,-73.9906233,"(40.7509908, -73.9906233)"
1775,40.7653551,-73.8173235,"(40.7653551, -73.8173235)"
1776,40.6686479,-73.9283482,"(40.6686479, -73.9283482)"
1777,40.8924774,-73.8544923,"(40.8924774, -73.8544923)"
1779,40.7220991,-73.7777101,"(40.7220991, -73.7777101)"
1780,40.6793681,-73.9313255,"(40.6793681, -73.9313255)"
1781,40.6260629,-73.9970172,"(40.6260629, -73.9970172)"
1782,40.8653624,-73.8704197,"(40.8653624, -73.8704197)"
1783,40.8678807,-73.899426,"(40.8678807, -73.899426)"
1784,40.7629799,-73.7279646,"(40.7629799, -73.7279646)"
1785,40.7360047,-73.9936167,"(40.7360047, -73.9936167)"
1787,40.6272891,-73.9421615,"(40.6272891, -73.9421615)"
1788,40.6676238,-73.9423608,"(40.6676238, -73.9423608)"
1789,40.6334755,-74.0299145,"(40.6334755, -74.0299145)"
1790,40.5792684,-73.9533413,"(40.5792684, -73.9533413)"
1792,40.7579729,-73.9855364,"(40.7579729, -73.9855364)"
1794,40.7485121,-73.9887144,"(40.7485121, -73.9887144)"
1795,40.7602226,-73.967462,"(40.7602226, -73.967462)"
1796,40.7269334,-73.999917,"(40.7269334, -73.999917)"
1798,40.8347557,-73.8299221,"(40.8347557, -73.8299221)"
1801,40.5342669,-74.1539735,"(40.5342669, -74.1539735)"
1802,40.6133874,-73.995984,"(40.6133874, -73.995984)"
1803,40.7024739,-73.7999209,"(40.7024739, -73.7999209)"
1804,40.7388307,-73.9831481,"(40.7388307, -73.9831481)"
1805,40.6807461,-73.842238,"(40.6807461, -73.842238)"
1806,40.7386632,-73.8102654,"(40.7386632, -73.8102654)"
1807,40.6243323,-73.9690989,"(40.6243323, -73.9690989)"
1808,40.6945792,-73.8194251,"(40.6945792, -73.8194251)"
1809,40.8412824,-73.913648,"(40.8412824, -73.913648)"
1810,40.7765625,-73.9527048,"(40.7765625, -73.9527048)"
1811,40.822689,-73.9494635,"(40.822689, -73.9494635)"
1812,40.6909209,-73.7622912,"(40.6909209, -73.7622912)"
1813,40.8486847,-73.9392147,"(40.8486847, -73.9392147)"
1814,40.6209138,-73.9752963,"(40.6209138, -73.9752963)"
1815,40.7570213,-74.004927,"(40.7570213, -74.004927)"
1816,40.746417,-73.9818325,"(40.746417, -73.9818325)"
1817,40.6224004,-73.9366363,"(40.6224004, -73.9366363)"
1818,40.8585032,-73.8678194,"(40.8585032, -73.8678194)"
1820,40.680015,-73.8774282,"(40.680015, -73.8774282)"
1821,40.6331466,-73.9235549,"(40.6331466, -73.9235549)"
1822,40.6981895,-73.9618989,"(40.6981895, -73.9618989)"
1823,40.8837991,-73.8785713,"(40.8837991, -73.8785713)"
1824,40.7819374,-73.9442713,"(40.7819374, -73.9442713)"
1825,40.742671,-73.8954505,"(40.742671, -73.8954505)"
1826,40.7404431,-74.0020208,"(40.7404431, -74.0020208)"
1828,40.6448799,-74.0174913,"(40.6448799, -74.0174913)"
1829,40.687076,-73.9235436,"(40.687076, -73.9235436)"
1830,40.7594678,-73.9399928,"(40.7594678, -73.9399928)"
1831,40.7250091,-73.8791998,"(40.7250091, -73.8791998)"
1832,40.7420646,-73.8245213,"(40.7420646, -73.8245213)"
1833,40.5952568,-73.9692276,"(40.5952568, -73.9692276)"
1834,40.8173878,-73.922758,"(40.8173878, -73.922758)"
1835,40.7371325,-73.9903293,"(40.7371325, -73.9903293)"
1836,40.6050689,-73.9791267,"(40.6050689, -73.9791267)"
1837,40.666402,-73.7507319,"(40.666402, -73.7507319)"
1838,40.5721317,-74.1080873,"(40.5721317, -74.1080873)"
1839,40.5859593,-73.9323209,"(40.5859593, -73.9323209)"
1840,40.748691,-73.8577153,"(40.748691, -73.8577153)"
1841,40.7019114,-73.936979,"(40.7019114, -73.936979)"
1842,40.7545534,-73.7431647,"(40.7545534, -73.7431647)"
1843,40.6647513,-73.8940407,"(40.6647513, -73.8940407)"
1845,40.6858574,-73.7954708,"(40.6858574, -73.7954708)"
1846,40.7630434,-73.9565264,"(40.7630434, -73.9565264)"
1847,40.7168135,-73.9977634,"(40.7168135, -73.9977634)"
1851,40.6896177,-73.727845,"(40.6896177, -73.727845)"
1852,40.6816129,-73.796396,"(40.6816129, -73.796396)"
1853,40.8701594,-73.8909872,"(40.8701594, -73.8909872)"
1854,40.7594056,-73.9851029,"(40.7594056, -73.9851029)"
1855,40.7824378,-73.7765382,"(40.7824378, -73.7765382)"
1856,40.7367523,-73.8776702,"(40.7367523, -73.8776702)"
1857,40.7468134,-74.0079578,"(40.7468134, -74.0079578)"
1858,40.7441309,-73.9270473,"(40.7441309, -73.9270473)"
1859,40.8197204,-73.9404768,"(40.8197204, -73.9404768)"
1861,40.6580713,-73.960426,"(40.6580713, -73.960426)"
1862,40.6121926,-73.9232296,"(40.6121926, -73.9232296)"
1863,40.7434286,-73.7754626,"(40.7434286, -73.7754626)"
1864,40.7019114,-73.936979,"(40.7019114, -73.936979)"
1867,40.7516035,-73.9338317,"(40.7516035, -73.9338317)"
1869,40.7611802,-73.9579029,"(40.7611802, -73.9579029)"
1871,40.7544905,-74.0067388,"(40.7544905, -74.0067388)"
1872,40.6804635,-73.9613466,"(40.6804635, -73.9613466)"
1873,40.7185558,-73.9882,"(40.7185558, -73.9882)"
1876,40.6898634,-73.9514645,"(40.6898634, -73.9514645)"
1877,40.7663065,-73.8928491,"(40.7663065, -73.8928491)"
1878,40.7515219,-73.9802214,"(40.7515219, -73.9802214)"
1879,40.836946,-73.9401036,"(40.836946, -73.9401036)"
1880,40.6678344,-73.8948325,"(40.6678344, -73.8948325)"
1881,40.6516531,-73.9173712,"(40.6516531, -73.9173712)"
1882,40.8955975,-73.8561601,"(40.8955975, -73.8561601)"
1883,40.6530177,-73.7368527,"(40.6530177, -73.7368527)"
1884,40.7472966,-73.974044,"(40.7472966, -73.974044)"
1885,40.6263638,-73.9189984,"(40.6263638, -73.9189984)"
1886,40.7572323,-73.9897922,"(40.7572323, -73.9897922)"
1887,40.7690962,-73.8336602,"(40.7690962, -73.8336602)"
1888,40.7301223,-73.989468,"(40.7301223, -73.989468)"
1889,40.7388442,-73.8140362,"(40.7388442, -73.8140362)"
1890,40.7650201,-73.9173894,"(40.7650201, -73.9173894)"
1891,40.7603532,-73.991232,"(40.7603532, -73.991232)"
1892,40.6034709,-73.9572821,"(40.6034709, -73.9572821)"
1893,40.6781106,-73.8976176,"(40.6781106, -73.8976176)"
1894,40.6017187,-74.0914222,"(40.6017187, -74.0914222)"
1896,40.7923473,-73.9525238,"(40.7923473, -73.9525238)"
1897,40.6769384,-73.9218247,"(40.6769384, -73.9218247)"
1898,40.6670166,-73.9312914,"(40.6670166, -73.9312914)"
1899,40.7953939,-73.9770683,"(40.7953939, -73.9770683)"
1900,40.7130278,-73.9544353,"(40.7130278, -73.9544353)"
1901,40.6523139,-73.9560111,"(40.6523139, -73.9560111)"
1902,40.5901115,-73.9742167,"(40.5901115, -73.9742167)"
1904,40.8578397,-73.9320414,"(40.8578397, -73.9320414)"
1905,40.733607,-73.8499464,"(40.733607, -73.8499464)"
1906,40.6281905,-74.1373085,"(40.6281905, -74.1373085)"
1907,40.7294063,-73.9945482,"(40.7294063, -73.9945482)"
1909,40.6825652,-73.8519794,"(40.6825652, -73.8519794)"
1910,40.8602786,-73.8940437,"(40.8602786, -73.8940437)"
1911,40.8371778,-73.942597,"(40.8371778, -73.942597)"
1912,40.7658813,-73.9946319,"(40.7658813, -73.9946319)"
1913,40.5755654,-73.9812022,"(40.5755654, -73.9812022)"
1914,40.6049531,-73.9654237,"(40.6049531, -73.9654237)"
1915,40.6894449,-73.9551212,"(40.6894449, -73.9551212)"
1916,40.7246634,-73.996302,"(40.7246634, -73.996302)"
1917,40.6515907,-73.9811087,"(40.6515907, -73.9811087)"
1921,40.6196053,-73.9455181,"(40.6196053, -73.9455181)"
1922,40.5978811,-73.7508761,"(40.5978811, -73.7508761)"
1923,40.6965227,-73.7815395,"(40.6965227, -73.7815395)"
1924,40.8507947,-73.8712278,"(40.8507947, -73.8712278)"
1926,40.7665729,-73.888456,"(40.7665729, -73.888456)"
1927,40.7509033,-73.9981196,"(40.7509033, -73.9981196)"
1928,40.7936059,-73.9495073,"(40.7936059, -73.9495073)"
1929,40.7362694,-73.7728608,"(40.7362694, -73.7728608)"
1930,40.7306541,-73.9830707,"(40.7306541, -73.9830707)"
1931,40.6590121,-73.8801916,"(40.6590121, -73.8801916)"
1933,40.7743679,-73.9635486,"(40.7743679, -73.9635486)"
1934,40.6844232,-73.978388,"(40.6844232, -73.978388)"
1935,40.6950223,-73.9888461,"(40.6950223, -73.9888461)"
1936,40.7221246,-73.864594,"(40.7221246, -73.864594)"
1937,40.6242945,-74.0140348,"(40.6242945, -74.0140348)"
1938,40.6500815,-73.9610074,"(40.6500815, -73.9610074)"
1939,40.6639033,-73.9399274,"(40.6639033, -73.9399274)"
1940,40.742975,-73.8143102,"(40.742975, -73.8143102)"
1941,40.6081179,-73.9295225,"(40.6081179, -73.9295225)"
1942,40.6585133,-73.9533075,"(40.6585133, -73.9533075)"
1943,40.6600305,-73.9217869,"(40.6600305, -73.9217869)"
1945,40.6341296,-73.9285006,"(40.6341296, -73.9285006)"
1946,40.8045253,-73.9515724,"(40.8045253, -73.9515724)"
1947,40.8645253,-73.9266187,"(40.8645253, -73.9266187)"
1948,40.7628522,-73.9677279,"(40.7628522, -73.9677279)"
1949,40.6857804,-73.9543917,"(40.6857804, -73.9543917)"
1950,40.7609899,-73.9733095,"(40.7609899, -73.9733095)"
1951,40.7410282,-73.9343077,"(40.7410282, -73.9343077)"
1952,40.7460318,-73.9133709,"(40.7460318, -73.9133709)"
1953,40.6750535,-73.9472285,"(40.6750535, -73.9472285)"
1954,40.7356564,-73.9095956,"(40.7356564, -73.9095956)"
1955,40.666833,-73.9849433,"(40.666833, -73.9849433)"
1956,40.7366018,-73.9818424,"(40.7366018, -73.9818424)"
1957,40.7331298,-73.7830252,"(40.7331298, -73.7830252)"
1958,40.6879349,-73.9153935,"(40.6879349, -73.9153935)"
1959,40.6417152,-73.9361062,"(40.6417152, -73.9361062)"
1960,40.8764729,-73.8705687,"(40.8764729, -73.8705687)"
1961,40.6189834,-74.1638869,"(40.6189834, -74.1638869)"
1963,40.7744934,-73.7382105,"(40.7744934, -73.7382105)"
1964,40.7518951,-73.9675888,"(40.7518951, -73.9675888)"
1965,40.5952551,-73.9734765,"(40.5952551, -73.9734765)"
1966,40.6916433,-73.8200424,"(40.6916433, -73.8200424)"
1967,40.8173893,-73.8601226,"(40.8173893, -73.8601226)"
1968,40.8501325,-73.911616,"(40.8501325, -73.911616)"
1969,40.642384,-73.9253821,"(40.642384, -73.9253821)"
1970,40.8927087,-73.8445416,"(40.8927087, -73.8445416)"
1971,40.681861,-73.9882714,"(40.681861, -73.9882714)"
1972,40.8023463,-73.9681097,"(40.8023463, -73.9681097)"
1974,40.8874462,-73.8780005,"(40.8874462, -73.8780005)"
1976,40.8326282,-73.9253747,"(40.8326282, -73.9253747)"
1977,40.7007397,-73.9949795,"(40.7007397, -73.9949795)"
1978,40.6292073,-73.9012556,"(40.6292073, -73.9012556)"
1979,40.8238497,-73.8988747,"(40.8238497, -73.8988747)"
1980,40.6435221,-74.0761506,"(40.6435221, -74.0761506)"
1981,40.6409447,-73.948513,"(40.6409447, -73.948513)"
1982,40.7350659,-73.8818373,"(40.7350659, -73.8818373)"
1984,40.7246761,-73.7951172,"(40.7246761, -73.7951172)"
1985,40.5852401,-74.0934086,"(40.5852401, -74.0934086)"
1987,40.6345745,-73.9059495,"(40.6345745, -73.9059495)"
1988,40.7840499,-73.7947323,"(40.7840499, -73.7947323)"
1989,40.7589625,-73.8298413,"(40.7589625, -73.8298413)"
1990,40.7612344,-73.9638843,"(40.7612344, -73.9638843)"
1991,40.6553118,-73.9031775,"(40.6553118, -73.9031775)"
1992,40.7755993,-73.9361511,"(40.7755993, -73.9361511)"
1993,40.6381529,-74.013962,"(40.6381529, -74.013962)"
1994,40.765394,-73.9181903,"(40.765394, -73.9181903)"
1995,40.7692723,-73.9810212,"(40.7692723, -73.9810212)"
1996,40.7489222,-73.977887,"(40.7489222, -73.977887)"
1998,40.6709379,-73.7354338,"(40.6709379, -73.7354338)"
2000,40.6885631,-73.8757069,"(40.6885631, -73.8757069)"
2001,40.7623963,-73.9786009,"(40.7623963, -73.9786009)"
2002,40.7091466,-74.0130824,"(40.7091466, -74.0130824)"
2004,40.7668758,-73.979076,"(40.7668758, -73.979076)"
2005,40.6250632,-74.1358106,"(40.6250632, -74.1358106)"
2006,40.7516035,-73.9338317,"(40.7516035, -73.9338317)"
2007,40.7342733,-73.8625956,"(40.7342733, -73.8625956)"
2008,40.8476821,-73.9123638,"(40.8476821, -73.9123638)"
2009,40.754393,-73.8010138,"(40.754393, -73.8010138)"
2010,40.7087666,-73.9981083,"(40.7087666, -73.9981083)"
2011,40.7835703,-73.947583,"(40.7835703, -73.947583)"
2012,40.6840001,-73.9503006,"(40.6840001, -73.9503006)"
2013,40.7241363,-73.9926041,"(40.7241363, -73.9926041)"
2014,40.828331,-73.8502025,"(40.828331, -73.8502025)"
2015,40.7365558,-73.7119312,"(40.7365558, -73.7119312)"
2017,40.6661202,-73.8222416,"(40.6661202, -73.8222416)"
2018,40.7630088,-73.8753225,"(40.7630088, -73.8753225)"
2019,40.7019303,-73.880998,"(40.7019303, -73.880998)"
2021,40.7218316,-73.7330491,"(40.7218316, -73.7330491)"
2023,40.6316877,-74.0217355,"(40.6316877, -74.0217355)"
2024,40.700675,-73.921631,"(40.700675, -73.921631)"
2025,40.609253,-73.9233698,"(40.609253, -73.9233698)"
2026,40.6824129,-73.8690193,"(40.6824129, -73.8690193)"
2027,40.63874,-73.8951918,"(40.63874, -73.8951918)"
2028,40.6774132,-73.9303181,"(40.6774132, -73.9303181)"
2029,40.7416914,-73.9237408,"(40.7416914, -73.9237408)"
2030,40.7204338,-73.9998665,"(40.7204338, -73.9998665)"
2031,40.7487586,-73.8733028,"(40.7487586, -73.8733028)"
2032,40.6576327,-73.8562369,"(40.6576327, -73.8562369)"
2033,40.7679971,-73.7396548,"(40.7679971, -73.7396548)"
2034,40.7617706,-73.979056,"(40.7617706, -73.979056)"
2035,40.5887591,-74.0965063,"(40.5887591, -74.0965063)"
2036,40.7915708,-73.9467714,"(40.7915708, -73.9467714)"
2037,40.723996,-73.9086301,"(40.723996, -73.9086301)"
2038,40.7154014,-73.9269272,"(40.7154014, -73.9269272)"
2039,40.8571285,-73.8807926,"(40.8571285, -73.8807926)"
2040,40.7180039,-73.986584,"(40.7180039, -73.986584)"
2041,40.6734869,-73.9729552,"(40.6734869, -73.9729552)"
2042,40.6144137,-73.9328151,"(40.6144137, -73.9328151)"
2043,40.6147887,-73.9465738,"(40.6147887, -73.9465738)"
2044,40.8179808,-73.9189169,"(40.8179808, -73.9189169)"
2045,40.6088143,-73.9729958,"(40.6088143, -73.9729958)"
2047,40.7197501,-73.9921609,"(40.7197501, -73.9921609)"
2048,40.849904,-73.8678184,"(40.849904, -73.8678184)"
2052,40.7153558,-73.9934023,"(40.7153558, -73.9934023)"
2053,40.6360756,-74.0089534,"(40.6360756, -74.0089534)"
2054,40.7631141,-73.9625151,"(40.7631141, -73.9625151)"
2055,40.6205816,-73.9963942,"(40.6205816, -73.9963942)"
2058,40.6830499,-73.9737625,"(40.6830499, -73.9737625)"
2059,40.8483929,-73.9376716,"(40.8483929, -73.9376716)"
2060,40.8334301,-73.9070741,"(40.8334301, -73.9070741)"
2061,40.7492864,-73.7566341,"(40.7492864, -73.7566341)"
2062,40.6451307,-73.9489638,"(40.6451307, -73.9489638)"
2063,40.7327574,-73.9900269,"(40.7327574, -73.9900269)"
2064,40.847246,-73.7864915,"(40.847246, -73.7864915)"
2065,40.8064149,-73.9422623,"(40.8064149, -73.9422623)"
2067,40.6145427,-74.1332788,"(40.6145427, -74.1332788)"
2068,40.7375562,-73.8508811,"(40.7375562, -73.8508811)"
2069,40.6590405,-73.8759241,"(40.6590405, -73.8759241)"
2070,40.785171,-73.9731337,"(40.785171, -73.9731337)"
2071,40.7095517,-73.9588589,"(40.7095517, -73.9588589)"
2072,40.6297943,-73.9183565,"(40.6297943, -73.9183565)"
2073,40.6723848,-73.7857391,"(40.6723848, -73.7857391)"
2074,40.8406016,-73.8412409,"(40.8406016, -73.8412409)"
2076,40.6720753,-73.9113364,"(40.6720753, -73.9113364)"
2077,40.8137456,-73.9313928,"(40.8137456, -73.9313928)"
2078,40.7199725,-73.9928968,"(40.7199725, -73.9928968)"
2079,40.6541418,-73.8873109,"(40.6541418, -73.8873109)"
2080,40.7358779,-73.9873887,"(40.7358779, -73.9873887)"
2081,40.7213971,-73.9560377,"(40.7213971, -73.9560377)"
2082,40.7353248,-73.865159,"(40.7353248, -73.865159)"
2084,40.7862848,-73.8363365,"(40.7862848, -73.8363365)"
2086,40.6588998,-73.8417886,"(40.6588998, -73.8417886)"
2087,40.6843118,-73.9541007,"(40.6843118, -73.9541007)"
2088,40.7596798,-73.8323482,"(40.7596798, -73.8323482)"
2090,40.7149937,-73.9988673,"(40.7149937, -73.9988673)"
2091,40.6877301,-73.9569865,"(40.6877301, -73.9569865)"
2092,40.816554,-73.9195436,"(40.816554, -73.9195436)"
2093,40.8232599,-73.849018,"(40.8232599, -73.849018)"
2094,40.7090991,-73.9962116,"(40.7090991, -73.9962116)"
2095,40.8674237,-73.891816,"(40.8674237, -73.891816)"
2096,40.736164,-73.8767656,"(40.736164, -73.8767656)"
2097,40.7137143,-73.9055636,"(40.7137143, -73.9055636)"
2098,40.8655497,-73.8615615,"(40.8655497, -73.8615615)"
2100,40.8539091,-73.8836288,"(40.8539091, -73.8836288)"
2101,40.7222418,-73.9862873,"(40.7222418, -73.9862873)"
2102,40.8571285,-73.8807926,"(40.8571285, -73.8807926)"
2103,40.7541077,-73.7232034,"(40.7541077, -73.7232034)"
2104,40.6273136,-73.9418156,"(40.6273136, -73.9418156)"
2105,40.7497658,-73.8028755,"(40.7497658, -73.8028755)"
2106,40.6426576,-74.0092822,"(40.6426576, -74.0092822)"
2107,40.5950222,-73.768509,"(40.5950222, -73.768509)"
2108,40.798471,-73.9690036,"(40.798471, -73.9690036)"
2109,40.5886288,-73.9483121,"(40.5886288, -73.9483121)"
2110,40.5342427,-74.2076771,"(40.5342427, -74.2076771)"
2111,40.665944,-73.8166153,"(40.665944, -73.8166153)"
2112,40.577945,-74.1023153,"(40.577945, -74.1023153)"
2113,40.7724634,-73.964936,"(40.7724634, -73.964936)"
2114,40.6112477,-74.1695913,"(40.6112477, -74.1695913)"
2115,40.818472,-73.941392,"(40.818472, -73.941392)"
2116,40.7615472,-73.8311197,"(40.7615472, -73.8311197)"
2117,40.738552,-73.9996824,"(40.738552, -73.9996824)"
2119,40.5840634,-73.9689988,"(40.5840634, -73.9689988)"
2120,40.6843888,-73.9865619,"(40.6843888, -73.9865619)"
2121,40.6351864,-73.9286112,"(40.6351864, -73.9286112)"
2122,40.7198636,-73.9448493,"(40.7198636, -73.9448493)"
2123,40.6380634,-74.1176558,"(40.6380634, -74.1176558)"
2124,40.7597301,-73.9916833,"(40.7597301, -73.9916833)"
2125,40.6354759,-73.8915579,"(40.6354759, -73.8915579)"
2126,40.7549741,-73.9765171,"(40.7549741, -73.9765171)"
2127,40.7293524,-73.9101853,"(40.7293524, -73.9101853)"
2128,40.7514187,-73.9876456,"(40.7514187, -73.9876456)"
2130,40.8810763,-73.8784859,"(40.8810763, -73.8784859)"
2131,40.589632,-73.9784871,"(40.589632, -73.9784871)"
2132,40.68343,-73.8266015,"(40.68343, -73.8266015)"
2133,40.8198214,-73.8128465,"(40.8198214, -73.8128465)"
2134,40.7301988,-73.9542459,"(40.7301988, -73.9542459)"
2135,40.8339392,-73.9086923,"(40.8339392, -73.9086923)"
2136,40.666189,-73.9166575,"(40.666189, -73.9166575)"
2137,40.7279629,-73.950073,"(40.7279629, -73.950073)"
2138,40.7521904,-73.9934636,"(40.7521904, -73.9934636)"
2139,40.8481201,-73.9308839,"(40.8481201, -73.9308839)"
2140,40.7713874,-73.9564776,"(40.7713874, -73.9564776)"
2141,40.5068357,-74.2452066,"(40.5068357, -74.2452066)"
2142,40.7604196,-73.9758293,"(40.7604196, -73.9758293)"
2143,40.8075593,-73.9192258,"(40.8075593, -73.9192258)"
2145,40.585935,-73.9518893,"(40.585935, -73.9518893)"
2146,40.8050573,-73.9390342,"(40.8050573, -73.9390342)"
2148,40.5759731,-74.1256351,"(40.5759731, -74.1256351)"
2149,40.6994527,-73.8221311,"(40.6994527, -73.8221311)"
2150,40.8568433,-73.8591468,"(40.8568433, -73.8591468)"
2151,40.762859,-73.9894015,"(40.762859, -73.9894015)"
2152,40.7509908,-73.9906233,"(40.7509908, -73.9906233)"
2153,40.6909728,-73.8143829,"(40.6909728, -73.8143829)"
2154,40.7675352,-73.9532491,"(40.7675352, -73.9532491)"
2155,40.735658,-73.8484046,"(40.735658, -73.8484046)"
2156,40.7774101,-73.9787983,"(40.7774101, -73.9787983)"
2157,40.7690596,-73.9284713,"(40.7690596, -73.9284713)"
2158,40.729335,-74.0052244,"(40.729335, -74.0052244)"
2159,40.7342964,-73.8503057,"(40.7342964, -73.8503057)"
2160,40.7180681,-73.7425085,"(40.7180681, -73.7425085)"
2161,40.7668948,-73.9213906,"(40.7668948, -73.9213906)"
2162,40.8033259,-73.9726211,"(40.8033259, -73.9726211)"
2163,40.834079,-73.8528131,"(40.834079, -73.8528131)"
2164,40.8373174,-73.9340367,"(40.8373174, -73.9340367)"
2165,40.7423751,-74.0087909,"(40.7423751, -74.0087909)"
2166,40.8612935,-73.8645927,"(40.8612935, -73.8645927)"
2167,40.7152095,-73.9842579,"(40.7152095, -73.9842579)"
2168,40.7468839,-73.763468,"(40.7468839, -73.763468)"
2170,40.5256207,-74.229412,"(40.5256207, -74.229412)"
2172,40.5626394,-74.1925882,"(40.5626394, -74.1925882)"
2173,40.6321467,-73.9527315,"(40.6321467, -73.9527315)"
2174,40.8611095,-73.8902754,"(40.8611095, -73.8902754)"
2175,40.744443,-73.9790578,"(40.744443, -73.9790578)"
2176,40.6852362,-73.9265276,"(40.6852362, -73.9265276)"
2177,40.8618642,-73.9127392,"(40.8618642, -73.9127392)"
2178,40.6982694,-73.8348431,"(40.6982694, -73.8348431)"
2179,40.6243201,-74.0247518,"(40.6243201, -74.0247518)"
2180,40.8406016,-73.8412409,"(40.8406016, -73.8412409)"
2181,40.7237512,-73.7264753,"(40.7237512, -73.7264753)"
2182,40.8730592,-73.8786343,"(40.8730592, -73.8786343)"
2183,40.7102508,-73.8102461,"(40.7102508, -73.8102461)"
2184,40.6341296,-73.9285006,"(40.6341296, -73.9285006)"
2185,40.7446803,-73.9872968,"(40.7446803, -73.9872968)"
2186,40.7766978,-73.9278204,"(40.7766978, -73.9278204)"
2187,40.7107401,-73.9454761,"(40.7107401, -73.9454761)"
2188,40.6532827,-74.0087575,"(40.6532827, -74.0087575)"
2190,40.7505412,-73.896539,"(40.7505412, -73.896539)"
2191,40.7189132,-73.9992352,"(40.7189132, -73.9992352)"
2192,40.7310423,-73.9996031,"(40.7310423, -73.9996031)"
2193,40.8838608,-73.8558854,"(40.8838608, -73.8558854)"
2194,40.6891332,-73.9513172,"(40.6891332, -73.9513172)"
2195,40.7378777,-73.8367167,"(40.7378777, -73.8367167)"
2197,40.8329162,-73.9293855,"(40.8329162, -73.9293855)"
2198,40.8610735,-73.8530317,"(40.8610735, -73.8530317)"
2199,40.7835543,-73.8065381,"(40.7835543, -73.8065381)"
2200,40.6945965,-73.7384016,"(40.6945965, -73.7384016)"
2201,40.8097014,-73.9030288,"(40.8097014, -73.9030288)"
2202,40.8285818,-73.8791708,"(40.8285818, -73.8791708)"
2204,40.8401671,-73.8426116,"(40.8401671, -73.8426116)"
2205,40.8474287,-73.9313942,"(40.8474287, -73.9313942)"
2207,40.8710047,-73.8938386,"(40.8710047, -73.8938386)"
2208,40.6550478,-73.9563012,"(40.6550478, -73.9563012)"
2209,40.830346,-73.9232742,"(40.830346, -73.9232742)"
2211,40.7056278,-73.9155117,"(40.7056278, -73.9155117)"
2214,40.7509033,-73.9981196,"(40.7509033, -73.9981196)"
2215,40.7666672,-73.9670654,"(40.7666672, -73.9670654)"
2218,40.7395518,-73.9453046,"(40.7395518, -73.9453046)"
2219,40.6910809,-73.7291011,"(40.6910809, -73.7291011)"
2220,40.8592337,-73.9313603,"(40.8592337, -73.9313603)"
2222,40.7414726,-73.8227997,"(40.7414726, -73.8227997)"
2223,40.6685062,-73.9256052,"(40.6685062, -73.9256052)"
2224,40.6157187,-74.0962319,"(40.6157187, -74.0962319)"
2226,40.610261,-74.0974882,"(40.610261, -74.0974882)"
2233,40.8385217,-73.9261848,"(40.8385217, -73.9261848)"
2234,40.7575928,-73.7810721,"(40.7575928, -73.7810721)"
2235,40.7149466,-74.0096819,"(40.7149466, -74.0096819)"
2236,40.7242353,-73.9977848,"(40.7242353, -73.9977848)"
2237,40.6548824,-73.9618804,"(40.6548824, -73.9618804)"
2238,40.6508071,-73.9495721,"(40.6508071, -73.9495721)"
2239,40.7594369,-73.9130863,"(40.7594369, -73.9130863)"
2241,40.7642144,-73.9709581,"(40.7642144, -73.9709581)"
2242,40.8212926,-73.9579119,"(40.8212926, -73.9579119)"
2243,40.7170219,-73.830499,"(40.7170219, -73.830499)"
2244,40.7767416,-73.7999469,"(40.7767416, -73.7999469)"
2245,40.7027943,-73.8321306,"(40.7027943, -73.8321306)"
2246,40.7042012,-73.8152441,"(40.7042012, -73.8152441)"
2248,40.8096186,-73.8532248,"(40.8096186, -73.8532248)"
2249,40.847006,-73.8322799,"(40.847006, -73.8322799)"
2250,40.6526268,-74.0061627,"(40.6526268, -74.0061627)"
2251,40.8777065,-73.9056562,"(40.8777065, -73.9056562)"
2253,40.7050287,-73.8360058,"(40.7050287, -73.8360058)"
2254,40.6525646,-73.746549,"(40.6525646, -73.746549)"
2255,40.797932,-73.9339915,"(40.797932, -73.9339915)"
2257,40.7482467,-73.9762885,"(40.7482467, -73.9762885)"
2258,40.6241643,-73.917751,"(40.6241643, -73.917751)"
2259,40.6459098,-74.0131601,"(40.6459098, -74.0131601)"
2261,40.7139261,-73.8021121,"(40.7139261, -73.8021121)"
2262,40.7029977,-73.9110681,"(40.7029977, -73.9110681)"
2263,40.7643501,-73.8259432,"(40.7643501, -73.8259432)"
2264,40.6265996,-73.9827009,"(40.6265996, -73.9827009)"
2266,40.8542925,-73.9002599,"(40.8542925, -73.9002599)"
2267,40.7408961,-73.8996069,"(40.7408961, -73.8996069)"
2268,40.7861742,-73.945696,"(40.7861742, -73.945696)"
2269,40.7334973,-73.8703694,"(40.7334973, -73.8703694)"
2270,40.6290569,-73.948324,"(40.6290569, -73.948324)"
2272,40.5972094,-73.7927428,"(40.5972094, -73.7927428)"
2273,40.6673505,-73.7699326,"(40.6673505, -73.7699326)"
2274,40.7622265,-73.9681866,"(40.7622265, -73.9681866)"
2276,40.7573878,-73.9822554,"(40.7573878, -73.9822554)"
2278,40.7616074,-73.9903149,"(40.7616074, -73.9903149)"
2280,40.6735884,-73.9629548,"(40.6735884, -73.9629548)"
2281,40.6600423,-73.9150865,"(40.6600423, -73.9150865)"
2283,40.5209185,-74.2351117,"(40.5209185, -74.2351117)"
2284,40.6643768,-73.9237498,"(40.6643768, -73.9237498)"
2285,40.7257771,-73.9866041,"(40.7257771, -73.9866041)"
2286,40.6327848,-73.9944517,"(40.6327848, -73.9944517)"
2287,40.6853239,-73.9807025,"(40.6853239, -73.9807025)"
2288,40.6499461,-73.9670293,"(40.6499461, -73.9670293)"
2289,40.8455203,-73.9346852,"(40.8455203, -73.9346852)"
2290,40.6110846,-73.9983144,"(40.6110846, -73.9983144)"
2291,40.659932,-73.8916479,"(40.659932, -73.8916479)"
2292,40.7414715,-73.9854281,"(40.7414715, -73.9854281)"
2293,40.6805065,-73.8828858,"(40.6805065, -73.8828858)"
2294,40.8056394,-73.934392,"(40.8056394, -73.934392)"
2295,40.6699207,-73.9188878,"(40.6699207, -73.9188878)"
2296,40.6868194,-73.9781997,"(40.6868194, -73.9781997)"
2297,40.8188104,-73.9282769,"(40.8188104, -73.9282769)"
2300,40.7048304,-73.9663241,"(40.7048304, -73.9663241)"
2301,40.8140423,-73.9366886,"(40.8140423, -73.9366886)"
2302,40.7599831,-73.9648018,"(40.7599831, -73.9648018)"
2304,40.6241708,-73.9704715,"(40.6241708, -73.9704715)"
2305,40.5931674,-74.0930272,"(40.5931674, -74.0930272)"
2306,40.5662266,-74.1202395,"(40.5662266, -74.1202395)"
2307,40.7559989,-73.863399,"(40.7559989, -73.863399)"
2308,40.6521704,-73.9614062,"(40.6521704, -73.9614062)"
2309,40.8283484,-73.9490509,"(40.8283484, -73.9490509)"
2310,40.6778446,-73.9528108,"(40.6778446, -73.9528108)"
2311,40.6960346,-73.9845292,"(40.6960346, -73.9845292)"
2313,40.6609903,-73.7723999,"(40.6609903, -73.7723999)"
2314,40.7566543,-73.9785667,"(40.7566543, -73.9785667)"
2315,40.6023571,-73.7595239,"(40.6023571, -73.7595239)"
2316,40.6768941,-73.9000457,"(40.6768941, -73.9000457)"
2317,40.6851972,-73.9782759,"(40.6851972, -73.9782759)"
2318,40.7857344,-73.9764412,"(40.7857344, -73.9764412)"
2319,40.6964483,-73.8130955,"(40.6964483, -73.8130955)"
2320,40.73361,-73.9238405,"(40.73361, -73.9238405)"
2322,40.6581196,-73.9339965,"(40.6581196, -73.9339965)"
2323,40.7536899,-73.7444416,"(40.7536899, -73.7444416)"
2324,40.7528008,-73.9792862,"(40.7528008, -73.9792862)"
2325,40.7504525,-73.9872921,"(40.7504525, -73.9872921)"
2326,40.6747843,-73.8061975,"(40.6747843, -73.8061975)"
2327,40.7854219,-73.9839876,"(40.7854219, -73.9839876)"
2328,40.8646754,-73.8968314,"(40.8646754, -73.8968314)"
2329,40.6048279,-74.0688031,"(40.6048279, -74.0688031)"
2330,40.7145547,-73.8314588,"(40.7145547, -73.8314588)"
2331,40.762288,-73.9723632,"(40.762288, -73.9723632)"
2332,40.6136562,-74.0669932,"(40.6136562, -74.0669932)"
2333,40.6873414,-73.8610409,"(40.6873414, -73.8610409)"
2334,40.6358022,-73.9035878,"(40.6358022, -73.9035878)"
2336,40.6775782,-73.8860059,"(40.6775782, -73.8860059)"
2339,40.8375868,-73.8663865,"(40.8375868, -73.8663865)"
2340,40.743324,-73.9840744,"(40.743324, -73.9840744)"
2341,40.645522,-74.07767,"(40.645522, -74.07767)"
2342,40.6760383,-73.7903419,"(40.6760383, -73.7903419)"
2343,40.6317075,-73.946481,"(40.6317075, -73.946481)"
2346,40.7041129,-73.9158671,"(40.7041129, -73.9158671)"
2347,40.7036882,-73.9650588,"(40.7036882, -73.9650588)"
2348,40.7084855,-73.7273665,"(40.7084855, -73.7273665)"
2349,40.7199351,-73.9787516,"(40.7199351, -73.9787516)"
2350,40.5557704,-74.1289619,"(40.5557704, -74.1289619)"
2351,40.695933,-73.9046656,"(40.695933, -73.9046656)"
2352,40.6166532,-73.972337,"(40.6166532, -73.972337)"
2353,40.8357786,-73.9164739,"(40.8357786, -73.9164739)"
2355,40.7257899,-73.791744,"(40.7257899, -73.791744)"
2356,40.588621,-73.8170113,"(40.588621, -73.8170113)"
2357,40.7117656,-73.9923205,"(40.7117656, -73.9923205)"
2358,40.5342669,-74.1539735,"(40.5342669, -74.1539735)"
2359,40.6753129,-73.8433035,"(40.6753129, -73.8433035)"
2360,40.7724202,-73.9787241,"(40.7724202, -73.9787241)"
2361,40.6076902,-74.0894424,"(40.6076902, -74.0894424)"
2362,40.7557442,-73.8307482,"(40.7557442, -73.8307482)"
2364,40.72895,-73.9279233,"(40.72895, -73.9279233)"
2365,40.7083069,-73.9484213,"(40.7083069, -73.9484213)"
2366,40.8396565,-73.8816516,"(40.8396565, -73.8816516)"
2368,40.7335315,-73.8959592,"(40.7335315, -73.8959592)"
2369,40.6098096,-73.9224976,"(40.6098096, -73.9224976)"
2370,40.6937879,-73.8117234,"(40.6937879, -73.8117234)"
2371,40.6303296,-73.9310229,"(40.6303296, -73.9310229)"
2372,40.8187571,-73.9597705,"(40.8187571, -73.9597705)"
2373,40.7591492,-73.7359046,"(40.7591492, -73.7359046)"
2374,40.743324,-73.9840744,"(40.743324, -73.9840744)"
2375,40.6833185,-73.7652784,"(40.6833185, -73.7652784)"
2376,40.5998026,-73.9475941,"(40.5998026, -73.9475941)"
2377,40.63372,-73.9708744,"(40.63372, -73.9708744)"
2378,40.7459518,-73.9980079,"(40.7459518, -73.9980079)"
2379,40.7555451,-73.7388336,"(40.7555451, -73.7388336)"
2381,40.6030558,-74.0082432,"(40.6030558, -74.0082432)"
2382,40.690267,-73.7428575,"(40.690267, -73.7428575)"
2383,40.6611364,-73.8969768,"(40.6611364, -73.8969768)"
2384,40.7954563,-73.9656282,"(40.7954563, -73.9656282)"
2385,40.6665211,-73.7364462,"(40.6665211, -73.7364462)"
2386,40.6170012,-73.9469934,"(40.6170012, -73.9469934)"
2388,40.6806417,-73.9533713,"(40.6806417, -73.9533713)"
2389,40.6966659,-73.9808413,"(40.6966659, -73.9808413)"
2390,40.7075241,-73.9611433,"(40.7075241, -73.9611433)"
2391,40.6432155,-73.9030546,"(40.6432155, -73.9030546)"
2392,40.5981013,-73.9630327,"(40.5981013, -73.9630327)"
2393,40.5602903,-74.1659207,"(40.5602903, -74.1659207)"
2395,40.6795239,-73.8107589,"(40.6795239, -73.8107589)"
2396,40.6112249,-74.1175725,"(40.6112249, -74.1175725)"
2397,40.7642781,-73.9730158,"(40.7642781, -73.9730158)"
2398,40.8705431,-73.9058905,"(40.8705431, -73.9058905)"
2400,40.7528484,-73.9272651,"(40.7528484, -73.9272651)"
2401,40.6707056,-73.8111552,"(40.6707056, -73.8111552)"
2402,40.5800421,-74.11395,"(40.5800421, -74.11395)"
2403,40.7637977,-73.8082308,"(40.7637977, -73.8082308)"
2404,40.7278664,-73.9931449,"(40.7278664, -73.9931449)"
2405,40.6247649,-73.9651721,"(40.6247649, -73.9651721)"
2406,40.7526874,-74.000527,"(40.7526874, -74.000527)"
2407,40.8020766,-73.9340633,"(40.8020766, -73.9340633)"
2408,40.820189,-73.8906752,"(40.820189, -73.8906752)"
2409,40.5806177,-74.1525287,"(40.5806177, -74.1525287)"
2410,40.7498691,-73.8627259,"(40.7498691, -73.8627259)"
2412,40.6075582,-74.0871048,"(40.6075582, -74.0871048)"
2413,40.7047172,-73.9287387,"(40.7047172, -73.9287387)"
2414,40.6249901,-74.144024,"(40.6249901, -74.144024)"
2415,40.6827493,-73.8753608,"(40.6827493, -73.8753608)"
2416,40.7090395,-73.8984538,"(40.7090395, -73.8984538)"
2417,40.7241363,-73.9926041,"(40.7241363, -73.9926041)"
2418,40.822258,-73.9561553,"(40.822258, -73.9561553)"
2419,40.6508071,-73.9495721,"(40.6508071, -73.9495721)"
2420,40.7624369,-73.7723673,"(40.7624369, -73.7723673)"
2421,40.7272955,-73.9558065,"(40.7272955, -73.9558065)"
2422,40.6159039,-74.0674638,"(40.6159039, -74.0674638)"
2424,40.7287722,-74.0070897,"(40.7287722, -74.0070897)"
2425,40.8382406,-73.8766813,"(40.8382406, -73.8766813)"
2427,40.6074131,-73.9262495,"(40.6074131, -73.9262495)"
2428,40.6611218,-73.9201276,"(40.6611218, -73.9201276)"
2429,40.7041559,-73.9075068,"(40.7041559, -73.9075068)"
2430,40.6636861,-73.8030731,"(40.6636861, -73.8030731)"
2431,40.8420358,-73.838129,"(40.8420358, -73.838129)"
2432,40.6744278,-74.0003161,"(40.6744278, -74.0003161)"
2433,40.5988486,-73.7489711,"(40.5988486, -73.7489711)"
2434,40.7199725,-73.9928968,"(40.7199725, -73.9928968)"
2435,40.7159187,-73.9993218,"(40.7159187, -73.9993218)"
2436,40.6301276,-73.9900458,"(40.6301276, -73.9900458)"
2437,40.6681684,-73.9772073,"(40.6681684, -73.9772073)"
2438,40.7409163,-73.9522573,"(40.7409163, -73.9522573)"
2439,40.8468268,-73.8970434,"(40.8468268, -73.8970434)"
2441,40.7664937,-73.9569573,"(40.7664937, -73.9569573)"
2442,40.6618805,-73.9455665,"(40.6618805, -73.9455665)"
2443,40.6581086,-73.8473121,"(40.6581086, -73.8473121)"
2445,40.595497,-73.7782188,"(40.595497, -73.7782188)"
2446,40.6145622,-73.9947989,"(40.6145622, -73.9947989)"
2447,40.6482654,-73.9058004,"(40.6482654, -73.9058004)"
2448,40.6833771,-73.7604251,"(40.6833771, -73.7604251)"
2449,40.8441385,-73.9375166,"(40.8441385, -73.9375166)"
2450,40.7112138,-73.9633775,"(40.7112138, -73.9633775)"
2451,40.7522478,-73.8166231,"(40.7522478, -73.8166231)"
2452,40.6282025,-74.1579224,"(40.6282025, -74.1579224)"
2453,40.6921238,-73.9890305,"(40.6921238, -73.9890305)"
2454,40.8137456,-73.9313928,"(40.8137456, -73.9313928)"
2455,40.7826834,-73.9532601,"(40.7826834, -73.9532601)"
2456,40.753791,-73.7442778,"(40.753791, -73.7442778)"
2457,40.8783502,-73.8703365,"(40.8783502, -73.8703365)"
2460,40.7673928,-73.9707293,"(40.7673928, -73.9707293)"
2461,40.6662603,-73.8086121,"(40.6662603, -73.8086121)"
2462,40.6790734,-73.9252653,"(40.6790734, -73.9252653)"
2463,40.7070699,-73.8171875,"(40.7070699, -73.8171875)"
2464,40.7699819,-73.994646,"(40.7699819, -73.994646)"
2465,40.7336689,-73.8576535,"(40.7336689, -73.8576535)"
2466,40.5985519,-73.9973389,"(40.5985519, -73.9973389)"
2467,40.7514416,-73.9760491,"(40.7514416, -73.9760491)"
2468,40.7756384,-73.9626236,"(40.7756384, -73.9626236)"
2469,40.7367356,-73.8544944,"(40.7367356, -73.8544944)"
2470,40.6311051,-73.9961955,"(40.6311051, -73.9961955)"
2472,40.780251,-73.8191711,"(40.780251, -73.8191711)"
2473,40.6216819,-73.9488197,"(40.6216819, -73.9488197)"
2474,40.7696329,-73.9158493,"(40.7696329, -73.9158493)"
2475,40.5996182,-73.7597138,"(40.5996182, -73.7597138)"
2476,40.6570957,-73.9502486,"(40.6570957, -73.9502486)"
2478,40.761048,-73.8351748,"(40.761048, -73.8351748)"
2479,40.542673,-74.1647651,"(40.542673, -74.1647651)"
2480,40.6781627,-73.8974769,"(40.6781627, -73.8974769)"
2481,40.8327028,-73.9502198,"(40.8327028, -73.9502198)"
2482,40.771087,-73.9834215,"(40.771087, -73.9834215)"
2483,40.5727546,-74.1140276,"(40.5727546, -74.1140276)"
2484,40.7051837,-74.0073938,"(40.7051837, -74.0073938)"
2485,40.6295438,-73.9660811,"(40.6295438, -73.9660811)"
2486,40.7077575,-74.015643,"(40.7077575, -74.015643)"
2487,40.6296767,-73.9415073,"(40.6296767, -73.9415073)"
2488,40.7217327,-73.9580577,"(40.7217327, -73.9580577)"
2489,40.6585778,-73.8906229,"(40.6585778, -73.8906229)"
2490,40.8667416,-73.9287277,"(40.8667416, -73.9287277)"
2491,40.7194507,-74.0102922,"(40.7194507, -74.0102922)"
2492,40.7467748,-73.7924146,"(40.7467748, -73.7924146)"
2496,40.6776584,-73.8983609,"(40.6776584, -73.8983609)"
2497,40.601683,-74.1632938,"(40.601683, -74.1632938)"
2498,40.6308856,-74.1304761,"(40.6308856, -74.1304761)"
2500,40.7839004,-73.9740586,"(40.7839004, -73.9740586)"
2501,40.8050976,-73.9548735,"(40.8050976, -73.9548735)"
2502,40.6475736,-74.0874238,"(40.6475736, -74.0874238)"
2503,40.7487184,-73.8962423,"(40.7487184, -73.8962423)"
2504,40.8890078,-73.8564131,"(40.8890078, -73.8564131)"
2505,40.8636899,-73.9170643,"(40.8636899, -73.9170643)"
2507,40.7489684,-73.7581594,"(40.7489684, -73.7581594)"
2508,40.7007703,-73.8101829,"(40.7007703, -73.8101829)"
2509,40.6140783,-74.0724576,"(40.6140783, -74.0724576)"
2511,40.7757305,-73.9260234,"(40.7757305, -73.9260234)"
2512,40.8903208,-73.8653004,"(40.8903208, -73.8653004)"
2513,40.7850977,-73.9769037,"(40.7850977, -73.9769037)"
2514,40.8518085,-73.9068207,"(40.8518085, -73.9068207)"
2515,40.7871194,-73.9479233,"(40.7871194, -73.9479233)"
2516,40.6740796,-73.7459337,"(40.6740796, -73.7459337)"
2517,40.7429662,-73.8300388,"(40.7429662, -73.8300388)"
2518,40.7198361,-73.8008428,"(40.7198361, -73.8008428)"
2519,40.663284,-73.9845909,"(40.663284, -73.9845909)"
2520,40.7602699,-73.8304841,"(40.7602699, -73.8304841)"
2521,40.7794977,-73.9555841,"(40.7794977, -73.9555841)"
2522,40.6317075,-73.946481,"(40.6317075, -73.946481)"
2523,40.7079612,-73.7290758,"(40.7079612, -73.7290758)"
2524,40.8416973,-73.8915001,"(40.8416973, -73.8915001)"
2525,40.6371447,-74.1601631,"(40.6371447, -74.1601631)"
2526,40.7432298,-73.8377723,"(40.7432298, -73.8377723)"
2527,40.6859913,-73.7506515,"(40.6859913, -73.7506515)"
2528,40.8487357,-73.9323363,"(40.8487357, -73.9323363)"
2529,40.7027387,-73.802286,"(40.7027387, -73.802286)"
2532,40.689452,-73.9680771,"(40.689452, -73.9680771)"
2533,40.618597,-74.0359881,"(40.618597, -74.0359881)"
2534,40.7953261,-73.9712877,"(40.7953261, -73.9712877)"
2535,40.7448014,-73.9914181,"(40.7448014, -73.9914181)"
2536,40.6500815,-73.9610074,"(40.6500815, -73.9610074)"
2537,40.7346735,-73.9945839,"(40.7346735, -73.9945839)"
2538,40.7710646,-73.9596441,"(40.7710646, -73.9596441)"
2539,40.6864275,-73.9357353,"(40.6864275, -73.9357353)"
2540,40.6763865,-73.9582917,"(40.6763865, -73.9582917)"
2541,40.7261912,-73.9040809,"(40.7261912, -73.9040809)"
2542,40.6768082,-73.9557498,"(40.6768082, -73.9557498)"
2544,40.6954593,-73.8053548,"(40.6954593, -73.8053548)"
2546,40.6308856,-74.1304761,"(40.6308856, -74.1304761)"
2547,40.8101066,-73.9277733,"(40.8101066, -73.9277733)"
2548,40.8676918,-73.9212136,"(40.8676918, -73.9212136)"
2549,40.5586541,-74.1171705,"(40.5586541, -74.1171705)"
2550,40.8461057,-73.9360798,"(40.8461057, -73.9360798)"
2551,40.7403521,-73.7883322,"(40.7403521, -73.7883322)"
2552,40.5775432,-73.9978761,"(40.5775432, -73.9978761)"
2553,40.6136832,-73.9119254,"(40.6136832, -73.9119254)"
2555,40.7602845,-73.7693497,"(40.7602845, -73.7693497)"
2556,40.6524533,-74.0134317,"(40.6524533, -74.0134317)"
2558,40.8443815,-73.8318925,"(40.8443815, -73.8318925)"
2560,40.753791,-73.7442778,"(40.753791, -73.7442778)"
2561,40.8743778,-73.8602631,"(40.8743778, -73.8602631)"
2562,40.7565272,-73.994019,"(40.7565272, -73.994019)"
2563,40.5885076,-73.9473473,"(40.5885076, -73.9473473)"
2564,40.724575,-73.9874918,"(40.724575, -73.9874918)"
2565,40.6933158,-73.92495,"(40.6933158, -73.92495)"
2566,40.5850264,-73.9582651,"(40.5850264, -73.9582651)"
2568,40.60058,-73.9915987,"(40.60058, -73.9915987)"
2569,40.7242998,-73.7286233,"(40.7242998, -73.7286233)"
2570,40.6978849,-73.9718093,"(40.6978849, -73.9718093)"
2571,40.6408367,-74.0184306,"(40.6408367, -74.0184306)"
2572,40.6756815,-73.8159937,"(40.6756815, -73.8159937)"
2573,40.6726306,-73.736249,"(40.6726306, -73.736249)"
2574,40.8952213,-73.8800407,"(40.8952213, -73.8800407)"
2575,40.71728,-73.9954294,"(40.71728, -73.9954294)"
2576,40.7649898,-73.8206673,"(40.7649898, -73.8206673)"
2577,40.6435221,-74.0761506,"(40.6435221, -74.0761506)"
2578,40.7121231,-73.9342568,"(40.7121231, -73.9342568)"
2579,40.6729851,-73.879568,"(40.6729851, -73.879568)"
2581,40.6412469,-73.9933628,"(40.6412469, -73.9933628)"
2582,40.6775631,-73.9330796,"(40.6775631, -73.9330796)"
2583,40.7599599,-73.8982209,"(40.7599599, -73.8982209)"
2584,40.884735,-73.8156998,"(40.884735, -73.8156998)"
2585,40.6706265,-73.8955418,"(40.6706265, -73.8955418)"
2586,40.546765,-74.1688916,"(40.546765, -74.1688916)"
2587,40.7048304,-73.9663241,"(40.7048304, -73.9663241)"
2589,40.6472432,-73.9604721,"(40.6472432, -73.9604721)"
2590,40.7688877,-73.9069078,"(40.7688877, -73.9069078)"
2591,40.8884565,-73.841962,"(40.8884565, -73.841962)"
2592,40.5306424,-74.2175226,"(40.5306424, -74.2175226)"
2593,40.610661,-74.0996359,"(40.610661, -74.0996359)"
2594,40.771024,-73.9536474,"(40.771024, -73.9536474)"
2595,40.7305643,-73.9905071,"(40.7305643, -73.9905071)"
2597,40.6294862,-74.022639,"(40.6294862, -74.022639)"
2598,40.7249673,-73.840351,"(40.7249673, -73.840351)"
2599,40.6531978,-74.0055789,"(40.6531978, -74.0055789)"
2600,40.7639911,-73.958782,"(40.7639911, -73.958782)"
2601,40.7315777,-73.9248348,"(40.7315777, -73.9248348)"
2603,40.5889546,-74.1675905,"(40.5889546, -74.1675905)"
2604,40.6356855,-74.0129455,"(40.6356855, -74.0129455)"
2605,40.6287961,-73.9878412,"(40.6287961, -73.9878412)"
2608,40.8287294,-73.9422068,"(40.8287294, -73.9422068)"
2609,40.7280732,-73.8089578,"(40.7280732, -73.8089578)"
2610,40.8319738,-73.9234891,"(40.8319738, -73.9234891)"
2611,40.6968646,-73.8153438,"(40.6968646, -73.8153438)"
2616,40.7454414,-73.9753944,"(40.7454414, -73.9753944)"
2618,40.6705278,-73.9051093,"(40.6705278, -73.9051093)"
2619,40.6078422,-73.9619648,"(40.6078422, -73.9619648)"
2620,40.6298536,-73.9386719,"(40.6298536, -73.9386719)"
2621,40.6412469,-73.9933628,"(40.6412469, -73.9933628)"
2622,40.7966809,-73.9349137,"(40.7966809, -73.9349137)"
2623,40.7453298,-73.9220585,"(40.7453298, -73.9220585)"
2624,40.6515209,-73.9094501,"(40.6515209, -73.9094501)"
2625,40.6768371,-74.0014487,"(40.6768371, -74.0014487)"
2626,40.6830971,-73.8057517,"(40.6830971, -73.8057517)"
2627,40.8434314,-73.8825339,"(40.8434314, -73.8825339)"
2628,40.6397952,-73.9291071,"(40.6397952, -73.9291071)"
2629,40.766359,-73.8875543,"(40.766359, -73.8875543)"
2630,40.6661341,-73.884908,"(40.6661341, -73.884908)"
2631,40.7528546,-73.9929799,"(40.7528546, -73.9929799)"
2632,40.7534818,-73.9808885,"(40.7534818, -73.9808885)"
2633,40.7353396,-73.916885,"(40.7353396, -73.916885)"
2634,40.5731989,-74.1346181,"(40.5731989, -74.1346181)"
2635,40.6637286,-73.9538481,"(40.6637286, -73.9538481)"
2638,40.6348652,-74.0263807,"(40.6348652, -74.0263807)"
2639,40.8677802,-73.931394,"(40.8677802, -73.931394)"
2640,40.8456416,-73.8977031,"(40.8456416, -73.8977031)"
2641,40.6948202,-73.9344145,"(40.6948202, -73.9344145)"
2642,40.771155,-73.9796523,"(40.771155, -73.9796523)"
2643,40.8064083,-73.9401564,"(40.8064083, -73.9401564)"
2644,40.8142683,-73.9129533,"(40.8142683, -73.9129533)"
2645,40.719584,-73.8397723,"(40.719584, -73.8397723)"
2646,40.676144,-73.8930673,"(40.676144, -73.8930673)"
2647,40.7373607,-73.996839,"(40.7373607, -73.996839)"
2648,40.7476892,-74.0041684,"(40.7476892, -74.0041684)"
2650,40.693341,-73.9668817,"(40.693341, -73.9668817)"
2651,40.6784553,-73.9496774,"(40.6784553, -73.9496774)"
2652,40.7403604,-73.973177,"(40.7403604, -73.973177)"
2653,40.7373723,-73.7081027,"(40.7373723, -73.7081027)"
2654,40.6421304,-73.8899436,"(40.6421304, -73.8899436)"
2655,40.678723,-73.9529869,"(40.678723, -73.9529869)"
2656,40.8406262,-73.9030524,"(40.8406262, -73.9030524)"
2657,40.633111,-73.9721609,"(40.633111, -73.9721609)"
2658,40.68424,-73.8460949,"(40.68424, -73.8460949)"
2659,40.7621051,-73.8354248,"(40.7621051, -73.8354248)"
2661,40.6887482,-73.9972019,"(40.6887482, -73.9972019)"
2662,40.8627177,-73.9022935,"(40.8627177, -73.9022935)"
2664,40.7244008,-73.8498011,"(40.7244008, -73.8498011)"
2665,40.5453972,-74.1657433,"(40.5453972, -74.1657433)"
2668,40.7598419,-73.9841751,"(40.7598419, -73.9841751)"
2669,40.8351,-73.9194562,"(40.8351, -73.9194562)"
2670,40.8437322,-73.9085668,"(40.8437322, -73.9085668)"
2671,40.7423301,-73.837628,"(40.7423301, -73.837628)"
2672,40.700059,-73.9327829,"(40.700059, -73.9327829)"
2673,40.7600205,-73.8592613,"(40.7600205, -73.8592613)"
2674,40.6840525,-73.9774579,"(40.6840525, -73.9774579)"
2675,40.6016379,-73.9518348,"(40.6016379, -73.9518348)"
2676,40.6319269,-74.0164876,"(40.6319269, -74.0164876)"
2677,40.6451334,-73.9023131,"(40.6451334, -73.9023131)"
2678,40.7605122,-73.8291334,"(40.7605122, -73.8291334)"
2681,40.6688338,-73.7936485,"(40.6688338, -73.7936485)"
2683,40.7184302,-74.0005303,"(40.7184302, -74.0005303)"
2685,40.8522882,-73.8904851,"(40.8522882, -73.8904851)"
2686,40.6776736,-73.9135859,"(40.6776736, -73.9135859)"
2687,40.730919,-73.8345225,"(40.730919, -73.8345225)"
2688,40.6142493,-74.1537852,"(40.6142493, -74.1537852)"
2689,40.8287568,-73.8402462,"(40.8287568, -73.8402462)"
2690,40.596127,-74.1107871,"(40.596127, -74.1107871)"
2691,40.8623951,-73.9180132,"(40.8623951, -73.9180132)"
2692,40.7258408,-74.0075584,"(40.7258408, -74.0075584)"
2693,40.8180608,-73.9050001,"(40.8180608, -73.9050001)"
2694,40.8721134,-73.8878527,"(40.8721134, -73.8878527)"
2695,40.8667416,-73.9287277,"(40.8667416, -73.9287277)"
2696,40.5540863,-74.1927507,"(40.5540863, -74.1927507)"
2697,40.6695296,-73.9029478,"(40.6695296, -73.9029478)"
2698,40.8651013,-73.9218819,"(40.8651013, -73.9218819)"
2699,40.6830499,-73.9737625,"(40.6830499, -73.9737625)"
2700,40.6795239,-73.8107589,"(40.6795239, -73.8107589)"
2701,40.7561299,-73.8155838,"(40.7561299, -73.8155838)"
2703,40.7570751,-73.9698495,"(40.7570751, -73.9698495)"
2705,40.749824,-73.9722023,"(40.749824, -73.9722023)"
2706,40.6320672,-73.9186024,"(40.6320672, -73.9186024)"
2707,40.8642556,-73.8881227,"(40.8642556, -73.8881227)"
2708,40.8952213,-73.8800407,"(40.8952213, -73.8800407)"
2710,40.6934057,-73.9088523,"(40.6934057, -73.9088523)"
2712,40.6600339,-73.9043853,"(40.6600339, -73.9043853)"
2713,40.744099,-73.9956441,"(40.744099, -73.9956441)"
2714,40.6781158,-73.9217116,"(40.6781158, -73.9217116)"
2715,40.6868194,-73.9781997,"(40.6868194, -73.9781997)"
2716,40.738696,-73.9409173,"(40.738696, -73.9409173)"
2717,40.6802822,-73.8547029,"(40.6802822, -73.8547029)"
2718,40.583653,-73.9435529,"(40.583653, -73.9435529)"
2719,40.8263977,-73.9211541,"(40.8263977, -73.9211541)"
2720,40.7498984,-73.9378107,"(40.7498984, -73.9378107)"
2722,40.8712267,-73.8822209,"(40.8712267, -73.8822209)"
2723,40.5395698,-74.1838402,"(40.5395698, -74.1838402)"
2724,40.7624202,-73.8275149,"(40.7624202, -73.8275149)"
2725,40.6495238,-73.9807129,"(40.6495238, -73.9807129)"
2727,40.7210636,-73.7594419,"(40.7210636, -73.7594419)"
2728,40.5664967,-74.1137614,"(40.5664967, -74.1137614)"
2729,40.7452931,-73.9984879,"(40.7452931, -73.9984879)"
2730,40.6028137,-74.01452,"(40.6028137, -74.01452)"
2732,40.7044959,-73.817418,"(40.7044959, -73.817418)"
2733,40.8843695,-73.901043,"(40.8843695, -73.901043)"
2735,40.7281758,-73.9848573,"(40.7281758, -73.9848573)"
2736,40.5999092,-73.9466325,"(40.5999092, -73.9466325)"
2737,40.6530655,-73.8897887,"(40.6530655, -73.8897887)"
2740,40.6433049,-73.9477905,"(40.6433049, -73.9477905)"
2742,40.6561603,-73.7673526,"(40.6561603, -73.7673526)"
2743,40.8830204,-73.8532436,"(40.8830204, -73.8532436)"
2744,40.666305,-73.7673028,"(40.666305, -73.7673028)"
2745,40.6927254,-73.8555773,"(40.6927254, -73.8555773)"
2746,40.5999092,-73.9466325,"(40.5999092, -73.9466325)"
2747,40.7338001,-73.8148012,"(40.7338001, -73.8148012)"
2748,40.6949569,-73.851245,"(40.6949569, -73.851245)"
2750,40.6388991,-74.0167691,"(40.6388991, -74.0167691)"
2752,40.7641132,-73.9884952,"(40.7641132, -73.9884952)"
2753,40.68446,-73.8063937,"(40.68446, -73.8063937)"
2756,40.6749364,-73.8018436,"(40.6749364, -73.8018436)"
2757,40.6997563,-73.7935781,"(40.6997563, -73.7935781)"
2758,40.623268,-73.9321938,"(40.623268, -73.9321938)"
2760,40.7451533,-73.9442281,"(40.7451533, -73.9442281)"
2761,40.6361066,-73.9509091,"(40.6361066, -73.9509091)"
2762,40.8559197,-73.9171897,"(40.8559197, -73.9171897)"
2763,40.7114692,-73.7314927,"(40.7114692, -73.7314927)"
2764,40.784237,-73.9470697,"(40.784237, -73.9470697)"
2765,40.7100797,-73.8484736,"(40.7100797, -73.8484736)"
2767,40.666396,-73.7517593,"(40.666396, -73.7517593)"
2768,40.6330415,-74.0393057,"(40.6330415, -74.0393057)"
2769,40.7567104,-73.9864571,"(40.7567104, -73.9864571)"
2770,40.6394004,-74.1030509,"(40.6394004, -74.1030509)"
2771,40.7460347,-73.9344002,"(40.7460347, -73.9344002)"
2772,40.7501114,-73.968907,"(40.7501114, -73.968907)"
2773,40.7002485,-73.9377272,"(40.7002485, -73.9377272)"
2774,40.7368773,-73.9301606,"(40.7368773, -73.9301606)"
2775,40.6111614,-73.9204071,"(40.6111614, -73.9204071)"
2776,40.695219,-73.8419873,"(40.695219, -73.8419873)"
2777,40.6948556,-73.9249952,"(40.6948556, -73.9249952)"
2778,40.7681288,-73.8762443,"(40.7681288, -73.8762443)"
2780,40.8075056,-73.9170151,"(40.8075056, -73.9170151)"
2781,40.8151142,-73.9297729,"(40.8151142, -73.9297729)"
2782,40.7404561,-73.8064612,"(40.7404561, -73.8064612)"
2783,40.6094144,-74.0888577,"(40.6094144, -74.0888577)"
2784,40.6809637,-73.9376442,"(40.6809637, -73.9376442)"
2785,40.6998739,-73.9404215,"(40.6998739, -73.9404215)"
2786,40.7131574,-73.7972628,"(40.7131574, -73.7972628)"
2787,40.7152345,-74.0133505,"(40.7152345, -74.0133505)"
2788,40.6549544,-74.007017,"(40.6549544, -74.007017)"
2789,40.5744997,-74.1199196,"(40.5744997, -74.1199196)"
2790,40.7391709,-73.8158724,"(40.7391709, -73.8158724)"
2791,40.6980036,-73.974788,"(40.6980036, -73.974788)"
2792,40.6274006,-73.9402881,"(40.6274006, -73.9402881)"
2793,40.6552747,-73.931772,"(40.6552747, -73.931772)"
2796,40.7460655,-73.8753614,"(40.7460655, -73.8753614)"
2797,40.7717807,-73.9791936,"(40.7717807, -73.9791936)"
2798,40.6479751,-73.8939845,"(40.6479751, -73.8939845)"
2799,40.8542644,-73.8693786,"(40.8542644, -73.8693786)"
2800,40.5447138,-74.1819942,"(40.5447138, -74.1819942)"
2801,40.6870248,-73.9762057,"(40.6870248, -73.9762057)"
2803,40.749824,-73.9722023,"(40.749824, -73.9722023)"
2804,40.7146779,-74.005887,"(40.7146779, -74.005887)"
2805,40.7226615,-73.8274315,"(40.7226615, -73.8274315)"
2806,40.5758147,-74.1197852,"(40.5758147, -74.1197852)"
2807,40.7357643,-73.9748983,"(40.7357643, -73.9748983)"
2809,40.8289179,-73.8384031,"(40.8289179, -73.8384031)"
2810,40.6511499,-73.8900044,"(40.6511499, -73.8900044)"
2812,40.8611095,-73.8902754,"(40.8611095, -73.8902754)"
2813,40.704257,-73.967208,"(40.704257, -73.967208)"
2814,40.7585739,-73.9850489,"(40.7585739, -73.9850489)"
2815,40.7118379,-73.9174877,"(40.7118379, -73.9174877)"
2816,40.7544905,-74.0067388,"(40.7544905, -74.0067388)"
2817,40.6087467,-73.95828,"(40.6087467, -73.95828)"
2818,40.7585332,-73.9888427,"(40.7585332, -73.9888427)"
2819,40.6919146,-73.8833146,"(40.6919146, -73.8833146)"
2820,40.618673,-73.9540017,"(40.618673, -73.9540017)"
2822,40.7290866,-73.931029,"(40.7290866, -73.931029)"
2823,40.7116424,-73.9439099,"(40.7116424, -73.9439099)"
2824,40.7599956,-73.7519353,"(40.7599956, -73.7519353)"
2825,40.7440725,-73.7330843,"(40.7440725, -73.7330843)"
2827,40.7427065,-73.9845256,"(40.7427065, -73.9845256)"
2828,40.6656729,-73.9960494,"(40.6656729, -73.9960494)"
2829,40.6853613,-73.882203,"(40.6853613, -73.882203)"
2830,40.7655301,-73.9976715,"(40.7655301, -73.9976715)"
2831,40.7707422,-73.9945485,"(40.7707422, -73.9945485)"
2832,40.7827058,-73.9712245,"(40.7827058, -73.9712245)"
2833,40.7568039,-73.8736557,"(40.7568039, -73.8736557)"
2835,40.6963198,-73.9606197,"(40.6963198, -73.9606197)"
2836,40.6536234,-73.9335108,"(40.6536234, -73.9335108)"
2837,40.8694742,-73.8862518,"(40.8694742, -73.8862518)"
2840,40.6556338,-73.9598617,"(40.6556338, -73.9598617)"
2842,40.7565594,-73.986107,"(40.7565594, -73.986107)"
2843,40.5781316,-74.1696441,"(40.5781316, -74.1696441)"
2844,40.709926,-73.9904595,"(40.709926, -73.9904595)"
2845,40.6807554,-73.8204432,"(40.6807554, -73.8204432)"
2846,40.7547072,-73.9916334,"(40.7547072, -73.9916334)"
2847,40.824848,-73.9113099,"(40.824848, -73.9113099)"
2848,40.8380117,-73.8732802,"(40.8380117, -73.8732802)"
2849,40.8478982,-73.9452163,"(40.8478982, -73.9452163)"
2850,40.6408367,-74.0184306,"(40.6408367, -74.0184306)"
2852,40.6733017,-73.9039121,"(40.6733017, -73.9039121)"
2853,40.7482207,-73.9417064,"(40.7482207, -73.9417064)"
2854,40.7600483,-73.9280514,"(40.7600483, -73.9280514)"
2855,40.7216438,-73.9891302,"(40.7216438, -73.9891302)"
2856,40.6953981,-73.8165523,"(40.6953981, -73.8165523)"
2857,40.7405368,-73.9445042,"(40.7405368, -73.9445042)"
2858,40.6702564,-73.9920261,"(40.6702564, -73.9920261)"
2859,40.688232,-73.9331013,"(40.688232, -73.9331013)"
2861,40.7128656,-73.9047713,"(40.7128656, -73.9047713)"
2862,40.8147743,-73.9403692,"(40.8147743, -73.9403692)"
2863,40.744099,-73.9956441,"(40.744099, -73.9956441)"
2864,40.7191256,-73.7913993,"(40.7191256, -73.7913993)"
2865,40.8496906,-73.7874307,"(40.8496906, -73.7874307)"
2866,40.6917959,-73.8437516,"(40.6917959, -73.8437516)"
2867,40.7257389,-73.8049489,"(40.7257389, -73.8049489)"
2868,40.759625,-73.9700794,"(40.759625, -73.9700794)"
2869,40.6830499,-73.9737625,"(40.6830499, -73.9737625)"
2870,40.7074709,-73.910063,"(40.7074709, -73.910063)"
2871,40.6662545,-73.8620436,"(40.6662545, -73.8620436)"
2872,40.8636341,-73.8716767,"(40.8636341, -73.8716767)"
2874,40.6552496,-73.9529602,"(40.6552496, -73.9529602)"
2877,40.8408751,-73.9197853,"(40.8408751, -73.9197853)"
2878,40.6564847,-73.9600738,"(40.6564847, -73.9600738)"
2880,40.7365558,-73.7119312,"(40.7365558, -73.7119312)"
2881,40.7684013,-73.7375377,"(40.7684013, -73.7375377)"
2882,40.6806649,-73.9026216,"(40.6806649, -73.9026216)"
2884,40.7164532,-74.0130478,"(40.7164532, -74.0130478)"
2885,40.6669624,-73.7707754,"(40.6669624, -73.7707754)"
2886,40.8496498,-73.8485858,"(40.8496498, -73.8485858)"
2887,40.8282374,-73.8860116,"(40.8282374, -73.8860116)"
2888,40.8155838,-73.8040064,"(40.8155838, -73.8040064)"
2889,40.764222,-73.9809793,"(40.764222, -73.9809793)"
2890,40.6175896,-73.9638107,"(40.6175896, -73.9638107)"
2891,40.6528929,-73.8667311,"(40.6528929, -73.8667311)"
2893,40.7642999,-73.9030323,"(40.7642999, -73.9030323)"
2895,40.8183941,-73.9508794,"(40.8183941, -73.9508794)"
2896,40.797932,-73.9339915,"(40.797932, -73.9339915)"
2897,40.7124946,-73.7844631,"(40.7124946, -73.7844631)"
2898,40.6110986,-74.1146592,"(40.6110986, -74.1146592)"
2900,40.5812652,-74.1122097,"(40.5812652, -74.1122097)"
2901,40.7426693,-73.8283998,"(40.7426693, -73.8283998)"
2902,40.8331515,-73.8870945,"(40.8331515, -73.8870945)"
2903,40.7571447,-73.9935606,"(40.7571447, -73.9935606)"
2904,40.8153057,-73.9436997,"(40.8153057, -73.9436997)"
2905,40.7375371,-73.9299449,"(40.7375371, -73.9299449)"
2906,40.7401843,-73.986363,"(40.7401843, -73.986363)"
2907,40.829138,-73.9113909,"(40.829138, -73.9113909)"
2908,40.5863088,-73.9694225,"(40.5863088, -73.9694225)"
2909,40.74445,-73.9730274,"(40.74445, -73.9730274)"
2910,40.6388415,-74.1712397,"(40.6388415, -74.1712397)"
2912,40.8023122,-73.912745,"(40.8023122, -73.912745)"
2913,40.7301311,-73.7866972,"(40.7301311, -73.7866972)"
2914,40.7488862,-73.9758407,"(40.7488862, -73.9758407)"
2915,40.5923417,-74.0641778,"(40.5923417, -74.0641778)"
2917,40.6963705,-73.9972484,"(40.6963705, -73.9972484)"
2918,40.6922774,-73.9881866,"(40.6922774, -73.9881866)"
2919,40.5786236,-74.1016683,"(40.5786236, -74.1016683)"
2921,40.6916302,-73.8118641,"(40.6916302, -73.8118641)"
2922,40.877242,-73.8865748,"(40.877242, -73.8865748)"
2923,40.6647479,-73.7400181,"(40.6647479, -73.7400181)"
2924,40.7507181,-73.8949001,"(40.7507181, -73.8949001)"
2925,40.759626,-73.9954735,"(40.759626, -73.9954735)"
2926,40.8421951,-73.9454027,"(40.8421951, -73.9454027)"
2927,40.7105825,-73.7835531,"(40.7105825, -73.7835531)"
2928,40.661965,-73.9570428,"(40.661965, -73.9570428)"
2929,40.7460475,-73.8990289,"(40.7460475, -73.8990289)"
2932,40.6914356,-73.8906231,"(40.6914356, -73.8906231)"
2933,40.7548409,-73.9841185,"(40.7548409, -73.9841185)"
2934,40.6921293,-73.8348331,"(40.6921293, -73.8348331)"
2935,40.7671539,-73.8836865,"(40.7671539, -73.8836865)"
2936,40.7193963,-74.0018831,"(40.7193963, -74.0018831)"
2937,40.6405992,-73.9943321,"(40.6405992, -73.9943321)"
2938,40.7306375,-73.8753803,"(40.7306375, -73.8753803)"
2939,40.7628049,-73.9656703,"(40.7628049, -73.9656703)"
2940,40.5720372,-74.144187,"(40.5720372, -74.144187)"
2941,40.696168,-73.977202,"(40.696168, -73.977202)"
2942,40.6936134,-73.9825104,"(40.6936134, -73.9825104)"
2943,40.6046097,-73.9982534,"(40.6046097, -73.9982534)"
2944,40.7703901,-73.9541135,"(40.7703901, -73.9541135)"
2945,40.7608228,-73.9983142,"(40.7608228, -73.9983142)"
2946,40.6759124,-73.8949099,"(40.6759124, -73.8949099)"
2947,40.5795247,-73.9558467,"(40.5795247, -73.9558467)"
2948,40.7195932,-73.9867496,"(40.7195932, -73.9867496)"
2950,40.7498984,-73.9378107,"(40.7498984, -73.9378107)"
2951,40.7396752,-73.9345761,"(40.7396752, -73.9345761)"
2952,40.7246786,-73.7648153,"(40.7246786, -73.7648153)"
2953,40.7556569,-73.8844393,"(40.7556569, -73.8844393)"
2954,40.7558074,-73.9864031,"(40.7558074, -73.9864031)"
2955,40.6175544,-74.1526059,"(40.6175544, -74.1526059)"
2956,40.614843,-74.1583483,"(40.614843, -74.1583483)"
2957,40.7656627,-73.7699628,"(40.7656627, -73.7699628)"
2958,40.7845371,-73.9735961,"(40.7845371, -73.9735961)"
2959,40.6685096,-73.7662498,"(40.6685096, -73.7662498)"
2960,40.7775544,-73.9488804,"(40.7775544, -73.9488804)"
2961,40.8533472,-73.881667,"(40.8533472, -73.881667)"
2962,40.5907529,-74.0883648,"(40.5907529, -74.0883648)"
2964,40.7576313,-73.8279785,"(40.7576313, -73.8279785)"
2965,40.7676137,-73.9499947,"(40.7676137, -73.9499947)"
2966,40.75658,-73.9297516,"(40.75658, -73.9297516)"
2967,40.7188615,-73.9462239,"(40.7188615, -73.9462239)"
2969,40.7274946,-73.801159,"(40.7274946, -73.801159)"
2970,40.5817183,-73.8393614,"(40.5817183, -73.8393614)"
2971,40.7217311,-73.9846784,"(40.7217311, -73.9846784)"
2972,40.7604922,-73.7675188,"(40.7604922, -73.7675188)"
2973,40.6897366,-73.9761037,"(40.6897366, -73.9761037)"
2974,40.5792123,-73.9762585,"(40.5792123, -73.9762585)"
2975,40.7430459,-73.9177522,"(40.7430459, -73.9177522)"
2976,40.6099861,-73.9623778,"(40.6099861, -73.9623778)"
2977,40.5861006,-73.9712768,"(40.5861006, -73.9712768)"
2978,40.655593,-73.9471574,"(40.655593, -73.9471574)"
2979,40.7598833,-73.9367906,"(40.7598833, -73.9367906)"
2980,40.7703185,-73.8707779,"(40.7703185, -73.8707779)"
2982,40.862963,-73.8539061,"(40.862963, -73.8539061)"
2983,40.5682139,-74.112033,"(40.5682139, -74.112033)"
2984,40.8429012,-73.9384213,"(40.8429012, -73.9384213)"
2985,40.7224015,-73.9916483,"(40.7224015, -73.9916483)"
2986,40.7232371,-73.9737961,"(40.7232371, -73.9737961)"
2987,40.8571285,-73.8807926,"(40.8571285, -73.8807926)"
2988,40.8468032,-73.9318503,"(40.8468032, -73.9318503)"
2989,40.7933502,-73.9727331,"(40.7933502, -73.9727331)"
2990,40.6331533,-73.9776156,"(40.6331533, -73.9776156)"
2991,40.7256812,-73.8572701,"(40.7256812, -73.8572701)"
2994,40.6816856,-73.8715626,"(40.6816856, -73.8715626)"
2995,40.5836893,-73.9448634,"(40.5836893, -73.9448634)"
2996,40.7985932,-73.9335177,"(40.7985932, -73.9335177)"
2997,40.7607274,-73.8910544,"(40.7607274, -73.8910544)"
2998,40.8177952,-73.8931829,"(40.8177952, -73.8931829)"
3000,40.8285478,-73.8918901,"(40.8285478, -73.8918901)"
3003,40.6390156,-73.9987209,"(40.6390156, -73.9987209)"
3005,40.6810813,-73.8404669,"(40.6810813, -73.8404669)"
3006,40.7401843,-73.986363,"(40.7401843, -73.986363)"
3007,40.8005088,-73.9381463,"(40.8005088, -73.9381463)"
3008,40.6775767,-73.9554753,"(40.6775767, -73.9554753)"
3009,40.6764532,-73.8568707,"(40.6764532, -73.8568707)"
3010,40.8020241,-73.9496815,"(40.8020241, -73.9496815)"
3011,40.7234503,-74.0038278,"(40.7234503, -74.0038278)"
3012,40.6424238,-73.9617469,"(40.6424238, -73.9617469)"
3014,40.6862509,-73.7684736,"(40.6862509, -73.7684736)"
3016,40.6903113,-73.9988005,"(40.6903113, -73.9988005)"
3017,40.6653448,-73.9008524,"(40.6653448, -73.9008524)"
3018,40.7564728,-73.8054581,"(40.7564728, -73.8054581)"
3020,40.7649952,-73.9767049,"(40.7649952, -73.9767049)"
3021,40.763645,-73.9776872,"(40.763645, -73.9776872)"
3022,40.7884794,-73.9511326,"(40.7884794, -73.9511326)"
3023,40.7363557,-73.8487602,"(40.7363557, -73.8487602)"
3024,40.8161389,-73.8948691,"(40.8161389, -73.8948691)"
3025,40.7934681,-73.8464925,"(40.7934681, -73.8464925)"
3026,40.794651,-73.9717827,"(40.794651, -73.9717827)"
3027,40.738552,-73.9996824,"(40.738552, -73.9996824)"
3028,40.6031902,-74.0672272,"(40.6031902, -74.0672272)"
3029,40.8690835,-73.8373909,"(40.8690835, -73.8373909)"
3030,40.820099,-73.8902362,"(40.820099, -73.8902362)"
3031,40.781952,-73.9754821,"(40.781952, -73.9754821)"
3032,40.7373607,-73.996839,"(40.7373607, -73.996839)"
3034,40.8440653,-73.9209886,"(40.8440653, -73.9209886)"
3035,40.7327302,-73.9938155,"(40.7327302, -73.9938155)"
3037,40.6017957,-73.9725665,"(40.6017957, -73.9725665)"
3038,40.6785759,-73.9162995,"(40.6785759, -73.9162995)"
3039,40.5959345,-73.759619,"(40.5959345, -73.759619)"
3040,40.6701245,-73.9552712,"(40.6701245, -73.9552712)"
3041,40.7089041,-73.9592525,"(40.7089041, -73.9592525)"
3042,40.7085073,-73.8195304,"(40.7085073, -73.8195304)"
3043,40.6663098,-73.7916994,"(40.6663098, -73.7916994)"
3044,40.8840347,-73.8979659,"(40.8840347, -73.8979659)"
3045,40.7079495,-73.762299,"(40.7079495, -73.762299)"
3046,40.6558432,-73.9195789,"(40.6558432, -73.9195789)"
3047,40.6837774,-73.8903472,"(40.6837774, -73.8903472)"
3048,40.6331359,-73.9904957,"(40.6331359, -73.9904957)"
3049,40.831101,-73.857156,"(40.831101, -73.857156)"
3050,40.7409928,-73.88283,"(40.7409928, -73.88283)"
3051,40.6611799,-73.9569568,"(40.6611799, -73.9569568)"
3052,40.895718,-73.8495153,"(40.895718, -73.8495153)"
3053,40.6854383,-73.9443285,"(40.6854383, -73.9443285)"
3054,40.5995208,-73.9987504,"(40.5995208, -73.9987504)"
3055,40.8962424,-73.8724104,"(40.8962424, -73.8724104)"
3056,40.6935929,-73.7512145,"(40.6935929, -73.7512145)"
3057,40.8875298,-73.8992263,"(40.8875298, -73.8992263)"
3059,40.6118171,-74.1009769,"(40.6118171, -74.1009769)"
3061,40.8203657,-73.8705001,"(40.8203657, -73.8705001)"
3062,40.6819458,-73.9048767,"(40.6819458, -73.9048767)"
3063,40.6197301,-74.1655256,"(40.6197301, -74.1655256)"
3064,40.69603,-73.9435263,"(40.69603, -73.9435263)"
3065,40.6506428,-73.9652631,"(40.6506428, -73.9652631)"
3066,40.7344344,-73.9899039,"(40.7344344, -73.9899039)"
3067,40.6254226,-74.1513486,"(40.6254226, -74.1513486)"
3068,40.7130201,-73.9944594,"(40.7130201, -73.9944594)"
3069,40.5443177,-74.1958636,"(40.5443177, -74.1958636)"
3071,40.6082553,-73.8978238,"(40.6082553, -73.8978238)"
3072,40.6582658,-73.728618,"(40.6582658, -73.728618)"
3073,40.8696954,-73.8672222,"(40.8696954, -73.8672222)"
3074,40.6655483,-73.9536882,"(40.6655483, -73.9536882)"
3075,40.6586933,-73.9504168,"(40.6586933, -73.9504168)"
3076,40.6491195,-73.8373865,"(40.6491195, -73.8373865)"
3077,40.7068521,-73.9481952,"(40.7068521, -73.9481952)"
3078,40.6385777,-73.9041314,"(40.6385777, -73.9041314)"
3079,40.653453,-73.8846524,"(40.653453, -73.8846524)"
3080,40.7460347,-73.9344002,"(40.7460347, -73.9344002)"
3081,40.8078095,-73.9238384,"(40.8078095, -73.9238384)"
3084,40.6490833,-73.9639846,"(40.6490833, -73.9639846)"
3085,40.7282837,-73.8294,"(40.7282837, -73.8294)"
3086,40.6881994,-73.8005695,"(40.6881994, -73.8005695)"
3087,40.7102847,-73.9351784,"(40.7102847, -73.9351784)"
3088,40.6864963,-73.8381571,"(40.6864963, -73.8381571)"
3089,40.7916628,-73.9646839,"(40.7916628, -73.9646839)"
3090,40.7579729,-73.9855364,"(40.7579729, -73.9855364)"
3091,40.7140668,-73.9516237,"(40.7140668, -73.9516237)"
3092,40.633179,-74.0954465,"(40.633179, -74.0954465)"
3093,40.7633458,-73.8773073,"(40.7633458, -73.8773073)"
3094,40.7430598,-73.8776839,"(40.7430598, -73.8776839)"
3095,40.7463177,-73.8700449,"(40.7463177, -73.8700449)"
3096,40.7565458,-73.8063928,"(40.7565458, -73.8063928)"
3097,40.6805378,-73.8867363,"(40.6805378, -73.8867363)"
3099,40.7589746,-73.9189996,"(40.7589746, -73.9189996)"
3100,40.5907084,-74.1657874,"(40.5907084, -74.1657874)"
3101,40.8655293,-73.8605492,"(40.8655293, -73.8605492)"
3102,40.8436423,-73.9130305,"(40.8436423, -73.9130305)"
3103,40.8387216,-73.9137706,"(40.8387216, -73.9137706)"
3104,40.8046692,-73.9321824,"(40.8046692, -73.9321824)"
3105,40.8040166,-73.9309605,"(40.8040166, -73.9309605)"
3106,40.6084351,-74.1554375,"(40.6084351, -74.1554375)"
3108,40.7126319,-73.807772,"(40.7126319, -73.807772)"
3110,40.6405826,-73.9557162,"(40.6405826, -73.9557162)"
3111,40.7872227,-73.952058,"(40.7872227, -73.952058)"
3112,40.6344828,-73.9188516,"(40.6344828, -73.9188516)"
3113,40.7629631,-73.9718684,"(40.7629631, -73.9718684)"
3114,40.7761313,-73.9106996,"(40.7761313, -73.9106996)"
3115,40.6627814,-73.8808552,"(40.6627814, -73.8808552)"
3116,40.6030888,-73.9926175,"(40.6030888, -73.9926175)"
3117,40.7142083,-73.9281658,"(40.7142083, -73.9281658)"
3118,40.7184575,-73.9948089,"(40.7184575, -73.9948089)"
3119,40.7483098,-73.8259851,"(40.7483098, -73.8259851)"
3120,40.7889962,-73.9465568,"(40.7889962, -73.9465568)"
3122,40.719058,-74.0124422,"(40.719058, -74.0124422)"
3123,40.8499001,-73.9091764,"(40.8499001, -73.9091764)"
3124,40.7845658,-73.951883,"(40.7845658, -73.951883)"
3125,40.5239568,-74.2156736,"(40.5239568, -74.2156736)"
3128,40.6703577,-73.9887132,"(40.6703577, -73.9887132)"
3129,40.8214864,-73.9121671,"(40.8214864, -73.9121671)"
3130,40.5061875,-74.2348945,"(40.5061875, -74.2348945)"
3131,40.8020241,-73.9496815,"(40.8020241, -73.9496815)"
3133,40.7379624,-73.7929978,"(40.7379624, -73.7929978)"
3134,40.7125234,-73.9383217,"(40.7125234, -73.9383217)"
3136,40.7453038,-73.8901846,"(40.7453038, -73.8901846)"
3137,40.7601164,-73.9848356,"(40.7601164, -73.9848356)"
3138,40.7517013,-73.9864003,"(40.7517013, -73.9864003)"
3140,40.6731495,-73.8961904,"(40.6731495, -73.8961904)"
3142,40.7375562,-73.8508811,"(40.7375562, -73.8508811)"
3143,40.7496708,-73.9952973,"(40.7496708, -73.9952973)"
3144,40.7623963,-73.9786009,"(40.7623963, -73.9786009)"
3145,40.7680144,-73.9042199,"(40.7680144, -73.9042199)"
3146,40.6513263,-73.9390522,"(40.6513263, -73.9390522)"
3147,40.6756436,-73.9416076,"(40.6756436, -73.9416076)"
3148,40.766852,-73.9537478,"(40.766852, -73.9537478)"
3149,40.6402891,-73.9947969,"(40.6402891, -73.9947969)"
3150,40.680015,-73.8774282,"(40.680015, -73.8774282)"
3151,40.7549013,-73.7454772,"(40.7549013, -73.7454772)"
3154,40.7573389,-73.986013,"(40.7573389, -73.986013)"
3155,40.6729832,-73.8885156,"(40.6729832, -73.8885156)"
3156,40.7574704,-73.8162153,"(40.7574704, -73.8162153)"
3157,40.6053345,-73.7552743,"(40.6053345, -73.7552743)"
3158,40.8334144,-73.8590554,"(40.8334144, -73.8590554)"
3159,40.6239626,-73.9724457,"(40.6239626, -73.9724457)"
3161,40.6913591,-73.8375359,"(40.6913591, -73.8375359)"
3162,40.6349148,-73.9949631,"(40.6349148, -73.9949631)"
3163,40.7134844,-73.9655045,"(40.7134844, -73.9655045)"
3164,40.6824233,-73.9706837,"(40.6824233, -73.9706837)"
3165,40.7601349,-73.956961,"(40.7601349, -73.956961)"
3166,40.5803141,-74.1136733,"(40.5803141, -74.1136733)"
3167,40.6046957,-74.0258266,"(40.6046957, -74.0258266)"
3168,40.9028371,-73.8532758,"(40.9028371, -73.8532758)"
3169,40.6125794,-74.1291581,"(40.6125794, -74.1291581)"
3170,40.7888417,-73.8138031,"(40.7888417, -73.8138031)"
3171,40.6742332,-73.861764,"(40.6742332, -73.861764)"
3172,40.7311821,-73.8715971,"(40.7311821, -73.8715971)"
3173,40.629687,-73.9005127,"(40.629687, -73.9005127)"
3174,40.6935161,-73.9649848,"(40.6935161, -73.9649848)"
3175,40.6081071,-73.7541333,"(40.6081071, -73.7541333)"
3176,40.6193006,-74.1542921,"(40.6193006, -74.1542921)"
3177,40.6113676,-74.0348713,"(40.6113676, -74.0348713)"
3178,40.7394255,-73.9346341,"(40.7394255, -73.9346341)"
3180,40.7570964,-73.8913311,"(40.7570964, -73.8913311)"
3181,40.8190473,-73.9446864,"(40.8190473, -73.9446864)"
3183,40.8693737,-73.8489747,"(40.8693737, -73.8489747)"
3184,40.7268143,-73.9535446,"(40.7268143, -73.9535446)"
3185,40.8558226,-73.8926302,"(40.8558226, -73.8926302)"
3188,40.5739728,-74.1699179,"(40.5739728, -74.1699179)"
3189,40.7209021,-73.8660432,"(40.7209021, -73.8660432)"
3190,40.8137456,-73.9313928,"(40.8137456, -73.9313928)"
3192,40.6035865,-73.9778271,"(40.6035865, -73.9778271)"
3193,40.6156202,-73.9595832,"(40.6156202, -73.9595832)"
3195,40.7289813,-73.8823749,"(40.7289813, -73.8823749)"
3198,40.7445864,-73.8196468,"(40.7445864, -73.8196468)"
3201,40.8419686,-73.8674294,"(40.8419686, -73.8674294)"
3202,40.713511,-73.9886013,"(40.713511, -73.9886013)"
3203,40.8284182,-73.860674,"(40.8284182, -73.860674)"
3204,40.693693,-73.9312026,"(40.693693, -73.9312026)"
3205,40.6163899,-73.9123973,"(40.6163899, -73.9123973)"
3206,40.6801883,-73.9679554,"(40.6801883, -73.9679554)"
3208,40.7708188,-73.8219116,"(40.7708188, -73.8219116)"
3210,40.7599831,-73.9648018,"(40.7599831, -73.9648018)"
3211,40.7674679,-73.7851407,"(40.7674679, -73.7851407)"
3212,40.897937,-73.8570449,"(40.897937, -73.8570449)"
3213,40.6876885,-73.7925589,"(40.6876885, -73.7925589)"
3215,40.7129385,-73.7826256,"(40.7129385, -73.7826256)"
3216,40.7535538,-73.9850428,"(40.7535538, -73.9850428)"
3217,40.8501677,-73.9357542,"(40.8501677, -73.9357542)"
3218,40.7853737,-73.8402892,"(40.7853737, -73.8402892)"
3219,40.6663969,-73.7385662,"(40.6663969, -73.7385662)"
3220,40.7839764,-73.9702995,"(40.7839764, -73.9702995)"
3221,40.645733,-74.0204175,"(40.645733, -74.0204175)"
3222,40.8852149,-73.9010345,"(40.8852149, -73.9010345)"
3223,40.8232596,-73.9429233,"(40.8232596, -73.9429233)"
3224,40.6293701,-74.0087544,"(40.6293701, -74.0087544)"
3225,40.6557003,-73.9154524,"(40.6557003, -73.9154524)"
3226,40.7921628,-73.9776921,"(40.7921628, -73.9776921)"
3228,40.8410869,-73.8644784,"(40.8410869, -73.8644784)"
3229,40.6233878,-74.1320572,"(40.6233878, -74.1320572)"
3231,40.8490749,-73.8828818,"(40.8490749, -73.8828818)"
3232,40.6282273,-73.9268605,"(40.6282273, -73.9268605)"
3233,40.7007672,-73.9909333,"(40.7007672, -73.9909333)"
3234,40.7638895,-73.84001,"(40.7638895, -73.84001)"
3236,40.656762,-73.9601349,"(40.656762, -73.9601349)"
3237,40.6930489,-73.9907288,"(40.6930489, -73.9907288)"
3238,40.6462644,-73.912686,"(40.6462644, -73.912686)"
3239,40.7534749,-73.9925287,"(40.7534749, -73.9925287)"
3240,40.8251583,-73.8250073,"(40.8251583, -73.8250073)"
3241,40.7642781,-73.9730158,"(40.7642781, -73.9730158)"
3242,40.7450616,-73.8592171,"(40.7450616, -73.8592171)"
3243,40.8930961,-73.8427865,"(40.8930961, -73.8427865)"
3244,40.6936625,-73.8521639,"(40.6936625, -73.8521639)"
3245,40.7679171,-73.9857147,"(40.7679171, -73.9857147)"
3246,40.7214619,-73.8045285,"(40.7214619, -73.8045285)"
3247,40.6656356,-73.7581495,"(40.6656356, -73.7581495)"
3248,40.8122647,-73.9205856,"(40.8122647, -73.9205856)"
3249,40.5704668,-74.1097619,"(40.5704668, -74.1097619)"
3251,40.830915,-73.9204622,"(40.830915, -73.9204622)"
3252,40.5767056,-73.972818,"(40.5767056, -73.972818)"
3253,40.725432,-73.996771,"(40.725432, -73.996771)"
3254,40.8443435,-73.9147428,"(40.8443435, -73.9147428)"
3256,40.6261493,-73.9525808,"(40.6261493, -73.9525808)"
3257,40.8373708,-73.8877667,"(40.8373708, -73.8877667)"
3258,40.6527885,-73.919961,"(40.6527885, -73.919961)"
3260,40.578358,-73.9905035,"(40.578358, -73.9905035)"
3261,40.831101,-73.857156,"(40.831101, -73.857156)"
3262,40.765057,-73.8129201,"(40.765057, -73.8129201)"
3263,40.8807823,-73.8834624,"(40.8807823, -73.8834624)"
3265,40.6794199,-73.9682261,"(40.6794199, -73.9682261)"
3266,40.7537216,-73.8328215,"(40.7537216, -73.8328215)"
3268,40.7226205,-73.9015249,"(40.7226205, -73.9015249)"
3269,40.6185024,-73.9601325,"(40.6185024, -73.9601325)"
3270,40.7715229,-73.9143089,"(40.7715229, -73.9143089)"
3271,40.7816666,-73.827707,"(40.7816666, -73.827707)"
3272,40.7536248,-73.9694324,"(40.7536248, -73.9694324)"
3273,40.6730798,-73.9112306,"(40.6730798, -73.9112306)"
3275,40.8154258,-73.8984685,"(40.8154258, -73.8984685)"
3277,40.6556338,-73.9598617,"(40.6556338, -73.9598617)"
3278,40.5792364,-73.8389282,"(40.5792364, -73.8389282)"
3279,40.7558686,-73.9982097,"(40.7558686, -73.9982097)"
3280,40.7791501,-73.9101467,"(40.7791501, -73.9101467)"
3281,40.5940873,-74.157957,"(40.5940873, -74.157957)"
3282,40.8624119,-73.9224924,"(40.8624119, -73.9224924)"
3283,40.8123112,-73.9164745,"(40.8123112, -73.9164745)"
3284,40.7444538,-73.9298257,"(40.7444538, -73.9298257)"
3285,40.8144041,-73.8229691,"(40.8144041, -73.8229691)"
3286,40.7672019,-73.8878164,"(40.7672019, -73.8878164)"
3287,40.6687978,-73.9311201,"(40.6687978, -73.9311201)"
3288,40.7393734,-73.7918854,"(40.7393734, -73.7918854)"
3289,40.6140537,-74.0139066,"(40.6140537, -74.0139066)"
3290,40.764651,-73.823484,"(40.764651, -73.823484)"
3291,40.8144256,-73.9259587,"(40.8144256, -73.9259587)"
3292,40.7170989,-73.9985895,"(40.7170989, -73.9985895)"
3293,40.7311422,-73.959477,"(40.7311422, -73.959477)"
3294,40.6657792,-73.9194119,"(40.6657792, -73.9194119)"
3295,40.759625,-73.9700794,"(40.759625, -73.9700794)"
3296,40.6848911,-73.9621084,"(40.6848911, -73.9621084)"
3297,40.7054293,-73.9180908,"(40.7054293, -73.9180908)"
3298,40.6386746,-73.9718127,"(40.6386746, -73.9718127)"
3299,40.6659184,-73.8213158,"(40.6659184, -73.8213158)"
3300,40.7997016,-73.9292835,"(40.7997016, -73.9292835)"
3301,40.8672566,-73.8836235,"(40.8672566, -73.8836235)"
3302,40.7428393,-74.0002743,"(40.7428393, -74.0002743)"
3303,40.8655497,-73.8615615,"(40.8655497, -73.8615615)"
3304,40.8190447,-73.8172339,"(40.8190447, -73.8172339)"
3305,40.6105032,-73.9576666,"(40.6105032, -73.9576666)"
3307,40.7413299,-73.9481305,"(40.7413299, -73.9481305)"
3309,40.7566091,-73.937328,"(40.7566091, -73.937328)"
3310,40.6068761,-73.9479487,"(40.6068761, -73.9479487)"
3312,40.7213532,-74.0046358,"(40.7213532, -74.0046358)"
3313,40.6578502,-73.9164733,"(40.6578502, -73.9164733)"
3315,40.7713758,-73.8771311,"(40.7713758, -73.8771311)"
3316,40.6444315,-73.9295994,"(40.6444315, -73.9295994)"
3317,40.7522807,-73.9896919,"(40.7522807, -73.9896919)"
3318,40.7434239,-73.9998484,"(40.7434239, -73.9998484)"
3319,40.7299988,-73.9118677,"(40.7299988, -73.9118677)"
3320,40.6614699,-73.9861232,"(40.6614699, -73.9861232)"
3321,40.7371391,-73.7092188,"(40.7371391, -73.7092188)"
3322,40.7671993,-73.7809864,"(40.7671993, -73.7809864)"
3323,40.7087666,-73.9981083,"(40.7087666, -73.9981083)"
3324,40.7241363,-73.9926041,"(40.7241363, -73.9926041)"
3325,40.6371956,-74.0077862,"(40.6371956, -74.0077862)"
3326,40.7343393,-73.9000281,"(40.7343393, -73.9000281)"
3327,40.7132604,-73.8730276,"(40.7132604, -73.8730276)"
3328,40.8149053,-73.8624038,"(40.8149053, -73.8624038)"
3330,40.8519037,-73.9164465,"(40.8519037, -73.9164465)"
3331,40.6788706,-73.9216458,"(40.6788706, -73.9216458)"
3332,40.7589805,-73.9624344,"(40.7589805, -73.9624344)"
3333,40.7909056,-73.9391302,"(40.7909056, -73.9391302)"
3334,40.8160806,-73.9176873,"(40.8160806, -73.9176873)"
3336,40.6410646,-73.9466104,"(40.6410646, -73.9466104)"
3337,40.6654783,-73.7487889,"(40.6654783, -73.7487889)"
3338,40.6337025,-73.9671851,"(40.6337025, -73.9671851)"
3339,40.6594846,-73.918295,"(40.6594846, -73.918295)"
3340,40.6710768,-73.7547664,"(40.6710768, -73.7547664)"
3341,40.6866514,-73.9131379,"(40.6866514, -73.9131379)"
3343,40.716947,-73.8547817,"(40.716947, -73.8547817)"
3344,40.6412416,-73.9437204,"(40.6412416, -73.9437204)"
3345,40.7762211,-73.9759535,"(40.7762211, -73.9759535)"
3346,40.8816867,-73.9028226,"(40.8816867, -73.9028226)"
3347,40.7234602,-73.8062508,"(40.7234602, -73.8062508)"
3348,40.7219679,-73.7522774,"(40.7219679, -73.7522774)"
3350,40.5890428,-73.9838015,"(40.5890428, -73.9838015)"
3351,40.818461,-73.9148771,"(40.818461, -73.9148771)"
3352,40.7578241,-73.8609985,"(40.7578241, -73.8609985)"
3353,40.74989,-73.774355,"(40.74989, -73.774355)"
3355,40.7485397,-73.9731412,"(40.7485397, -73.9731412)"
3356,40.7316707,-74.0066246,"(40.7316707, -74.0066246)"
3357,40.6909932,-73.9917423,"(40.6909932, -73.9917423)"
3358,40.5244923,-74.2003665,"(40.5244923, -74.2003665)"
3359,40.8058707,-73.9528068,"(40.8058707, -73.9528068)"
3360,40.7080826,-73.769689,"(40.7080826, -73.769689)"
3361,40.863195,-73.8664109,"(40.863195, -73.8664109)"
3365,40.8147815,-73.8846401,"(40.8147815, -73.8846401)"
3367,40.7148824,-73.7504352,"(40.7148824, -73.7504352)"
3368,40.6693691,-73.895223,"(40.6693691, -73.895223)"
3369,40.7780962,-73.9782926,"(40.7780962, -73.9782926)"
3370,40.6098793,-73.9633719,"(40.6098793, -73.9633719)"
3371,40.8884565,-73.841962,"(40.8884565, -73.841962)"
3373,40.8213817,-73.9541326,"(40.8213817, -73.9541326)"
3374,40.6013801,-73.7608922,"(40.6013801, -73.7608922)"
3375,40.745208,-74.0022664,"(40.745208, -74.0022664)"
3376,40.5267615,-74.1757331,"(40.5267615, -74.1757331)"
3377,40.7068292,-73.9683898,"(40.7068292, -73.9683898)"
3378,40.6656299,-73.7392073,"(40.6656299, -73.7392073)"
3379,40.7339788,-73.9909432,"(40.7339788, -73.9909432)"
3380,40.6285653,-74.0289756,"(40.6285653, -74.0289756)"
3381,40.6680422,-73.8605404,"(40.6680422, -73.8605404)"
3382,40.7127234,-74.0096671,"(40.7127234, -74.0096671)"
3383,40.7012787,-73.9395114,"(40.7012787, -73.9395114)"
3384,40.6862876,-73.9694885,"(40.6862876, -73.9694885)"
3385,40.7596199,-73.9619648,"(40.7596199, -73.9619648)"
3386,40.8750199,-73.8186057,"(40.8750199, -73.8186057)"
3387,40.6585778,-73.8906229,"(40.6585778, -73.8906229)"
3388,40.7600833,-73.7702745,"(40.7600833, -73.7702745)"
3389,40.7428393,-74.0002743,"(40.7428393, -74.0002743)"
3390,40.6748896,-73.884536,"(40.6748896, -73.884536)"
3391,40.6664269,-73.936908,"(40.6664269, -73.936908)"
3392,40.6549544,-74.007017,"(40.6549544, -74.007017)"
3393,40.7488634,-73.8927087,"(40.7488634, -73.8927087)"
3394,40.6694407,-73.8839903,"(40.6694407, -73.8839903)"
3395,40.8787795,-73.8529384,"(40.8787795, -73.8529384)"
3396,40.8780222,-73.9024048,"(40.8780222, -73.9024048)"
3397,40.6304785,-73.9860936,"(40.6304785, -73.9860936)"
3398,40.7195512,-73.9748892,"(40.7195512, -73.9748892)"
3399,40.7820225,-73.9717231,"(40.7820225, -73.9717231)"
3400,40.8302652,-73.9512993,"(40.8302652, -73.9512993)"
3401,40.6968934,-73.74928,"(40.6968934, -73.74928)"
3402,40.7349628,-73.9797897,"(40.7349628, -73.9797897)"
3403,40.6529481,-74.0021659,"(40.6529481, -74.0021659)"
3404,40.6699207,-73.9188878,"(40.6699207, -73.9188878)"
3405,40.8481201,-73.9308839,"(40.8481201, -73.9308839)"
3406,40.6484023,-73.9628751,"(40.6484023, -73.9628751)"
3408,40.7050435,-73.9590323,"(40.7050435, -73.9590323)"
3409,40.7217592,-73.8202101,"(40.7217592, -73.8202101)"
3410,40.7190695,-73.9933586,"(40.7190695, -73.9933586)"
3411,40.7584292,-73.9926328,"(40.7584292, -73.9926328)"
3412,40.6689572,-73.8980209,"(40.6689572, -73.8980209)"
3413,40.818472,-73.941392,"(40.818472, -73.941392)"
3414,40.6108205,-73.9547959,"(40.6108205, -73.9547959)"
3416,40.5884704,-74.0903852,"(40.5884704, -74.0903852)"
3418,40.5860252,-73.9510684,"(40.5860252, -73.9510684)"
3419,40.8040684,-73.9311544,"(40.8040684, -73.9311544)"
3420,40.6548405,-73.9596963,"(40.6548405, -73.9596963)"
3421,40.755392,-73.8282803,"(40.755392, -73.8282803)"
3422,40.7605247,-73.9799732,"(40.7605247, -73.9799732)"
3423,40.7645577,-73.8289064,"(40.7645577, -73.8289064)"
3424,40.6468531,-74.0192539,"(40.6468531, -74.0192539)"
3425,40.5836893,-73.9448634,"(40.5836893, -73.9448634)"
3426,40.7717518,-73.7837074,"(40.7717518, -73.7837074)"
3427,40.6714918,-73.9963626,"(40.6714918, -73.9963626)"
3428,40.6960346,-73.9845292,"(40.6960346, -73.9845292)"
3429,40.6990725,-73.9354706,"(40.6990725, -73.9354706)"
3430,40.6679761,-73.9339831,"(40.6679761, -73.9339831)"
3431,40.7582585,-73.7771911,"(40.7582585, -73.7771911)"
3432,40.7939715,-73.7974898,"(40.7939715, -73.7974898)"
3433,40.6525646,-73.746549,"(40.6525646, -73.746549)"
3435,40.7992404,-73.9628704,"(40.7992404, -73.9628704)"
3436,40.7632297,-73.9089084,"(40.7632297, -73.9089084)"
3437,40.6869658,-73.7383125,"(40.6869658, -73.7383125)"
3438,40.693823,-73.9430991,"(40.693823, -73.9430991)"
3439,40.8165575,-73.9167618,"(40.8165575, -73.9167618)"
3440,40.6310377,-74.019062,"(40.6310377, -74.019062)"
3441,40.6814097,-73.9141759,"(40.6814097, -73.9141759)"
3442,40.8786453,-73.871598,"(40.8786453, -73.871598)"
3443,40.8651448,-73.8720281,"(40.8651448, -73.8720281)"
3444,40.6387712,-74.0216122,"(40.6387712, -74.0216122)"
3447,40.7257724,-74.0008984,"(40.7257724, -74.0008984)"
3450,40.6156517,-74.1570823,"(40.6156517, -74.1570823)"
3451,40.6252805,-74.1354761,"(40.6252805, -74.1354761)"
3453,40.7666089,-73.9649896,"(40.7666089, -73.9649896)"
3454,40.7471204,-73.9423823,"(40.7471204, -73.9423823)"
3455,40.7515219,-73.9802214,"(40.7515219, -73.9802214)"
3456,40.8089051,-73.9383371,"(40.8089051, -73.9383371)"
3458,40.6580097,-73.9207657,"(40.6580097, -73.9207657)"
3459,40.656762,-73.9601349,"(40.656762, -73.9601349)"
3460,40.7268658,-73.9799076,"(40.7268658, -73.9799076)"
3461,40.5975183,-73.7596349,"(40.5975183, -73.7596349)"
3462,40.8431655,-73.8281115,"(40.8431655, -73.8281115)"
3463,40.6714076,-73.799412,"(40.6714076, -73.799412)"
3464,40.7216223,-74.0022079,"(40.7216223, -74.0022079)"
3465,40.5967449,-73.9852652,"(40.5967449, -73.9852652)"
3466,40.7781806,-73.9565454,"(40.7781806, -73.9565454)"
3467,40.7289148,-74.0085943,"(40.7289148, -74.0085943)"
3469,40.659932,-73.8916479,"(40.659932, -73.8916479)"
3470,40.8330478,-73.8964721,"(40.8330478, -73.8964721)"
3471,40.6440027,-73.8758266,"(40.6440027, -73.8758266)"
3472,40.6486431,-73.9607379,"(40.6486431, -73.9607379)"
3473,40.6332432,-73.9332537,"(40.6332432, -73.9332537)"
3474,40.6897104,-73.8268556,"(40.6897104, -73.8268556)"
3475,40.8377101,-73.9276313,"(40.8377101, -73.9276313)"
3476,40.6887604,-73.9808422,"(40.6887604, -73.9808422)"
3477,40.7224015,-73.9916483,"(40.7224015, -73.9916483)"
3478,40.670383,-73.9060323,"(40.670383, -73.9060323)"
3479,40.756302,-73.9200604,"(40.756302, -73.9200604)"
3480,40.578439,-73.9680438,"(40.578439, -73.9680438)"
3481,40.6564124,-73.9063692,"(40.6564124, -73.9063692)"
3483,40.6892381,-73.8285119,"(40.6892381, -73.8285119)"
3484,40.8489388,-73.9370711,"(40.8489388, -73.9370711)"
3485,40.709601,-73.9348725,"(40.709601, -73.9348725)"
3486,40.7691116,-73.9631616,"(40.7691116, -73.9631616)"
3487,40.6672538,-73.9945425,"(40.6672538, -73.9945425)"
3488,40.7034369,-73.9603414,"(40.7034369, -73.9603414)"
3490,40.73239,-73.9437192,"(40.73239, -73.9437192)"
3491,40.6825939,-73.9626433,"(40.6825939, -73.9626433)"
3492,40.7528546,-73.9929799,"(40.7528546, -73.9929799)"
3493,40.7445487,-73.8737691,"(40.7445487, -73.8737691)"
3494,40.5968659,-73.932415,"(40.5968659, -73.932415)"
3495,40.8126915,-73.9531271,"(40.8126915, -73.9531271)"
3497,40.7043102,-73.9192319,"(40.7043102, -73.9192319)"
3498,40.6098096,-73.9224976,"(40.6098096, -73.9224976)"
3499,40.8040684,-73.9311544,"(40.8040684, -73.9311544)"
3500,40.8680141,-73.8723427,"(40.8680141, -73.8723427)"
3501,40.7666318,-73.8890253,"(40.7666318, -73.8890253)"
3502,40.7210624,-73.9981962,"(40.7210624, -73.9981962)"
3503,40.6542143,-73.9177536,"(40.6542143, -73.9177536)"
3505,40.8465876,-73.8277304,"(40.8465876, -73.8277304)"
3506,40.7642781,-73.9730158,"(40.7642781, -73.9730158)"
3507,40.6132637,-74.1307802,"(40.6132637, -74.1307802)"
3508,40.734792,-73.7201515,"(40.734792, -73.7201515)"
3509,40.6688512,-73.9163477,"(40.6688512, -73.9163477)"
3510,40.7332131,-73.9911129,"(40.7332131, -73.9911129)"
3511,40.7570373,-73.8713235,"(40.7570373, -73.8713235)"
3512,40.6582338,-73.9320898,"(40.6582338, -73.9320898)"
3513,40.8996409,-73.8522339,"(40.8996409, -73.8522339)"
3514,40.8295019,-73.8746089,"(40.8295019, -73.8746089)"
3516,40.560394,-74.1200527,"(40.560394, -74.1200527)"
3518,40.6256912,-74.0301488,"(40.6256912, -74.0301488)"
3519,40.5965113,-73.9078755,"(40.5965113, -73.9078755)"
3520,40.6637948,-73.8366514,"(40.6637948, -73.8366514)"
3521,40.7662318,-73.9152977,"(40.7662318, -73.9152977)"
3522,40.7931872,-73.9405619,"(40.7931872, -73.9405619)"
3523,40.7142161,-73.9477205,"(40.7142161, -73.9477205)"
3525,40.64848,-73.9251843,"(40.64848, -73.9251843)"
3526,40.8542925,-73.9002599,"(40.8542925, -73.9002599)"
3528,40.5753082,-74.1211198,"(40.5753082, -74.1211198)"
3529,40.6903113,-73.9988005,"(40.6903113, -73.9988005)"
3530,40.7735323,-73.9441618,"(40.7735323, -73.9441618)"
3532,40.6530858,-73.7618241,"(40.6530858, -73.7618241)"
3534,40.6316482,-74.0876191,"(40.6316482, -74.0876191)"
3535,40.6963571,-73.9341354,"(40.6963571, -73.9341354)"
3536,40.5985519,-73.9973389,"(40.5985519, -73.9973389)"
3537,40.6643339,-73.8968385,"(40.6643339, -73.8968385)"
3538,40.768835,-73.8906224,"(40.768835, -73.8906224)"
3539,40.7550155,-73.9343336,"(40.7550155, -73.9343336)"
3540,40.5565344,-74.1281176,"(40.5565344, -74.1281176)"
3541,40.6158281,-73.9576956,"(40.6158281, -73.9576956)"
3542,40.7438908,-73.7156275,"(40.7438908, -73.7156275)"
3543,40.7175873,-73.9558454,"(40.7175873, -73.9558454)"
3544,40.7132425,-73.9982253,"(40.7132425, -73.9982253)"
3545,40.7151436,-73.7493556,"(40.7151436, -73.7493556)"
3547,40.7666318,-73.8890253,"(40.7666318, -73.8890253)"
3548,40.6874378,-73.9269687,"(40.6874378, -73.9269687)"
3549,40.5579843,-74.1437392,"(40.5579843, -74.1437392)"
3550,40.8308901,-73.9434733,"(40.8308901, -73.9434733)"
3551,40.7055124,-73.895379,"(40.7055124, -73.895379)"
3552,40.7118451,-73.8597598,"(40.7118451, -73.8597598)"
3553,40.9066593,-73.8524208,"(40.9066593, -73.8524208)"
3554,40.8024695,-73.9586895,"(40.8024695, -73.9586895)"
3555,40.6244417,-73.9303914,"(40.6244417, -73.9303914)"
3556,40.5538119,-74.1349857,"(40.5538119, -74.1349857)"
3557,40.7601275,-73.8030722,"(40.7601275, -73.8030722)"
3558,40.7584292,-73.9926328,"(40.7584292, -73.9926328)"
3559,40.6860827,-73.9909028,"(40.6860827, -73.9909028)"
3560,40.8827095,-73.8812458,"(40.8827095, -73.8812458)"
3561,40.7136919,-74.0137542,"(40.7136919, -74.0137542)"
3562,40.8455412,-73.9327696,"(40.8455412, -73.9327696)"
3563,40.7062324,-74.0031595,"(40.7062324, -74.0031595)"
3564,40.84468,-73.9388533,"(40.84468, -73.9388533)"
3566,40.8468783,-73.9206057,"(40.8468783, -73.9206057)"
3567,40.6593223,-73.7593365,"(40.6593223, -73.7593365)"
3568,40.8285193,-73.8411794,"(40.8285193, -73.8411794)"
3569,40.6195715,-73.9335375,"(40.6195715, -73.9335375)"
3570,40.759626,-73.9954735,"(40.759626, -73.9954735)"
3571,40.5951403,-73.7539866,"(40.5951403, -73.7539866)"
3572,40.6571056,-73.9016864,"(40.6571056, -73.9016864)"
3574,40.6847663,-73.9175573,"(40.6847663, -73.9175573)"
3575,40.7177844,-73.7624803,"(40.7177844, -73.7624803)"
3576,40.6795162,-73.9110814,"(40.6795162, -73.9110814)"
3577,40.8060668,-73.9090412,"(40.8060668, -73.9090412)"
3580,40.6241708,-73.9704715,"(40.6241708, -73.9704715)"
3581,40.6377555,-74.0072062,"(40.6377555, -74.0072062)"
3584,40.7373607,-73.996839,"(40.7373607, -73.996839)"
3585,40.6296221,-74.0766644,"(40.6296221, -74.0766644)"
3587,40.7666287,-73.8960403,"(40.7666287, -73.8960403)"
3588,40.7428639,-74.0039696,"(40.7428639, -74.0039696)"
3589,40.595344,-74.1602573,"(40.595344, -74.1602573)"
3590,40.6085521,-74.1321503,"(40.6085521, -74.1321503)"
3592,40.7808541,-73.9567097,"(40.7808541, -73.9567097)"
3593,40.7195845,-73.9469912,"(40.7195845, -73.9469912)"
3594,40.7214535,-73.8439779,"(40.7214535, -73.8439779)"
3595,40.7708252,-73.9031901,"(40.7708252, -73.9031901)"
3596,40.7804685,-73.9440307,"(40.7804685, -73.9440307)"
3597,40.5983037,-73.9414808,"(40.5983037, -73.9414808)"
3598,40.7495629,-73.8547936,"(40.7495629, -73.8547936)"
3599,40.8175991,-73.953185,"(40.8175991, -73.953185)"
3601,40.6151303,-73.9942226,"(40.6151303, -73.9942226)"
3602,40.7328639,-73.7637003,"(40.7328639, -73.7637003)"
3603,40.64632,-73.9298028,"(40.64632, -73.9298028)"
3604,40.79037,-73.9497662,"(40.79037, -73.9497662)"
3605,40.8147829,-73.8633289,"(40.8147829, -73.8633289)"
3606,40.7370625,-73.8526547,"(40.7370625, -73.8526547)"
3607,40.717835,-73.9577247,"(40.717835, -73.9577247)"
3608,40.8418183,-73.9224369,"(40.8418183, -73.9224369)"
3609,40.7449272,-73.8370799,"(40.7449272, -73.8370799)"
3610,40.7854915,-73.9841076,"(40.7854915, -73.9841076)"
3613,40.7503184,-73.9911106,"(40.7503184, -73.9911106)"
3614,40.6179234,-74.1557765,"(40.6179234, -74.1557765)"
3615,40.8186158,-73.8510915,"(40.8186158, -73.8510915)"
3616,40.6585778,-73.8906229,"(40.6585778, -73.8906229)"
3617,40.7308857,-73.871641,"(40.7308857, -73.871641)"
3618,40.7460347,-73.9344002,"(40.7460347, -73.9344002)"
3619,40.7383125,-73.9877418,"(40.7383125, -73.9877418)"
3620,40.8571285,-73.8807926,"(40.8571285, -73.8807926)"
3621,40.666439,-73.8347735,"(40.666439, -73.8347735)"
3622,40.8391702,-73.8362823,"(40.8391702, -73.8362823)"
3623,40.8091989,-73.9034737,"(40.8091989, -73.9034737)"
3624,40.6665108,-73.7770058,"(40.6665108, -73.7770058)"
3625,40.6958412,-73.9295848,"(40.6958412, -73.9295848)"
3626,40.7554882,-73.8247175,"(40.7554882, -73.8247175)"
3627,40.7058989,-73.9601524,"(40.7058989, -73.9601524)"
3628,40.7236259,-74.0047875,"(40.7236259, -74.0047875)"
3630,40.6002042,-73.7450445,"(40.6002042, -73.7450445)"
3631,40.7492579,-73.8889763,"(40.7492579, -73.8889763)"
3633,40.7497466,-73.9699466,"(40.7497466, -73.9699466)"
3634,40.659017,-73.9567239,"(40.659017, -73.9567239)"
3635,40.7563194,-73.8336777,"(40.7563194, -73.8336777)"
3636,40.7402314,-73.819565,"(40.7402314, -73.819565)"
3637,40.6980388,-73.9628402,"(40.6980388, -73.9628402)"
3638,40.757333,-73.9313498,"(40.757333, -73.9313498)"
3639,40.6121742,-73.9939671,"(40.6121742, -73.9939671)"
3640,40.8167662,-73.8647483,"(40.8167662, -73.8647483)"
3641,40.6675224,-73.7806252,"(40.6675224, -73.7806252)"
3642,40.8259551,-73.9433582,"(40.8259551, -73.9433582)"
3643,40.6273118,-74.0037214,"(40.6273118, -74.0037214)"
3644,40.655593,-73.9471574,"(40.655593, -73.9471574)"
3645,40.8901618,-73.842609,"(40.8901618, -73.842609)"
3647,40.7756404,-73.9605114,"(40.7756404, -73.9605114)"
3648,40.6716264,-73.9336335,"(40.6716264, -73.9336335)"
3649,40.7577537,-73.7833817,"(40.7577537, -73.7833817)"
3650,40.6916906,-73.9058473,"(40.6916906, -73.9058473)"
3652,40.8262017,-73.8216767,"(40.8262017, -73.8216767)"
3653,40.7193963,-74.0018831,"(40.7193963, -74.0018831)"
3654,40.7509908,-73.9906233,"(40.7509908, -73.9906233)"
3655,40.7319691,-73.9232179,"(40.7319691, -73.9232179)"
3656,40.8393477,-73.843611,"(40.8393477, -73.843611)"
3657,40.633111,-73.9721609,"(40.633111, -73.9721609)"
3658,40.7687296,-73.7604047,"(40.7687296, -73.7604047)"
3659,40.5588868,-74.1976949,"(40.5588868, -74.1976949)"
3660,40.6711008,-73.8835656,"(40.6711008, -73.8835656)"
3661,40.7515772,-73.982275,"(40.7515772, -73.982275)"
3662,40.7199104,-73.8090389,"(40.7199104, -73.8090389)"
3663,40.6245928,-74.1412853,"(40.6245928, -74.1412853)"
3664,40.6647513,-73.8940407,"(40.6647513, -73.8940407)"
3665,40.6553118,-73.9031775,"(40.6553118, -73.9031775)"
3666,40.8415118,-73.8617633,"(40.8415118, -73.8617633)"
3669,40.7336114,-73.9995562,"(40.7336114, -73.9995562)"
3670,40.7418459,-73.8965994,"(40.7418459, -73.8965994)"
3671,40.6652573,-73.7395512,"(40.6652573, -73.7395512)"
3672,40.6500483,-73.9312116,"(40.6500483, -73.9312116)"
3673,40.7192038,-73.9903644,"(40.7192038, -73.9903644)"
3674,40.6650667,-73.9134724,"(40.6650667, -73.9134724)"
3676,40.6806649,-73.9026216,"(40.6806649, -73.9026216)"
3678,40.7391739,-73.7636094,"(40.7391739, -73.7636094)"
3679,40.6529158,-73.9449683,"(40.6529158, -73.9449683)"
3681,40.7564741,-73.9472651,"(40.7564741, -73.9472651)"
3682,40.7160227,-73.99131,"(40.7160227, -73.99131)"
3683,40.7595778,-73.9680255,"(40.7595778, -73.9680255)"
3684,40.7500409,-73.8815184,"(40.7500409, -73.8815184)"
3685,40.6616985,-73.7537988,"(40.6616985, -73.7537988)"
3686,40.6653475,-73.7298508,"(40.6653475, -73.7298508)"
3687,40.737222,-73.9813911,"(40.737222, -73.9813911)"
3688,40.6671159,-73.8346499,"(40.6671159, -73.8346499)"
3689,40.7014547,-73.9896203,"(40.7014547, -73.9896203)"
3690,40.6357327,-74.1067455,"(40.6357327, -74.1067455)"
3691,40.8327659,-73.9458242,"(40.8327659, -73.9458242)"
3692,40.8175991,-73.953185,"(40.8175991, -73.953185)"
3693,40.7007255,-73.9419319,"(40.7007255, -73.9419319)"
3694,40.6466434,-73.9245917,"(40.6466434, -73.9245917)"
3695,40.7342607,-73.9835497,"(40.7342607, -73.9835497)"
3696,40.6559111,-73.8918959,"(40.6559111, -73.8918959)"
3697,40.8158809,-73.9605598,"(40.8158809, -73.9605598)"
3698,40.6635556,-73.9316086,"(40.6635556, -73.9316086)"
3699,40.788358,-73.9745227,"(40.788358, -73.9745227)"
3700,40.7982287,-73.9290925,"(40.7982287, -73.9290925)"
3701,40.6502874,-73.927294,"(40.6502874, -73.927294)"
3702,40.7460781,-73.9749359,"(40.7460781, -73.9749359)"
3703,40.6574059,-73.7450601,"(40.6574059, -73.7450601)"
3705,40.8627501,-73.9049326,"(40.8627501, -73.9049326)"
3706,40.6669898,-73.8897692,"(40.6669898, -73.8897692)"
3707,40.7271556,-74.0055454,"(40.7271556, -74.0055454)"
3708,40.7131458,-73.8465368,"(40.7131458, -73.8465368)"
3709,40.6866483,-73.8490677,"(40.6866483, -73.8490677)"
3710,40.682852,-73.9727855,"(40.682852, -73.9727855)"
3711,40.7703133,-73.8760236,"(40.7703133, -73.8760236)"
3712,40.7457632,-73.925804,"(40.7457632, -73.925804)"
3713,40.7359534,-73.7147376,"(40.7359534, -73.7147376)"
3714,40.6797808,-73.8238709,"(40.6797808, -73.8238709)"
3715,40.6556432,-73.9735535,"(40.6556432, -73.9735535)"
3717,40.6847028,-73.8559084,"(40.6847028, -73.8559084)"
3718,40.6901548,-73.9986368,"(40.6901548, -73.9986368)"
3719,40.6874473,-73.7642543,"(40.6874473, -73.7642543)"
3720,40.6320672,-73.9186024,"(40.6320672, -73.9186024)"
3721,40.6107256,-74.0863419,"(40.6107256, -74.0863419)"
3722,40.8422672,-73.8847479,"(40.8422672, -73.8847479)"
3723,40.7170219,-73.830499,"(40.7170219, -73.830499)"
3724,40.76546,-73.9819897,"(40.76546, -73.9819897)"
3725,40.6938306,-73.8288643,"(40.6938306, -73.8288643)"
3726,40.6810813,-73.8404669,"(40.6810813, -73.8404669)"
3727,40.6671159,-73.8346499,"(40.6671159, -73.8346499)"
3728,40.7287686,-73.9844314,"(40.7287686, -73.9844314)"
3729,40.6959932,-73.983213,"(40.6959932, -73.983213)"
3730,40.8454335,-73.936572,"(40.8454335, -73.936572)"
3731,40.7697955,-73.9647822,"(40.7697955, -73.9647822)"
3732,40.809693,-73.9440837,"(40.809693, -73.9440837)"
3733,40.7080611,-73.8072874,"(40.7080611, -73.8072874)"
3734,40.6906466,-73.9080411,"(40.6906466, -73.9080411)"
3735,40.6385777,-73.9041314,"(40.6385777, -73.9041314)"
3737,40.6197494,-74.0277147,"(40.6197494, -74.0277147)"
3738,40.6930901,-73.9429518,"(40.6930901, -73.9429518)"
3739,40.6695546,-73.9449618,"(40.6695546, -73.9449618)"
3740,40.7754338,-73.9002192,"(40.7754338, -73.9002192)"
3741,40.6948674,-73.739266,"(40.6948674, -73.739266)"
3742,40.7423751,-74.0087909,"(40.7423751, -74.0087909)"
3743,40.6660852,-73.8280776,"(40.6660852, -73.8280776)"
3744,40.7288351,-73.8805129,"(40.7288351, -73.8805129)"
3745,40.6883257,-73.9648108,"(40.6883257, -73.9648108)"
3746,40.7657706,-73.9189877,"(40.7657706, -73.9189877)"
3748,40.6979035,-73.9467957,"(40.6979035, -73.9467957)"
3749,40.6910771,-73.8873224,"(40.6910771, -73.8873224)"
3751,40.6830392,-73.9647775,"(40.6830392, -73.9647775)"
3752,40.7730321,-73.9782834,"(40.7730321, -73.9782834)"
3754,40.5873268,-73.9917255,"(40.5873268, -73.9917255)"
3755,40.5979907,-74.0056668,"(40.5979907, -74.0056668)"
3756,40.7414715,-73.9854281,"(40.7414715, -73.9854281)"
3758,40.6896311,-73.9274026,"(40.6896311, -73.9274026)"
3759,40.7031657,-73.8166124,"(40.7031657, -73.8166124)"
3760,40.6132254,-74.1206627,"(40.6132254, -74.1206627)"
3761,40.8377101,-73.9276313,"(40.8377101, -73.9276313)"
3762,40.8777986,-73.8680486,"(40.8777986, -73.8680486)"
3764,40.8308453,-73.9472242,"(40.8308453, -73.9472242)"
3765,40.6630951,-73.8843005,"(40.6630951, -73.8843005)"
3766,40.6265698,-73.9709207,"(40.6265698, -73.9709207)"
3767,40.6873091,-73.947601,"(40.6873091, -73.947601)"
3768,40.699531,-73.9110367,"(40.699531, -73.9110367)"
3769,40.7413253,-73.7847761,"(40.7413253, -73.7847761)"
3771,40.6843118,-73.9541007,"(40.6843118, -73.9541007)"
3772,40.6991916,-73.9551832,"(40.6991916, -73.9551832)"
3773,40.6125498,-73.962859,"(40.6125498, -73.962859)"
3774,40.6844144,-73.8695057,"(40.6844144, -73.8695057)"
3776,40.6334286,-73.9529755,"(40.6334286, -73.9529755)"
3777,40.7756404,-73.9605114,"(40.7756404, -73.9605114)"
3778,40.6754415,-73.7808551,"(40.6754415, -73.7808551)"
3780,40.6746063,-73.9083084,"(40.6746063, -73.9083084)"
3781,40.8362327,-73.9074026,"(40.8362327, -73.9074026)"
3782,40.5870756,-74.1039242,"(40.5870756, -74.1039242)"
3784,40.7203211,-73.9940403,"(40.7203211, -73.9940403)"
3785,40.6631828,-73.9624487,"(40.6631828, -73.9624487)"
3786,40.8170594,-73.9558011,"(40.8170594, -73.9558011)"
3788,40.8852149,-73.9010345,"(40.8852149, -73.9010345)"
3789,40.6920621,-73.9519029,"(40.6920621, -73.9519029)"
3790,40.7578281,-73.9930696,"(40.7578281, -73.9930696)"
3791,40.8700151,-73.8324279,"(40.8700151, -73.8324279)"
3793,40.6746262,-74.0077113,"(40.6746262, -74.0077113)"
3794,40.740095,-73.8998482,"(40.740095, -73.8998482)"
3795,40.5873639,-74.164843,"(40.5873639, -74.164843)"
3797,40.7484375,-73.9845604,"(40.7484375, -73.9845604)"
3798,40.7268162,-73.8384524,"(40.7268162, -73.8384524)"
3799,40.7084056,-73.7678917,"(40.7084056, -73.7678917)"
3800,40.7801727,-73.9550925,"(40.7801727, -73.9550925)"
3801,40.6484657,-74.0068217,"(40.6484657, -74.0068217)"
3802,40.6417459,-74.0138151,"(40.6417459, -74.0138151)"
3804,40.7903142,-73.9476861,"(40.7903142, -73.9476861)"
3805,40.6411861,-73.9195569,"(40.6411861, -73.9195569)"
3806,40.7609899,-73.9733095,"(40.7609899, -73.9733095)"
3807,40.7225802,-73.9404817,"(40.7225802, -73.9404817)"
3808,40.6531499,-73.9411624,"(40.6531499, -73.9411624)"
3809,40.7323159,-74.0005124,"(40.7323159, -74.0005124)"
3810,40.8581993,-73.8709795,"(40.8581993, -73.8709795)"
3811,40.7443167,-73.9584585,"(40.7443167, -73.9584585)"
3812,40.8159752,-73.9432114,"(40.8159752, -73.9432114)"
3813,40.7578241,-73.8609985,"(40.7578241, -73.8609985)"
3814,40.7849752,-73.982638,"(40.7849752, -73.982638)"
3815,40.6251782,-73.961393,"(40.6251782, -73.961393)"
3816,40.7276628,-73.9293744,"(40.7276628, -73.9293744)"
3817,40.6726817,-73.95302,"(40.6726817, -73.95302)"
3818,40.5966212,-74.0022985,"(40.5966212, -74.0022985)"
3819,40.5747745,-74.1114824,"(40.5747745, -74.1114824)"
3820,40.5369164,-74.2250154,"(40.5369164, -74.2250154)"
3821,40.7558074,-73.9864031,"(40.7558074, -73.9864031)"
3823,40.6652573,-73.7395512,"(40.6652573, -73.7395512)"
3824,40.7012146,-73.8133626,"(40.7012146, -73.8133626)"
3826,40.67398,-73.91115,"(40.67398, -73.91115)"
3827,40.6768941,-73.9000457,"(40.6768941, -73.9000457)"
3828,40.6885202,-73.992929,"(40.6885202, -73.992929)"
3829,40.6638448,-73.9945067,"(40.6638448, -73.9945067)"
3831,40.6451934,-73.9479944,"(40.6451934, -73.9479944)"
3833,40.5257108,-74.1680218,"(40.5257108, -74.1680218)"
3834,40.8848174,-73.86755,"(40.8848174, -73.86755)"
3835,40.7140518,-73.9901992,"(40.7140518, -73.9901992)"
3837,40.8196938,-73.9016016,"(40.8196938, -73.9016016)"
3838,40.5890362,-74.0898783,"(40.5890362, -74.0898783)"
3839,40.7577479,-73.9714518,"(40.7577479, -73.9714518)"
3840,40.5985172,-73.979849,"(40.5985172, -73.979849)"
3841,40.7432457,-73.7315265,"(40.7432457, -73.7315265)"
3842,40.8149009,-73.9074937,"(40.8149009, -73.9074937)"
3844,40.7730188,-73.9521874,"(40.7730188, -73.9521874)"
3845,40.5140309,-74.2039855,"(40.5140309, -74.2039855)"
3846,40.6777156,-73.935859,"(40.6777156, -73.935859)"
3847,40.8268488,-73.9226784,"(40.8268488, -73.9226784)"
3848,40.6528929,-73.8667311,"(40.6528929, -73.8667311)"
3849,40.6781564,-73.9441507,"(40.6781564, -73.9441507)"
3850,40.6418947,-73.9332342,"(40.6418947, -73.9332342)"
3853,40.7465803,-73.943765,"(40.7465803, -73.943765)"
3854,40.6962878,-73.9911863,"(40.6962878, -73.9911863)"
3855,40.7349373,-73.8849335,"(40.7349373, -73.8849335)"
3856,40.840953,-73.9394712,"(40.840953, -73.9394712)"
3858,40.7188499,-73.9926191,"(40.7188499, -73.9926191)"
3859,40.7426844,-73.8546209,"(40.7426844, -73.8546209)"
3860,40.7379972,-73.8509721,"(40.7379972, -73.8509721)"
3861,40.8868832,-73.8653796,"(40.8868832, -73.8653796)"
3862,40.5868917,-73.9431866,"(40.5868917, -73.9431866)"
3863,40.755207,-73.996654,"(40.755207, -73.996654)"
3864,40.832562,-73.8694212,"(40.832562, -73.8694212)"
3865,40.6800886,-73.9439725,"(40.6800886, -73.9439725)"
3866,40.693693,-73.9312026,"(40.693693, -73.9312026)"
3868,40.6334692,-74.0210119,"(40.6334692, -74.0210119)"
3869,40.7692957,-73.9949385,"(40.7692957, -73.9949385)"
3870,40.7354974,-73.8697016,"(40.7354974, -73.8697016)"
3871,40.7025105,-73.9563531,"(40.7025105, -73.9563531)"
3872,40.6621301,-73.7415602,"(40.6621301, -73.7415602)"
3873,40.7373607,-73.996839,"(40.7373607, -73.996839)"
3875,40.7106047,-73.9846738,"(40.7106047, -73.9846738)"
3876,40.6620929,-73.7324844,"(40.6620929, -73.7324844)"
3877,40.6896895,-73.9923627,"(40.6896895, -73.9923627)"
3878,40.8806238,-73.8404618,"(40.8806238, -73.8404618)"
3879,40.8278765,-73.9382364,"(40.8278765, -73.9382364)"
3880,40.812739,-73.9376183,"(40.812739, -73.9376183)"
3881,40.7577576,-73.8628071,"(40.7577576, -73.8628071)"
3882,40.725974,-73.9407373,"(40.725974, -73.9407373)"
3883,40.8652995,-73.8481235,"(40.8652995, -73.8481235)"
3884,40.6818611,-73.7955119,"(40.6818611, -73.7955119)"
3885,40.5895661,-73.9397962,"(40.5895661, -73.9397962)"
3886,40.7621841,-73.9936106,"(40.7621841, -73.9936106)"
3887,40.7164451,-73.9883663,"(40.7164451, -73.9883663)"
3888,40.6136834,-73.9888128,"(40.6136834, -73.9888128)"
3890,40.74588,-73.7722411,"(40.74588, -73.7722411)"
3891,40.8565383,-73.8725586,"(40.8565383, -73.8725586)"
3892,40.6849209,-73.861374,"(40.6849209, -73.861374)"
3893,40.7471531,-73.9854954,"(40.7471531, -73.9854954)"
3894,40.6283876,-73.9242989,"(40.6283876, -73.9242989)"
3895,40.6098096,-73.9224976,"(40.6098096, -73.9224976)"
3897,40.907506,-73.8965479,"(40.907506, -73.8965479)"
3898,40.6955559,-73.9345617,"(40.6955559, -73.9345617)"
3899,40.7465563,-73.826199,"(40.7465563, -73.826199)"
3901,40.8334144,-73.8590554,"(40.8334144, -73.8590554)"
3902,40.6562148,-73.8825104,"(40.6562148, -73.8825104)"
3903,40.6198312,-74.0295626,"(40.6198312, -74.0295626)"
3904,40.6911214,-73.9535659,"(40.6911214, -73.9535659)"
3906,40.834597,-73.8610116,"(40.834597, -73.8610116)"
3907,40.820189,-73.8906752,"(40.820189, -73.8906752)"
3909,40.7831606,-73.9804719,"(40.7831606, -73.9804719)"
3911,40.7469428,-73.8904995,"(40.7469428, -73.8904995)"
3912,40.6651,-73.94538,"(40.6651, -73.94538)"
3913,40.7501114,-73.968907,"(40.7501114, -73.968907)"
3914,40.7588218,-73.8051372,"(40.7588218, -73.8051372)"
3915,40.6718124,-73.9987847,"(40.6718124, -73.9987847)"
3917,40.7677542,-73.8319235,"(40.7677542, -73.8319235)"
3918,40.6892183,-73.9176492,"(40.6892183, -73.9176492)"
3919,40.7067007,-74.0160467,"(40.7067007, -74.0160467)"
3920,40.73887,-73.9328412,"(40.73887, -73.9328412)"
3921,40.6332575,-74.1119548,"(40.6332575, -74.1119548)"
3922,40.6809485,-73.9070198,"(40.6809485, -73.9070198)"
3923,40.6140296,-73.9493046,"(40.6140296, -73.9493046)"
3924,40.6234622,-74.0310592,"(40.6234622, -74.0310592)"
3925,40.6533268,-73.9382899,"(40.6533268, -73.9382899)"
3926,40.715356,-73.9977202,"(40.715356, -73.9977202)"
3927,40.8388747,-73.9026466,"(40.8388747, -73.9026466)"
3928,40.5754532,-74.1078515,"(40.5754532, -74.1078515)"
3929,40.6503881,-73.958708,"(40.6503881, -73.958708)"
3930,40.6555605,-73.9119963,"(40.6555605, -73.9119963)"
3931,40.7621739,-73.7567868,"(40.7621739, -73.7567868)"
3932,40.725041,-73.8682825,"(40.725041, -73.8682825)"
3933,40.8071867,-73.9242798,"(40.8071867, -73.9242798)"
3935,40.7578281,-73.9930696,"(40.7578281, -73.9930696)"
3936,40.8767247,-73.9066592,"(40.8767247, -73.9066592)"
3937,40.7704501,-73.8342056,"(40.7704501, -73.8342056)"
3938,40.7333004,-73.8252269,"(40.7333004, -73.8252269)"
3940,40.7612344,-73.9638843,"(40.7612344, -73.9638843)"
3941,40.8036997,-73.9358171,"(40.8036997, -73.9358171)"
3942,40.7168135,-73.9977634,"(40.7168135, -73.9977634)"
3943,40.5603501,-74.1276931,"(40.5603501, -74.1276931)"
3944,40.7149449,-73.8336835,"(40.7149449, -73.8336835)"
3945,40.7610398,-73.9753742,"(40.7610398, -73.9753742)"
3946,40.835432,-73.9233984,"(40.835432, -73.9233984)"
3948,40.7199532,-74.0085823,"(40.7199532, -74.0085823)"
3949,40.7621739,-73.7567868,"(40.7621739, -73.7567868)"
3950,40.7546195,-73.9737343,"(40.7546195, -73.9737343)"
3953,40.6717192,-73.8509652,"(40.6717192, -73.8509652)"
3954,40.6417272,-73.9926457,"(40.6417272, -73.9926457)"
3955,40.7608228,-73.9983142,"(40.7608228, -73.9983142)"
3956,40.6031902,-74.0672272,"(40.6031902, -74.0672272)"
3957,40.8712878,-73.8802357,"(40.8712878, -73.8802357)"
3958,40.8353094,-73.9439682,"(40.8353094, -73.9439682)"
3959,40.7667789,-73.9967618,"(40.7667789, -73.9967618)"
3960,40.6483539,-73.9100022,"(40.6483539, -73.9100022)"
3961,40.819058,-73.9292196,"(40.819058, -73.9292196)"
3962,40.6757357,-73.8968533,"(40.6757357, -73.8968533)"
3963,40.6781564,-73.9441507,"(40.6781564, -73.9441507)"
3964,40.7546224,-73.9971269,"(40.7546224, -73.9971269)"
3965,40.8445458,-73.8853005,"(40.8445458, -73.8853005)"
3966,40.7387549,-74.0054958,"(40.7387549, -74.0054958)"
3967,40.5727507,-73.9970447,"(40.5727507, -73.9970447)"
3968,40.6527254,-74.0093449,"(40.6527254, -74.0093449)"
3969,40.8190153,-73.8480268,"(40.8190153, -73.8480268)"
3971,40.7354921,-73.8596198,"(40.7354921, -73.8596198)"
3972,40.7647907,-73.9842822,"(40.7647907, -73.9842822)"
3973,40.7722401,-73.9274281,"(40.7722401, -73.9274281)"
3974,40.7065744,-73.9228648,"(40.7065744, -73.9228648)"
3975,40.7456822,-73.9721247,"(40.7456822, -73.9721247)"
3978,40.8069155,-73.9572671,"(40.8069155, -73.9572671)"
3979,40.6205477,-74.1691863,"(40.6205477, -74.1691863)"
3980,40.7357635,-73.7156369,"(40.7357635, -73.7156369)"
3981,40.6233205,-74.0370029,"(40.6233205, -74.0370029)"
3982,40.7832816,-73.7724078,"(40.7832816, -73.7724078)"
3983,40.6606564,-73.8857861,"(40.6606564, -73.8857861)"
3984,40.7542523,-73.8278248,"(40.7542523, -73.8278248)"
3986,40.7010423,-73.8412162,"(40.7010423, -73.8412162)"
3987,40.5825335,-73.9572199,"(40.5825335, -73.9572199)"
3988,40.7621739,-73.7567868,"(40.7621739, -73.7567868)"
3989,40.6347252,-74.0164124,"(40.6347252, -74.0164124)"
3990,40.742975,-73.8143102,"(40.742975, -73.8143102)"
3991,40.700922,-73.951287,"(40.700922, -73.951287)"
3993,40.648707,-74.0102489,"(40.648707, -74.0102489)"
3994,40.713899,-73.7487976,"(40.713899, -73.7487976)"
3995,40.738552,-73.9996824,"(40.738552, -73.9996824)"
3996,40.7036969,-73.9665375,"(40.7036969, -73.9665375)"
3997,40.7717319,-73.9829592,"(40.7717319, -73.9829592)"
3999,40.6639058,-73.9509752,"(40.6639058, -73.9509752)"
4000,40.6959932,-73.983213,"(40.6959932, -73.983213)"
4001,40.7666318,-73.8890253,"(40.7666318, -73.8890253)"
4002,40.5199452,-74.2059926,"(40.5199452, -74.2059926)"
4003,40.6591744,-73.8398633,"(40.6591744, -73.8398633)"
4004,40.7710377,-73.8341189,"(40.7710377, -73.8341189)"
4005,40.7870644,-73.941936,"(40.7870644, -73.941936)"
4007,40.7294606,-73.9544845,"(40.7294606, -73.9544845)"
4008,40.7414715,-73.9854281,"(40.7414715, -73.9854281)"
4009,40.7202245,-73.8080856,"(40.7202245, -73.8080856)"
4010,40.8731394,-73.9057133,"(40.8731394, -73.9057133)"
4011,40.8169293,-73.886161,"(40.8169293, -73.886161)"
4012,40.7230221,-73.9988131,"(40.7230221, -73.9988131)"
4013,40.7799246,-73.9806751,"(40.7799246, -73.9806751)"
4015,40.693593,-73.8297052,"(40.693593, -73.8297052)"
4016,40.6860873,-73.9826602,"(40.6860873, -73.9826602)"
4017,40.8150596,-73.8828008,"(40.8150596, -73.8828008)"
4018,40.9038913,-73.8513815,"(40.9038913, -73.8513815)"
4019,40.7627598,-73.8895205,"(40.7627598, -73.8895205)"
4020,40.7451136,-73.9474328,"(40.7451136, -73.9474328)"
4021,40.7590602,-73.9726136,"(40.7590602, -73.9726136)"
4025,40.6772073,-73.897226,"(40.6772073, -73.897226)"
4026,40.6635016,-73.8021963,"(40.6635016, -73.8021963)"
4027,40.758981,-73.9959428,"(40.758981, -73.9959428)"
4029,40.6471319,-74.0046234,"(40.6471319, -74.0046234)"
4030,40.5900863,-73.9547487,"(40.5900863, -73.9547487)"
4031,40.8410766,-73.9397674,"(40.8410766, -73.9397674)"
4032,40.879581,-73.8789913,"(40.879581, -73.8789913)"
4033,40.6467885,-74.0085693,"(40.6467885, -74.0085693)"
4034,40.640239,-73.9194608,"(40.640239, -73.9194608)"
4036,40.8491438,-73.9354696,"(40.8491438, -73.9354696)"
4037,40.7464925,-74.0013245,"(40.7464925, -74.0013245)"
4039,40.6814974,-73.8158046,"(40.6814974, -73.8158046)"
4041,40.7269695,-73.853746,"(40.7269695, -73.853746)"
4042,40.6752376,-73.9710509,"(40.6752376, -73.9710509)"
4043,40.6536234,-73.9335108,"(40.6536234, -73.9335108)"
4044,40.690993,-73.9893083,"(40.690993, -73.9893083)"
4045,40.7448492,-73.8356768,"(40.7448492, -73.8356768)"
4046,40.7758291,-73.9102595,"(40.7758291, -73.9102595)"
4047,40.7529363,-73.9854869,"(40.7529363, -73.9854869)"
4048,40.7815326,-73.9583197,"(40.7815326, -73.9583197)"
4049,40.769483,-73.9578652,"(40.769483, -73.9578652)"
4050,40.7236259,-74.0047875,"(40.7236259, -74.0047875)"
4052,40.7852936,-73.9693348,"(40.7852936, -73.9693348)"
4053,40.8213817,-73.9541326,"(40.8213817, -73.9541326)"
4054,40.7406926,-73.8441704,"(40.7406926, -73.8441704)"
4055,40.7656758,-73.9762353,"(40.7656758, -73.9762353)"
4056,40.7161366,-73.8184852,"(40.7161366, -73.8184852)"
4057,40.8782895,-73.8700582,"(40.8782895, -73.8700582)"
4058,40.7858346,-73.8504209,"(40.7858346, -73.8504209)"
4059,40.7601916,-73.8276001,"(40.7601916, -73.8276001)"
4060,40.6803904,-73.949557,"(40.6803904, -73.949557)"
4061,40.8266254,-73.9391482,"(40.8266254, -73.9391482)"
4062,40.7352052,-73.9857867,"(40.7352052, -73.9857867)"
4063,40.6472432,-73.9604721,"(40.6472432, -73.9604721)"
4064,40.7190037,-74.0051731,"(40.7190037, -74.0051731)"
4065,40.7851932,-73.9493331,"(40.7851932, -73.9493331)"
4067,40.586461,-73.815433,"(40.586461, -73.815433)"
4068,40.8060668,-73.9090412,"(40.8060668, -73.9090412)"
4069,40.5798042,-73.9718339,"(40.5798042, -73.9718339)"
4071,40.7609926,-73.990759,"(40.7609926, -73.990759)"
4072,40.5291228,-74.217014,"(40.5291228, -74.217014)"
4073,40.6158281,-73.9576956,"(40.6158281, -73.9576956)"
4074,40.6739421,-73.8639204,"(40.6739421, -73.8639204)"
4075,40.87213,-73.8824688,"(40.87213, -73.8824688)"
4077,40.8848174,-73.86755,"(40.8848174, -73.86755)"
4078,40.690993,-73.9893083,"(40.690993, -73.9893083)"
4079,40.6192495,-73.9709347,"(40.6192495, -73.9709347)"
4080,40.5753038,-73.976609,"(40.5753038, -73.976609)"
4081,40.562561,-74.1973878,"(40.562561, -74.1973878)"
4082,40.8383342,-73.9169189,"(40.8383342, -73.9169189)"
4083,40.8815054,-73.879353,"(40.8815054, -73.879353)"
4085,40.6814763,-73.7277536,"(40.6814763, -73.7277536)"
4087,40.8327066,-73.9050515,"(40.8327066, -73.9050515)"
4088,40.872452,-73.8780642,"(40.872452, -73.8780642)"
4089,40.8406104,-73.8541865,"(40.8406104, -73.8541865)"
4090,40.8691175,-73.8304741,"(40.8691175, -73.8304741)"
4091,40.6069607,-73.9269631,"(40.6069607, -73.9269631)"
4092,40.6320672,-73.9186024,"(40.6320672, -73.9186024)"
4093,40.679351,-73.750341,"(40.679351, -73.750341)"
4094,40.8687708,-73.8317333,"(40.8687708, -73.8317333)"
4096,40.7145026,-73.8247094,"(40.7145026, -73.8247094)"
4097,40.69845,-73.7519681,"(40.69845, -73.7519681)"
4098,40.8441075,-73.8861506,"(40.8441075, -73.8861506)"
4099,40.7566543,-73.9785667,"(40.7566543, -73.9785667)"
4100,40.8269923,-73.8200377,"(40.8269923, -73.8200377)"
4101,40.7107433,-73.982731,"(40.7107433, -73.982731)"
4102,40.8243922,-73.836293,"(40.8243922, -73.836293)"
4103,40.64824,-74.0140002,"(40.64824, -74.0140002)"
4104,40.6757776,-73.9808891,"(40.6757776, -73.9808891)"
4105,40.705426,-73.7825671,"(40.705426, -73.7825671)"
4106,40.6798188,-73.9084238,"(40.6798188, -73.9084238)"
4107,40.6986759,-73.7510837,"(40.6986759, -73.7510837)"
4108,40.6655988,-73.8743078,"(40.6655988, -73.8743078)"
4109,40.7780962,-73.9782926,"(40.7780962, -73.9782926)"
4110,40.7578281,-73.9930696,"(40.7578281, -73.9930696)"
4111,40.7158492,-73.8099009,"(40.7158492, -73.8099009)"
4113,40.758981,-73.9959428,"(40.758981, -73.9959428)"
4114,40.6934961,-73.7349007,"(40.6934961, -73.7349007)"
4115,40.7195512,-73.9748892,"(40.7195512, -73.9748892)"
4116,40.7578101,-73.945831,"(40.7578101, -73.945831)"
4117,40.8434197,-73.8376553,"(40.8434197, -73.8376553)"
4119,40.6760158,-73.893976,"(40.6760158, -73.893976)"
4120,40.7283307,-73.8965302,"(40.7283307, -73.8965302)"
4121,40.591994,-73.9373744,"(40.591994, -73.9373744)"
4122,40.7567703,-73.9827104,"(40.7567703, -73.9827104)"
4123,40.7513955,-73.8883988,"(40.7513955, -73.8883988)"
4124,40.8122827,-73.9044665,"(40.8122827, -73.9044665)"
4125,40.6716074,-73.9169427,"(40.6716074, -73.9169427)"
4126,40.75658,-73.9297516,"(40.75658, -73.9297516)"
4127,40.6425396,-73.8765111,"(40.6425396, -73.8765111)"
4128,40.766166,-73.9542464,"(40.766166, -73.9542464)"
4129,40.8542925,-73.9002599,"(40.8542925, -73.9002599)"
4130,40.7041864,-73.7817056,"(40.7041864, -73.7817056)"
4133,40.5931256,-73.79147,"(40.5931256, -73.79147)"
4134,40.6914211,-73.8665099,"(40.6914211, -73.8665099)"
4135,40.708447,-73.8002203,"(40.708447, -73.8002203)"
4136,40.6102022,-73.9604436,"(40.6102022, -73.9604436)"
4137,40.6228433,-74.0012032,"(40.6228433, -74.0012032)"
4138,40.7283926,-73.8330138,"(40.7283926, -73.8330138)"
4139,40.7677689,-73.7358686,"(40.7677689, -73.7358686)"
4140,40.8578397,-73.9320414,"(40.8578397, -73.9320414)"
4141,40.8172146,-73.9309449,"(40.8172146, -73.9309449)"
4142,40.7342022,-73.7125007,"(40.7342022, -73.7125007)"
4143,40.6712046,-73.9005085,"(40.6712046, -73.9005085)"
4145,40.5789366,-73.9852115,"(40.5789366, -73.9852115)"
4146,40.7752455,-73.9476221,"(40.7752455, -73.9476221)"
4147,40.7617055,-73.93158,"(40.7617055, -73.93158)"
4148,40.6745005,-73.7414113,"(40.6745005, -73.7414113)"
4149,40.6821334,-74.0003714,"(40.6821334, -74.0003714)"
4150,40.7334612,-73.7354562,"(40.7334612, -73.7354562)"
4151,40.757125,-73.9719069,"(40.757125, -73.9719069)"
4152,40.6585049,-73.914692,"(40.6585049, -73.914692)"
4153,40.5840563,-74.1610078,"(40.5840563, -74.1610078)"
4154,40.723681,-73.8996076,"(40.723681, -73.8996076)"
4155,40.6583569,-73.873251,"(40.6583569, -73.873251)"
4156,40.5793999,-74.1694817,"(40.5793999, -74.1694817)"
4157,40.7269737,-73.9857379,"(40.7269737, -73.9857379)"
4158,40.7914677,-73.9741062,"(40.7914677, -73.9741062)"
4159,40.6725296,-73.9502515,"(40.6725296, -73.9502515)"
4160,40.5994964,-73.9503743,"(40.5994964, -73.9503743)"
4161,40.7123496,-73.8443563,"(40.7123496, -73.8443563)"
4162,40.7225499,-74.006299,"(40.7225499, -74.006299)"
4163,40.6857428,-73.8277385,"(40.6857428, -73.8277385)"
4164,40.7264453,-73.9031572,"(40.7264453, -73.9031572)"
4165,40.6947914,-73.9543062,"(40.6947914, -73.9543062)"
4166,40.7577322,-73.9968524,"(40.7577322, -73.9968524)"
4168,40.7119038,-73.9001844,"(40.7119038, -73.9001844)"
4169,40.6241739,-73.9483458,"(40.6241739, -73.9483458)"
4171,40.6422535,-73.9274145,"(40.6422535, -73.9274145)"
4174,40.5919291,-73.9576748,"(40.5919291, -73.9576748)"
4175,40.7057932,-74.0038701,"(40.7057932, -74.0038701)"
4177,40.6308307,-74.0250857,"(40.6308307, -74.0250857)"
4178,40.7283709,-73.8711335,"(40.7283709, -73.8711335)"
4180,40.635508,-73.9132766,"(40.635508, -73.9132766)"
4181,40.8354859,-73.9493936,"(40.8354859, -73.9493936)"
4183,40.6286836,-74.0121408,"(40.6286836, -74.0121408)"
4184,40.6370079,-73.9149428,"(40.6370079, -73.9149428)"
4185,40.7275201,-73.898689,"(40.7275201, -73.898689)"
4186,40.7596199,-73.9619648,"(40.7596199, -73.9619648)"
4187,40.5999591,-73.9858767,"(40.5999591, -73.9858767)"
4189,40.6457669,-73.9852832,"(40.6457669, -73.9852832)"
4190,40.8179137,-73.9342643,"(40.8179137, -73.9342643)"
4191,40.6047829,-74.0707499,"(40.6047829, -74.0707499)"
4192,40.802699,-73.9491862,"(40.802699, -73.9491862)"
4194,40.578439,-73.9680438,"(40.578439, -73.9680438)"
4195,40.6783196,-73.9469195,"(40.6783196, -73.9469195)"
4196,40.7220991,-73.7777101,"(40.7220991, -73.7777101)"
4197,40.7068526,-74.0050027,"(40.7068526, -74.0050027)"
4198,40.8695913,-73.8203916,"(40.8695913, -73.8203916)"
4199,40.664083,-73.9481671,"(40.664083, -73.9481671)"
4200,40.7385589,-73.7116989,"(40.7385589, -73.7116989)"
4201,40.7538385,-73.8058195,"(40.7538385, -73.8058195)"
4202,40.6108543,-74.0706209,"(40.6108543, -74.0706209)"
4203,40.640239,-73.9194608,"(40.640239, -73.9194608)"
4204,40.747009,-73.9771875,"(40.747009, -73.9771875)"
4205,40.7580218,-73.9817932,"(40.7580218, -73.9817932)"
4206,40.5931947,-74.156367,"(40.5931947, -74.156367)"
4207,40.6113222,-74.1147031,"(40.6113222, -74.1147031)"
4209,40.757961,-73.7856623,"(40.757961, -73.7856623)"
4210,40.8292426,-73.9348259,"(40.8292426, -73.9348259)"
4211,40.8291017,-73.8364849,"(40.8291017, -73.8364849)"
4213,40.7722895,-73.9153947,"(40.7722895, -73.9153947)"
4214,40.7115989,-73.8581876,"(40.7115989, -73.8581876)"
4215,40.7413299,-73.9481305,"(40.7413299, -73.9481305)"
4216,40.8494529,-73.9059999,"(40.8494529, -73.9059999)"
4217,40.696131,-73.9871041,"(40.696131, -73.9871041)"
4218,40.8209732,-73.8928382,"(40.8209732, -73.8928382)"
4219,40.7514055,-74.0051756,"(40.7514055, -74.0051756)"
4220,40.7476892,-74.0041684,"(40.7476892, -74.0041684)"
4221,40.747925,-73.973607,"(40.747925, -73.973607)"
4222,40.7875656,-73.9788131,"(40.7875656, -73.9788131)"
4223,40.5932616,-74.1106455,"(40.5932616, -74.1106455)"
4224,40.7101611,-73.9885328,"(40.7101611, -73.9885328)"
4225,40.7577007,-73.9693944,"(40.7577007, -73.9693944)"
4226,40.6716502,-73.7638126,"(40.6716502, -73.7638126)"
4228,40.5377004,-74.1500095,"(40.5377004, -74.1500095)"
4230,40.7496667,-73.9815717,"(40.7496667, -73.9815717)"
4231,40.5895661,-73.9397962,"(40.5895661, -73.9397962)"
4232,40.6613872,-73.9536154,"(40.6613872, -73.9536154)"
4233,40.7466186,-73.9938142,"(40.7466186, -73.9938142)"
4234,40.6437216,-73.9410914,"(40.6437216, -73.9410914)"
4235,40.7252872,-73.9779779,"(40.7252872, -73.9779779)"
4236,40.705047,-73.9030296,"(40.705047, -73.9030296)"
4237,40.6633481,-73.9982843,"(40.6633481, -73.9982843)"
4238,40.8346811,-73.9444241,"(40.8346811, -73.9444241)"
4240,40.7497498,-73.7548453,"(40.7497498, -73.7548453)"
4241,40.6678526,-73.9210207,"(40.6678526, -73.9210207)"
4242,40.6674319,-73.744737,"(40.6674319, -73.744737)"
4243,40.7756005,-73.9563341,"(40.7756005, -73.9563341)"
4244,40.7906152,-73.9798631,"(40.7906152, -73.9798631)"
4245,40.6371034,-74.1500816,"(40.6371034, -74.1500816)"
4246,40.8856586,-73.9099811,"(40.8856586, -73.9099811)"
4247,40.8927532,-73.8577324,"(40.8927532, -73.8577324)"
4249,40.7148599,-73.7592117,"(40.7148599, -73.7592117)"
4250,40.6754368,-73.9779583,"(40.6754368, -73.9779583)"
4251,40.6608261,-73.9506459,"(40.6608261, -73.9506459)"
4252,40.850189,-73.9396363,"(40.850189, -73.9396363)"
4253,40.7474293,-73.9035814,"(40.7474293, -73.9035814)"
4254,40.8361093,-73.9223713,"(40.8361093, -73.9223713)"
4255,40.739575,-73.7916608,"(40.739575, -73.7916608)"
4256,40.7728776,-73.993411,"(40.7728776, -73.993411)"
4258,40.769792,-73.9880646,"(40.769792, -73.9880646)"
4259,40.7497063,-73.9915618,"(40.7497063, -73.9915618)"
4260,40.7319494,-73.8634231,"(40.7319494, -73.8634231)"
4262,40.7655301,-73.9976715,"(40.7655301, -73.9976715)"
4264,40.693341,-73.9668817,"(40.693341, -73.9668817)"
4265,40.7678891,-73.9815125,"(40.7678891, -73.9815125)"
4266,40.7172094,-73.9347028,"(40.7172094, -73.9347028)"
4267,40.6421503,-74.1150362,"(40.6421503, -74.1150362)"
4269,40.7454835,-73.8886072,"(40.7454835, -73.8886072)"
4272,40.7515235,-73.9939473,"(40.7515235, -73.9939473)"
4273,40.6979035,-73.9467957,"(40.6979035, -73.9467957)"
4274,40.6057925,-73.9244398,"(40.6057925, -73.9244398)"
4275,40.666739,-73.7862659,"(40.666739, -73.7862659)"
4276,40.7576267,-73.780101,"(40.7576267, -73.780101)"
4277,40.7446279,-73.9852433,"(40.7446279, -73.9852433)"
4278,40.6987734,-73.9223293,"(40.6987734, -73.9223293)"
4279,40.6797311,-73.9373966,"(40.6797311, -73.9373966)"
4281,40.7308509,-73.9156514,"(40.7308509, -73.9156514)"
4282,40.7199104,-73.8090389,"(40.7199104, -73.8090389)"
4283,40.7584318,-73.9730687,"(40.7584318, -73.9730687)"
4284,40.8571822,-73.909763,"(40.8571822, -73.909763)"
4285,40.6814058,-73.8533304,"(40.6814058, -73.8533304)"
4286,40.7413955,-73.8847997,"(40.7413955, -73.8847997)"
4287,40.7118451,-73.8597598,"(40.7118451, -73.8597598)"
4288,40.7122033,-73.7343791,"(40.7122033, -73.7343791)"
4289,40.627811,-74.1688157,"(40.627811, -74.1688157)"
4290,40.7606005,-73.9643142,"(40.7606005, -73.9643142)"
4291,40.8661535,-73.8615422,"(40.8661535, -73.8615422)"
4295,40.7334973,-73.8703694,"(40.7334973, -73.8703694)"
4297,40.6236805,-73.9977125,"(40.6236805, -73.9977125)"
4298,40.7285596,-73.8285226,"(40.7285596, -73.8285226)"
4300,40.654313,-73.9175769,"(40.654313, -73.9175769)"
4301,40.6641657,-73.9905454,"(40.6641657, -73.9905454)"
4302,40.7052242,-73.8785648,"(40.7052242, -73.8785648)"
4304,40.5952978,-74.1618991,"(40.5952978, -74.1618991)"
4305,40.6016379,-73.9518348,"(40.6016379, -73.9518348)"
4306,40.7805367,-73.8229183,"(40.7805367, -73.8229183)"
4307,40.7628522,-73.9677279,"(40.7628522, -73.9677279)"
4308,40.8406104,-73.8541865,"(40.8406104, -73.8541865)"
4309,40.7137146,-73.9980197,"(40.7137146, -73.9980197)"
4310,40.6863514,-73.9623996,"(40.6863514, -73.9623996)"
4311,40.7176783,-73.8171259,"(40.7176783, -73.8171259)"
4312,40.670701,-73.7736537,"(40.670701, -73.7736537)"
4313,40.7326191,-73.9815007,"(40.7326191, -73.9815007)"
4315,40.5965113,-73.9078755,"(40.5965113, -73.9078755)"
4316,40.6622155,-73.9304637,"(40.6622155, -73.9304637)"
4318,40.9041401,-73.9050073,"(40.9041401, -73.9050073)"
4319,40.5789366,-73.9852115,"(40.5789366, -73.9852115)"
4320,40.7548409,-73.9841185,"(40.7548409, -73.9841185)"
4321,40.7293433,-74.0036549,"(40.7293433, -74.0036549)"
4322,40.7626784,-73.9543321,"(40.7626784, -73.9543321)"
4323,40.8456554,-73.8521911,"(40.8456554, -73.8521911)"
4324,40.756684,-73.8579292,"(40.756684, -73.8579292)"
4326,40.5836578,-73.9865462,"(40.5836578, -73.9865462)"
4327,40.6683279,-73.7962635,"(40.6683279, -73.7962635)"
4328,40.5998026,-73.9475941,"(40.5998026, -73.9475941)"
4329,40.7043114,-73.9132917,"(40.7043114, -73.9132917)"
4331,40.6212596,-73.9983898,"(40.6212596, -73.9983898)"
4332,40.6751743,-73.9846999,"(40.6751743, -73.9846999)"
4333,40.663303,-73.960614,"(40.663303, -73.960614)"
4334,40.6667566,-73.8365263,"(40.6667566, -73.8365263)"
4335,40.6703473,-73.9974153,"(40.6703473, -73.9974153)"
4336,40.8157387,-73.9545483,"(40.8157387, -73.9545483)"
4337,40.5400884,-74.1478706,"(40.5400884, -74.1478706)"
4338,40.6223605,-74.174349,"(40.6223605, -74.174349)"
4339,40.5720144,-74.146991,"(40.5720144, -74.146991)"
4340,40.8450667,-73.8668774,"(40.8450667, -73.8668774)"
4341,40.7271556,-74.0055454,"(40.7271556, -74.0055454)"
4342,40.7442423,-73.7513176,"(40.7442423, -73.7513176)"
4343,40.6385239,-73.9731855,"(40.6385239, -73.9731855)"
4344,40.6666555,-73.8099023,"(40.6666555, -73.8099023)"
4345,40.7110702,-73.7920281,"(40.7110702, -73.7920281)"
4346,40.7699134,-73.8799832,"(40.7699134, -73.8799832)"
4348,40.5978331,-73.965485,"(40.5978331, -73.965485)"
4349,40.7134287,-73.7805895,"(40.7134287, -73.7805895)"
4350,40.8313883,-73.8779226,"(40.8313883, -73.8779226)"
4351,40.7588209,-73.8112014,"(40.7588209, -73.8112014)"
4352,40.8275022,-73.8863995,"(40.8275022, -73.8863995)"
4353,40.8402259,-73.9176827,"(40.8402259, -73.9176827)"
4354,40.672888,-73.9992169,"(40.672888, -73.9992169)"
4355,40.7779733,-73.982156,"(40.7779733, -73.982156)"
4356,40.6528929,-73.8667311,"(40.6528929, -73.8667311)"
4357,40.7114553,-73.9198581,"(40.7114553, -73.9198581)"
4358,40.6000839,-73.9659052,"(40.6000839, -73.9659052)"
4359,40.8705843,-73.9026508,"(40.8705843, -73.9026508)"
4360,40.6132421,-74.1204431,"(40.6132421, -74.1204431)"
4361,40.6140288,-73.9848688,"(40.6140288, -73.9848688)"
4363,40.8262017,-73.8216767,"(40.8262017, -73.8216767)"
4364,40.5791614,-73.9830875,"(40.5791614, -73.9830875)"
4365,40.7603532,-73.991232,"(40.7603532, -73.991232)"
4366,40.7073058,-73.7512138,"(40.7073058, -73.7512138)"
4367,40.7686469,-73.9698262,"(40.7686469, -73.9698262)"
4368,40.7570665,-73.8386219,"(40.7570665, -73.8386219)"
4369,40.554262,-74.2129141,"(40.554262, -74.2129141)"
4370,40.7526726,-73.9364005,"(40.7526726, -73.9364005)"
4371,40.619132,-73.9901807,"(40.619132, -73.9901807)"
4372,40.6851003,-73.9945771,"(40.6851003, -73.9945771)"
4373,40.7515235,-73.9939473,"(40.7515235, -73.9939473)"
4375,40.6091511,-73.9699667,"(40.6091511, -73.9699667)"
4376,40.7692262,-73.984765,"(40.7692262, -73.984765)"
4377,40.6630196,-73.9400291,"(40.6630196, -73.9400291)"
4379,40.7471478,-73.7775335,"(40.7471478, -73.7775335)"
4381,40.7231754,-73.9893933,"(40.7231754, -73.9893933)"
4384,40.7502089,-74.0023315,"(40.7502089, -74.0023315)"
4386,40.6414758,-74.0210576,"(40.6414758, -74.0210576)"
4387,40.7597028,-73.8003012,"(40.7597028, -73.8003012)"
4389,40.6829099,-73.9930521,"(40.6829099, -73.9930521)"
4390,40.7265052,-73.7556997,"(40.7265052, -73.7556997)"
4391,40.5570707,-74.154026,"(40.5570707, -74.154026)"
4392,40.5847755,-73.9601076,"(40.5847755, -73.9601076)"
4393,40.7722094,-73.9821793,"(40.7722094, -73.9821793)"
4394,40.8230413,-73.881916,"(40.8230413, -73.881916)"
4395,40.6786474,-74.0038324,"(40.6786474, -74.0038324)"
4396,40.7634232,-73.9405343,"(40.7634232, -73.9405343)"
4397,40.7650931,-73.8290603,"(40.7650931, -73.8290603)"
4398,40.6437571,-74.0186513,"(40.6437571, -74.0186513)"
4399,40.7416425,-73.9974342,"(40.7416425, -73.9974342)"
4400,40.763893,-73.9149938,"(40.763893, -73.9149938)"
4402,40.5859391,-73.9898616,"(40.5859391, -73.9898616)"
4403,40.8314212,-73.926424,"(40.8314212, -73.926424)"
4404,40.740876,-73.7877345,"(40.740876, -73.7877345)"
4405,40.7741623,-73.7793352,"(40.7741623, -73.7793352)"
4406,40.8373708,-73.8877667,"(40.8373708, -73.8877667)"
4407,40.8346626,-73.8915043,"(40.8346626, -73.8915043)"
4408,40.6152063,-74.0846476,"(40.6152063, -74.0846476)"
4411,40.7573886,-73.7277522,"(40.7573886, -73.7277522)"
4412,40.739575,-73.7916608,"(40.739575, -73.7916608)"
4413,40.6730798,-73.9112306,"(40.6730798, -73.9112306)"
4414,40.6960346,-73.9845292,"(40.6960346, -73.9845292)"
4415,40.6365062,-73.9157145,"(40.6365062, -73.9157145)"
4416,40.8568958,-73.8571584,"(40.8568958, -73.8571584)"
4417,40.7230774,-73.9764778,"(40.7230774, -73.9764778)"
4419,40.6576831,-73.8877843,"(40.6576831, -73.8877843)"
4420,40.754584,-73.9991446,"(40.754584, -73.9991446)"
4421,40.7286048,-74.0053146,"(40.7286048, -74.0053146)"
4422,40.5847834,-73.9625504,"(40.5847834, -73.9625504)"
4423,40.6066419,-73.9405083,"(40.6066419, -73.9405083)"
4424,40.8322971,-73.8195536,"(40.8322971, -73.8195536)"
4426,40.6459098,-74.0131601,"(40.6459098, -74.0131601)"
4428,40.7212488,-73.9922364,"(40.7212488, -73.9922364)"
4429,40.6227987,-74.0283499,"(40.6227987, -74.0283499)"
4430,40.6959932,-73.983213,"(40.6959932, -73.983213)"
4431,40.757125,-73.9719069,"(40.757125, -73.9719069)"
4432,40.7678891,-73.9815125,"(40.7678891, -73.9815125)"
4433,40.8574211,-73.8999552,"(40.8574211, -73.8999552)"
4434,40.6125693,-74.0083056,"(40.6125693, -74.0083056)"
4435,40.7229337,-73.9886394,"(40.7229337, -73.9886394)"
4437,40.5985668,-74.0817025,"(40.5985668, -74.0817025)"
4438,40.7332923,-73.9871799,"(40.7332923, -73.9871799)"
4439,40.7656551,-73.8060955,"(40.7656551, -73.8060955)"
4441,40.8626161,-73.8901066,"(40.8626161, -73.8901066)"
4443,40.7801727,-73.9550925,"(40.7801727, -73.9550925)"
4444,40.7192038,-73.9903644,"(40.7192038, -73.9903644)"
4445,40.6154331,-73.9138754,"(40.6154331, -73.9138754)"
4446,40.7368692,-73.928495,"(40.7368692, -73.928495)"
4447,40.7598989,-73.9804246,"(40.7598989, -73.9804246)"
4449,40.8962424,-73.8724104,"(40.8962424, -73.8724104)"
4452,40.8122008,-73.9422501,"(40.8122008, -73.9422501)"
4453,40.7063611,-73.7925261,"(40.7063611, -73.7925261)"
4454,40.6888383,-73.8218926,"(40.6888383, -73.8218926)"
4455,40.7629131,-73.9697999,"(40.7629131, -73.9697999)"
4456,40.5961601,-73.9610281,"(40.5961601, -73.9610281)"
4457,40.6184997,-74.0395757,"(40.6184997, -74.0395757)"
4459,40.6918983,-73.8288729,"(40.6918983, -73.8288729)"
4460,40.6443254,-74.0180605,"(40.6443254, -74.0180605)"
4461,40.7260468,-73.8240012,"(40.7260468, -73.8240012)"
4463,40.7998915,-73.9385839,"(40.7998915, -73.9385839)"
4464,40.6179234,-74.1557765,"(40.6179234, -74.1557765)"
4465,40.744099,-73.9956441,"(40.744099, -73.9956441)"
4466,40.6286429,-74.0059263,"(40.6286429, -74.0059263)"
4468,40.6762804,-73.8921621,"(40.6762804, -73.8921621)"
4469,40.7635887,-73.9714096,"(40.7635887, -73.9714096)"
4470,40.6432041,-73.9092812,"(40.6432041, -73.9092812)"
4471,40.7379972,-73.8509721,"(40.7379972, -73.8509721)"
4472,40.6235681,-73.9649458,"(40.6235681, -73.9649458)"
4473,40.7609059,-73.9669961,"(40.7609059, -73.9669961)"
4474,40.7679171,-73.9857147,"(40.7679171, -73.9857147)"
4475,40.7419723,-73.8411542,"(40.7419723, -73.8411542)"
4477,40.7732373,-73.8903407,"(40.7732373, -73.8903407)"
4478,40.6348847,-73.9334286,"(40.6348847, -73.9334286)"
4479,40.6543098,-73.9097419,"(40.6543098, -73.9097419)"
4480,40.7607946,-73.8307426,"(40.7607946, -73.8307426)"
4481,40.7527231,-73.9967877,"(40.7527231, -73.9967877)"
4483,40.6821158,-73.9536623,"(40.6821158, -73.9536623)"
4484,40.6745515,-73.8954996,"(40.6745515, -73.8954996)"
4485,40.7376849,-73.7340213,"(40.7376849, -73.7340213)"
4486,40.7169922,-73.8240129,"(40.7169922, -73.8240129)"
4487,40.6664063,-73.8026224,"(40.6664063, -73.8026224)"
4488,40.6986403,-73.9381758,"(40.6986403, -73.9381758)"
4490,40.7182736,-74.0053246,"(40.7182736, -74.0053246)"
4492,40.7259798,-73.8214758,"(40.7259798, -73.8214758)"
4494,40.6746063,-73.9083084,"(40.6746063, -73.9083084)"
4495,40.6790147,-73.7586706,"(40.6790147, -73.7586706)"
4496,40.7589805,-73.9624344,"(40.7589805, -73.9624344)"
4497,40.6235615,-73.92737,"(40.6235615, -73.92737)"
4498,40.6084351,-74.1554375,"(40.6084351, -74.1554375)"
4499,40.7425108,-73.917872,"(40.7425108, -73.917872)"
4501,40.7289346,-73.874542,"(40.7289346, -73.874542)"
4502,40.854907,-73.9296441,"(40.854907, -73.9296441)"
4503,40.5865724,-74.0920496,"(40.5865724, -74.0920496)"
4505,40.7602226,-73.967462,"(40.7602226, -73.967462)"
4506,40.8130953,-73.8982589,"(40.8130953, -73.8982589)"
4507,40.6377555,-74.0072062,"(40.6377555, -74.0072062)"
4508,40.6781627,-73.8974769,"(40.6781627, -73.8974769)"
4509,40.7062111,-73.9395971,"(40.7062111, -73.9395971)"
4510,40.671142,-73.8613162,"(40.671142, -73.8613162)"
4511,40.8398821,-73.9167832,"(40.8398821, -73.9167832)"
4513,40.6938306,-73.8288643,"(40.6938306, -73.8288643)"
4514,40.684299,-73.9972273,"(40.684299, -73.9972273)"
4515,40.7037516,-73.7991488,"(40.7037516, -73.7991488)"
4517,40.7768767,-73.9493719,"(40.7768767, -73.9493719)"
4518,40.5840327,-73.9349338,"(40.5840327, -73.9349338)"
4519,40.7137091,-73.7695866,"(40.7137091, -73.7695866)"
4520,40.7322789,-73.7405593,"(40.7322789, -73.7405593)"
4522,40.6311355,-74.1279294,"(40.6311355, -74.1279294)"
4523,40.8291633,-73.9372668,"(40.8291633, -73.9372668)"
4524,40.5342669,-74.1539735,"(40.5342669, -74.1539735)"
4525,40.7090151,-73.9485398,"(40.7090151, -73.9485398)"
4527,40.6390156,-73.9987209,"(40.6390156, -73.9987209)"
4528,40.7457274,-73.9781227,"(40.7457274, -73.9781227)"
4529,40.6697873,-73.9165845,"(40.6697873, -73.9165845)"
4530,40.6602041,-73.960623,"(40.6602041, -73.960623)"
4531,40.6475251,-73.9781909,"(40.6475251, -73.9781909)"
4532,40.7577576,-73.8628071,"(40.7577576, -73.8628071)"
4533,40.6832504,-73.818677,"(40.6832504, -73.818677)"
4534,40.7591044,-73.9921418,"(40.7591044, -73.9921418)"
4535,40.7012442,-73.9081023,"(40.7012442, -73.9081023)"
4536,40.6708931,-73.8407941,"(40.6708931, -73.8407941)"
4537,40.7178702,-73.9971068,"(40.7178702, -73.9971068)"
4538,40.7583059,-74.0001372,"(40.7583059, -74.0001372)"
4539,40.6726382,-73.9707493,"(40.6726382, -73.9707493)"
4540,40.8952213,-73.8800407,"(40.8952213, -73.8800407)"
4541,40.7319971,-73.990211,"(40.7319971, -73.990211)"
4542,40.6387712,-74.0216122,"(40.6387712, -74.0216122)"
4543,40.8478395,-73.9395227,"(40.8478395, -73.9395227)"
4544,40.6023582,-74.0126221,"(40.6023582, -74.0126221)"
4546,40.6338025,-73.8896944,"(40.6338025, -73.8896944)"
4547,40.7137146,-73.9980197,"(40.7137146, -73.9980197)"
4548,40.5767433,-73.9837109,"(40.5767433, -73.9837109)"
4550,40.8637931,-73.9194142,"(40.8637931, -73.9194142)"
4552,40.577945,-74.1023153,"(40.577945, -74.1023153)"
4553,40.7297001,-73.8767739,"(40.7297001, -73.8767739)"
4555,40.73038,-73.9863758,"(40.73038, -73.9863758)"
4556,40.7502815,-73.981124,"(40.7502815, -73.981124)"
4557,40.6547729,-74.0070709,"(40.6547729, -74.0070709)"
4558,40.8232599,-73.849018,"(40.8232599, -73.849018)"
4559,40.7636554,-73.999047,"(40.7636554, -73.999047)"
4560,40.7965615,-73.972255,"(40.7965615, -73.972255)"
4561,40.7200564,-73.7321616,"(40.7200564, -73.7321616)"
4563,40.665508,-73.9927692,"(40.665508, -73.9927692)"
4564,40.6431235,-74.0770402,"(40.6431235, -74.0770402)"
4565,40.6800084,-73.8487907,"(40.6800084, -73.8487907)"
4566,40.8686957,-73.9023571,"(40.8686957, -73.9023571)"
4567,40.7703133,-73.8760236,"(40.7703133, -73.8760236)"
4568,40.822433,-73.872941,"(40.822433, -73.872941)"
4569,40.6959932,-73.983213,"(40.6959932, -73.983213)"
4570,40.6145627,-74.1565458,"(40.6145627, -74.1565458)"
4571,40.7069816,-74.0064562,"(40.7069816, -74.0064562)"
4572,40.8761821,-73.8544484,"(40.8761821, -73.8544484)"
4573,40.678723,-73.9529869,"(40.678723, -73.9529869)"
4574,40.5793999,-74.1694817,"(40.5793999, -74.1694817)"
4575,40.6960346,-73.9845292,"(40.6960346, -73.9845292)"
4576,40.6040288,-73.952294,"(40.6040288, -73.952294)"
4577,40.7628049,-73.9656703,"(40.7628049, -73.9656703)"
4578,40.7567642,-73.9671533,"(40.7567642, -73.9671533)"
4579,40.7434485,-74.0035402,"(40.7434485, -74.0035402)"
4580,40.7560314,-73.9790253,"(40.7560314, -73.9790253)"
4581,40.8156907,-73.9582947,"(40.8156907, -73.9582947)"
4582,40.6665794,-73.9396763,"(40.6665794, -73.9396763)"
4584,40.7032933,-73.7960918,"(40.7032933, -73.7960918)"
4586,40.7515772,-73.982275,"(40.7515772, -73.982275)"
4588,40.8782895,-73.8700582,"(40.8782895, -73.8700582)"
4589,40.6840616,-73.7287222,"(40.6840616, -73.7287222)"
4590,40.7168711,-74.0040258,"(40.7168711, -74.0040258)"
4591,40.7495629,-73.8547936,"(40.7495629, -73.8547936)"
4592,40.7165923,-73.7429182,"(40.7165923, -73.7429182)"
4593,40.8416973,-73.8915001,"(40.8416973, -73.8915001)"
4594,40.6275649,-74.0412657,"(40.6275649, -74.0412657)"
4596,40.7579535,-73.8981915,"(40.7579535, -73.8981915)"
4597,40.7084892,-73.741467,"(40.7084892, -73.741467)"
4598,40.8447888,-73.9370425,"(40.8447888, -73.9370425)"
4599,40.6843849,-73.7901679,"(40.6843849, -73.7901679)"
4600,40.640626,-73.9862933,"(40.640626, -73.9862933)"
4601,40.7677685,-73.8649796,"(40.7677685, -73.8649796)"
4602,40.7209567,-73.8093425,"(40.7209567, -73.8093425)"
4603,40.8559197,-73.9171897,"(40.8559197, -73.9171897)"
4604,40.7597028,-73.8003012,"(40.7597028, -73.8003012)"
4605,40.7228019,-73.9018132,"(40.7228019, -73.9018132)"
4606,40.7618375,-73.7296542,"(40.7618375, -73.7296542)"
4607,40.78896,-73.8235426,"(40.78896, -73.8235426)"
4608,40.7532425,-73.9666173,"(40.7532425, -73.9666173)"
4610,40.7177642,-73.9180504,"(40.7177642, -73.9180504)"
4611,40.7578587,-73.975592,"(40.7578587, -73.975592)"
4612,40.695933,-73.9046656,"(40.695933, -73.9046656)"
4613,40.6377463,-74.1108094,"(40.6377463, -74.1108094)"
4614,40.6667077,-73.8718221,"(40.6667077, -73.8718221)"
4615,40.59779,-73.9462309,"(40.59779, -73.9462309)"
4616,40.7174165,-73.9193098,"(40.7174165, -73.9193098)"
4617,40.7609059,-73.9669961,"(40.7609059, -73.9669961)"
4618,40.6802409,-73.9467485,"(40.6802409, -73.9467485)"
4619,40.5765103,-73.9858312,"(40.5765103, -73.9858312)"
4620,40.8156907,-73.9582947,"(40.8156907, -73.9582947)"
4621,40.8285114,-73.8801104,"(40.8285114, -73.8801104)"
4622,40.7042781,-73.7498545,"(40.7042781, -73.7498545)"
4623,40.7042685,-73.8918464,"(40.7042685, -73.8918464)"
4624,40.8246325,-73.8556487,"(40.8246325, -73.8556487)"
4626,40.7291676,-74.0011907,"(40.7291676, -74.0011907)"
4627,40.6617132,-73.9038134,"(40.6617132, -73.9038134)"
4628,40.5968498,-74.062054,"(40.5968498, -74.062054)"
4629,40.5999389,-73.9672737,"(40.5999389, -73.9672737)"
4630,40.7073878,-74.0054824,"(40.7073878, -74.0054824)"
4631,40.8077723,-73.9454833,"(40.8077723, -73.9454833)"
4632,40.7297762,-73.9868089,"(40.7297762, -73.9868089)"
4633,40.8063358,-73.9558696,"(40.8063358, -73.9558696)"
4634,40.6360756,-74.0089534,"(40.6360756, -74.0089534)"
4635,40.8221083,-73.9006117,"(40.8221083, -73.9006117)"
4636,40.8524126,-73.86777,"(40.8524126, -73.86777)"
4637,40.6379084,-73.9230775,"(40.6379084, -73.9230775)"
4638,40.6625346,-73.8982903,"(40.6625346, -73.8982903)"
4639,40.6585049,-73.914692,"(40.6585049, -73.914692)"
4640,40.6355877,-73.9171461,"(40.6355877, -73.9171461)"
4641,40.834061,-73.9448799,"(40.834061, -73.9448799)"
4642,40.6203042,-74.0074276,"(40.6203042, -74.0074276)"
4643,40.8136144,-73.9157178,"(40.8136144, -73.9157178)"
4644,40.7553365,-73.8432452,"(40.7553365, -73.8432452)"
4645,40.6094024,-74.0901074,"(40.6094024, -74.0901074)"
4646,40.7839764,-73.9702995,"(40.7839764, -73.9702995)"
4647,40.6956732,-73.9982301,"(40.6956732, -73.9982301)"
4648,40.7425121,-73.7298906,"(40.7425121, -73.7298906)"
4649,40.7242353,-73.9977848,"(40.7242353, -73.9977848)"
4650,40.7250257,-74.0058952,"(40.7250257, -74.0058952)"
4651,40.8565383,-73.8725586,"(40.8565383, -73.8725586)"
4652,40.5870668,-74.0916182,"(40.5870668, -74.0916182)"
4653,40.6685062,-73.9256052,"(40.6685062, -73.9256052)"
4654,40.6436697,-74.015491,"(40.6436697, -74.015491)"
4655,40.6626683,-73.8397144,"(40.6626683, -73.8397144)"
4656,40.7489858,-73.979955,"(40.7489858, -73.979955)"
4657,40.7050021,-74.0126307,"(40.7050021, -74.0126307)"
4658,40.5239568,-74.2156736,"(40.5239568, -74.2156736)"
4660,40.7207095,-73.9813092,"(40.7207095, -73.9813092)"
4661,40.6895434,-73.9711421,"(40.6895434, -73.9711421)"
4662,40.7713281,-73.9039042,"(40.7713281, -73.9039042)"
4663,40.7538318,-74.0071393,"(40.7538318, -74.0071393)"
4664,40.6686479,-73.9283482,"(40.6686479, -73.9283482)"
4666,40.7716238,-73.8747579,"(40.7716238, -73.8747579)"
4668,40.8820503,-73.8322312,"(40.8820503, -73.8322312)"
4669,40.838846,-73.8781619,"(40.838846, -73.8781619)"
4672,40.6866483,-73.8490677,"(40.6866483, -73.8490677)"
4673,40.6635893,-73.9910897,"(40.6635893, -73.9910897)"
4674,40.7576938,-74.0005848,"(40.7576938, -74.0005848)"
4675,40.64303,-73.969883,"(40.64303, -73.969883)"
4676,40.7953843,-73.9735015,"(40.7953843, -73.9735015)"
4678,40.7156332,-73.9984921,"(40.7156332, -73.9984921)"
4679,40.6337305,-74.0179495,"(40.6337305, -74.0179495)"
4680,40.7008398,-73.9949394,"(40.7008398, -73.9949394)"
4681,40.713993,-73.8319146,"(40.713993, -73.8319146)"
4682,40.7646846,-73.7585948,"(40.7646846, -73.7585948)"
4683,40.8496762,-73.835801,"(40.8496762, -73.835801)"
4685,40.7044959,-73.817418,"(40.7044959, -73.817418)"
4686,40.5303073,-74.2026862,"(40.5303073, -74.2026862)"
4687,40.6187991,-73.9834881,"(40.6187991, -73.9834881)"
4688,40.8684728,-73.8215706,"(40.8684728, -73.8215706)"
4689,40.6691445,-73.8529824,"(40.6691445, -73.8529824)"
4690,40.727594,-73.985294,"(40.727594, -73.985294)"
4691,40.7131166,-73.9097163,"(40.7131166, -73.9097163)"
4692,40.7549013,-73.7454772,"(40.7549013, -73.7454772)"
4696,40.6199168,-73.942665,"(40.6199168, -73.942665)"
4698,40.8032239,-73.9445985,"(40.8032239, -73.9445985)"
4699,40.6061821,-74.0761261,"(40.6061821, -74.0761261)"
4700,40.8654483,-73.8663413,"(40.8654483, -73.8663413)"
4702,40.6693691,-73.895223,"(40.6693691, -73.895223)"
4703,40.6463789,-73.97084,"(40.6463789, -73.97084)"
4704,40.6640485,-73.8881088,"(40.6640485, -73.8881088)"
4705,40.6078301,-74.1464933,"(40.6078301, -74.1464933)"
4707,40.8071867,-73.9242798,"(40.8071867, -73.9242798)"
4709,40.6783648,-73.7794791,"(40.6783648, -73.7794791)"
4710,40.7629663,-73.9739693,"(40.7629663, -73.9739693)"
4711,40.6671424,-73.9592455,"(40.6671424, -73.9592455)"
4712,40.6084351,-74.1554375,"(40.6084351, -74.1554375)"
4714,40.7376906,-73.7684572,"(40.7376906, -73.7684572)"
4715,40.6314942,-73.9718517,"(40.6314942, -73.9718517)"
4716,40.8161196,-73.9266288,"(40.8161196, -73.9266288)"
4717,40.6691717,-73.9863054,"(40.6691717, -73.9863054)"
4718,40.7213538,-73.8190134,"(40.7213538, -73.8190134)"
4720,40.6904686,-73.9878913,"(40.6904686, -73.9878913)"
4721,40.6281615,-73.9413574,"(40.6281615, -73.9413574)"
4722,40.6689504,-73.9338885,"(40.6689504, -73.9338885)"
4723,40.666439,-73.8347735,"(40.666439, -73.8347735)"
4724,40.8835756,-73.8628042,"(40.8835756, -73.8628042)"
4725,40.6189904,-74.0697398,"(40.6189904, -74.0697398)"
4726,40.6860506,-73.831722,"(40.6860506, -73.831722)"
4727,40.8248126,-73.9367868,"(40.8248126, -73.9367868)"
4728,40.6259834,-74.0015202,"(40.6259834, -74.0015202)"
4729,40.6049177,-73.9780788,"(40.6049177, -73.9780788)"
4730,40.8369385,-73.9271154,"(40.8369385, -73.9271154)"
4731,40.7831465,-73.978327,"(40.7831465, -73.978327)"
4732,40.6555642,-73.8797328,"(40.6555642, -73.8797328)"
4733,40.764222,-73.9809793,"(40.764222, -73.9809793)"
4735,40.8782895,-73.8700582,"(40.8782895, -73.8700582)"
4736,40.6886619,-73.8658736,"(40.6886619, -73.8658736)"
4737,40.6972536,-73.9156161,"(40.6972536, -73.9156161)"
4738,40.5871174,-74.1682591,"(40.5871174, -74.1682591)"
4739,40.679939,-73.9412073,"(40.679939, -73.9412073)"
4740,40.7690962,-73.8336602,"(40.7690962, -73.8336602)"
4741,40.7159187,-73.9993218,"(40.7159187, -73.9993218)"
4742,40.680015,-73.8774282,"(40.680015, -73.8774282)"
4743,40.796111,-73.9614419,"(40.796111, -73.9614419)"
4744,40.7566073,-73.976502,"(40.7566073, -73.976502)"
4745,40.7017826,-74.0111659,"(40.7017826, -74.0111659)"
4746,40.7521198,-73.9776766,"(40.7521198, -73.9776766)"
4747,40.6094024,-74.0901074,"(40.6094024, -74.0901074)"
4748,40.6450895,-74.083799,"(40.6450895, -74.083799)"
4750,40.7470784,-73.9813415,"(40.7470784, -73.9813415)"
4751,40.6830392,-73.9647775,"(40.6830392, -73.9647775)"
4752,40.704009,-73.7667925,"(40.704009, -73.7667925)"
4753,40.7685412,-73.8934099,"(40.7685412, -73.8934099)"
4754,40.7625656,-73.8185874,"(40.7625656, -73.8185874)"
4755,40.5499631,-74.1508395,"(40.5499631, -74.1508395)"
4756,40.5374912,-74.1791143,"(40.5374912, -74.1791143)"
4758,40.766868,-73.9597766,"(40.766868, -73.9597766)"
4759,40.6749968,-73.8085366,"(40.6749968, -73.8085366)"
4760,40.698081,-73.9253522,"(40.698081, -73.9253522)"
4761,40.7468839,-73.763468,"(40.7468839, -73.763468)"
4762,40.7691197,-73.9550386,"(40.7691197, -73.9550386)"
4763,40.744099,-73.9956441,"(40.744099, -73.9956441)"
4765,40.6641753,-73.9593447,"(40.6641753, -73.9593447)"
4766,40.7153857,-73.9428173,"(40.7153857, -73.9428173)"
4767,40.764071,-73.8091361,"(40.764071, -73.8091361)"
4768,40.7477688,-74.000397,"(40.7477688, -74.000397)"
4769,40.8422609,-73.8722693,"(40.8422609, -73.8722693)"
4771,40.7252314,-73.9922143,"(40.7252314, -73.9922143)"
4772,40.6321304,-74.1475197,"(40.6321304, -74.1475197)"
4773,40.7628049,-73.9656703,"(40.7628049, -73.9656703)"
4774,40.7271413,-73.792299,"(40.7271413, -73.792299)"
4775,40.7643884,-73.7695846,"(40.7643884, -73.7695846)"
4776,40.7554843,-73.7417243,"(40.7554843, -73.7417243)"
4777,40.74478,-73.9758819,"(40.74478, -73.9758819)"
4778,40.7195839,-73.7367595,"(40.7195839, -73.7367595)"
4780,40.6397179,-73.9908227,"(40.6397179, -73.9908227)"
4782,40.7625822,-74.0003863,"(40.7625822, -74.0003863)"
4783,40.618602,-73.9324615,"(40.618602, -73.9324615)"
4784,40.616363,-74.1567562,"(40.616363, -74.1567562)"
4785,40.6503405,-73.9746115,"(40.6503405, -73.9746115)"
4786,40.5502524,-74.2213144,"(40.5502524, -74.2213144)"
4788,40.674396,-73.8965093,"(40.674396, -73.8965093)"
4789,40.6351864,-73.9286112,"(40.6351864, -73.9286112)"
4790,40.5842549,-73.9637866,"(40.5842549, -73.9637866)"
4791,40.6795011,-73.9972816,"(40.6795011, -73.9972816)"
4792,40.6751853,-73.8734281,"(40.6751853, -73.8734281)"
4793,40.7639012,-73.9532241,"(40.7639012, -73.9532241)"
4794,40.7639984,-73.9960038,"(40.7639984, -73.9960038)"
4795,40.7472612,-73.8744425,"(40.7472612, -73.8744425)"
4796,40.7445322,-73.9888703,"(40.7445322, -73.9888703)"
4797,40.610261,-74.0974882,"(40.610261, -74.0974882)"
4798,40.8010532,-73.9102472,"(40.8010532, -73.9102472)"
4799,40.704549,-74.0142897,"(40.704549, -74.0142897)"
4800,40.7509908,-73.9906233,"(40.7509908, -73.9906233)"
4801,40.6681684,-73.9772073,"(40.6681684, -73.9772073)"
4803,40.753644,-73.9076654,"(40.753644, -73.9076654)"
4804,40.859607,-73.907775,"(40.859607, -73.907775)"
4805,40.7046363,-73.9410304,"(40.7046363, -73.9410304)"
4808,40.5905697,-74.1630218,"(40.5905697, -74.1630218)"
4809,40.7583388,-73.9964084,"(40.7583388, -73.9964084)"
4810,40.6543098,-73.9097419,"(40.6543098, -73.9097419)"
4811,40.6818344,-73.9758325,"(40.6818344, -73.9758325)"
4812,40.8282374,-73.8860116,"(40.8282374, -73.8860116)"
4813,40.6614293,-73.9057422,"(40.6614293, -73.9057422)"
4814,40.7259197,-73.8953397,"(40.7259197, -73.8953397)"
4815,40.7503074,-74.0083661,"(40.7503074, -74.0083661)"
4816,40.6615973,-73.7366062,"(40.6615973, -73.7366062)"
4817,40.6211779,-73.9300454,"(40.6211779, -73.9300454)"
4819,40.6950048,-73.9524886,"(40.6950048, -73.9524886)"
4820,40.8670381,-73.8963144,"(40.8670381, -73.8963144)"
4821,40.7046065,-73.8684744,"(40.7046065, -73.8684744)"
4824,40.5735494,-74.1066713,"(40.5735494, -74.1066713)"
4825,40.7365615,-73.9890159,"(40.7365615, -73.9890159)"
4827,40.685347,-73.7599962,"(40.685347, -73.7599962)"
4828,40.6605622,-74.0011894,"(40.6605622, -74.0011894)"
4829,40.751081,-73.9868516,"(40.751081, -73.9868516)"
4830,40.6769384,-73.9218247,"(40.6769384, -73.9218247)"
4832,40.7509033,-73.9981196,"(40.7509033, -73.9981196)"
4833,40.7655459,-73.9547017,"(40.7655459, -73.9547017)"
4835,40.7310195,-73.9859102,"(40.7310195, -73.9859102)"
4836,40.5377004,-74.1500095,"(40.5377004, -74.1500095)"
4837,40.8436848,-73.8948183,"(40.8436848, -73.8948183)"
4838,40.560394,-74.1200527,"(40.560394, -74.1200527)"
4839,40.8505064,-73.9328622,"(40.8505064, -73.9328622)"
4840,40.7190037,-74.0051731,"(40.7190037, -74.0051731)"
4841,40.7400652,-73.9259547,"(40.7400652, -73.9259547)"
4843,40.5721317,-74.1080873,"(40.5721317, -74.1080873)"
4844,40.743808,-73.924258,"(40.743808, -73.924258)"
4845,40.7885324,-73.9532091,"(40.7885324, -73.9532091)"
4847,40.7361537,-73.8675461,"(40.7361537, -73.8675461)"
4848,40.5956424,-73.9967485,"(40.5956424, -73.9967485)"
4849,40.6243536,-74.0217943,"(40.6243536, -74.0217943)"
4850,40.6858751,-73.8774823,"(40.6858751, -73.8774823)"
4851,40.7319494,-73.8634231,"(40.7319494, -73.8634231)"
4852,40.6366396,-73.9796825,"(40.6366396, -73.9796825)"
4853,40.7025952,-73.8552926,"(40.7025952, -73.8552926)"
4855,40.6961208,-73.7461815,"(40.6961208, -73.7461815)"
4856,40.6430508,-73.9763943,"(40.6430508, -73.9763943)"
4857,40.820151,-73.8724696,"(40.820151, -73.8724696)"
4859,40.6777156,-73.935859,"(40.6777156, -73.935859)"
4860,40.5988814,-73.820685,"(40.5988814, -73.820685)"
4861,40.8427518,-73.9228189,"(40.8427518, -73.9228189)"
4862,40.8077723,-73.9454833,"(40.8077723, -73.9454833)"
4863,40.688616,-73.9891681,"(40.688616, -73.9891681)"
4864,40.6578369,-73.9503273,"(40.6578369, -73.9503273)"
4865,40.8564205,-73.8892023,"(40.8564205, -73.8892023)"
4866,40.8346811,-73.9444241,"(40.8346811, -73.9444241)"
4867,40.6340778,-74.1230675,"(40.6340778, -74.1230675)"
4868,40.6649593,-73.8222478,"(40.6649593, -73.8222478)"
4869,40.6756735,-73.8978448,"(40.6756735, -73.8978448)"
4870,40.7817499,-73.9810645,"(40.7817499, -73.9810645)"
4871,40.7109836,-74.0005086,"(40.7109836, -74.0005086)"
4872,40.7437684,-73.8374664,"(40.7437684, -73.8374664)"
4874,40.7889594,-73.9759417,"(40.7889594, -73.9759417)"
4876,40.8726198,-73.9046763,"(40.8726198, -73.9046763)"
4877,40.7000328,-73.9069787,"(40.7000328, -73.9069787)"
4878,40.7291123,-74.0106725,"(40.7291123, -74.0106725)"
4879,40.7429437,-73.9168429,"(40.7429437, -73.9168429)"
4880,40.5892381,-73.9624435,"(40.5892381, -73.9624435)"
4882,40.80631,-73.9329487,"(40.80631, -73.9329487)"
4883,40.6189731,-74.0052266,"(40.6189731, -74.0052266)"
4885,40.6857229,-73.7278609,"(40.6857229, -73.7278609)"
4886,40.7602226,-73.967462,"(40.7602226, -73.967462)"
4887,40.7606005,-73.9643142,"(40.7606005, -73.9643142)"
4888,40.7846729,-73.8025483,"(40.7846729, -73.8025483)"
4889,40.7624498,-73.9194827,"(40.7624498, -73.9194827)"
4891,40.8336278,-73.9261433,"(40.8336278, -73.9261433)"
4893,40.7546224,-73.9971269,"(40.7546224, -73.9971269)"
4895,40.5907529,-74.0883648,"(40.5907529, -74.0883648)"
4896,40.6369309,-73.9110805,"(40.6369309, -73.9110805)"
4897,40.6341296,-73.9285006,"(40.6341296, -73.9285006)"
4898,40.6671982,-73.7790801,"(40.6671982, -73.7790801)"
4899,40.7286364,-73.7829207,"(40.7286364, -73.7829207)"
4900,40.7629131,-73.9697999,"(40.7629131, -73.9697999)"
4901,40.7602524,-73.8603654,"(40.7602524, -73.8603654)"
4902,40.7572323,-73.9897922,"(40.7572323, -73.9897922)"
4903,40.7743626,-73.9128683,"(40.7743626, -73.9128683)"
4904,40.8801342,-73.9039386,"(40.8801342, -73.9039386)"
4905,40.7588717,-73.8206369,"(40.7588717, -73.8206369)"
4906,40.8731016,-73.8603092,"(40.8731016, -73.8603092)"
4907,40.7125256,-73.9625508,"(40.7125256, -73.9625508)"
4908,40.7344344,-73.9899039,"(40.7344344, -73.9899039)"
4910,40.7161415,-73.8335687,"(40.7161415, -73.8335687)"
4911,40.693268,-73.7637721,"(40.693268, -73.7637721)"
4912,40.673571,-73.9529364,"(40.673571, -73.9529364)"
4913,40.7841601,-73.9848633,"(40.7841601, -73.9848633)"
4914,40.5732661,-74.1469613,"(40.5732661, -74.1469613)"
4915,40.8329865,-73.8615642,"(40.8329865, -73.8615642)"
4916,40.712202,-73.8620784,"(40.712202, -73.8620784)"
4917,40.7201645,-73.844789,"(40.7201645, -73.844789)"
4918,40.6574995,-73.8394637,"(40.6574995, -73.8394637)"
4919,40.6259371,-74.158616,"(40.6259371, -74.158616)"
4920,40.7608228,-73.9983142,"(40.7608228, -73.9983142)"
4921,40.6212504,-74.1688765,"(40.6212504, -74.1688765)"
4923,40.6421201,-74.0752374,"(40.6421201, -74.0752374)"
4924,40.7601164,-73.9848356,"(40.7601164, -73.9848356)"
4925,40.8175991,-73.953185,"(40.8175991, -73.953185)"
4926,40.6592762,-73.8889963,"(40.6592762, -73.8889963)"
4927,40.7083795,-73.7605084,"(40.7083795, -73.7605084)"
4928,40.6057679,-73.9970433,"(40.6057679, -73.9970433)"
4929,40.6625746,-73.9344679,"(40.6625746, -73.9344679)"
4930,40.665504,-73.7569316,"(40.665504, -73.7569316)"
4931,40.6941097,-73.8973622,"(40.6941097, -73.8973622)"
4932,40.7236259,-74.0047875,"(40.7236259, -74.0047875)"
4933,40.707861,-73.7477779,"(40.707861, -73.7477779)"
4934,40.7377307,-73.9881786,"(40.7377307, -73.9881786)"
4935,40.6346143,-74.1694814,"(40.6346143, -74.1694814)"
4936,40.6687978,-73.9311201,"(40.6687978, -73.9311201)"
4937,40.7707422,-73.9945485,"(40.7707422, -73.9945485)"
4939,40.5108201,-74.2311563,"(40.5108201, -74.2311563)"
4940,40.732533,-73.7656427,"(40.732533, -73.7656427)"
4941,40.6687233,-73.8108112,"(40.6687233, -73.8108112)"
4942,40.7225499,-74.006299,"(40.7225499, -74.006299)"
4945,40.6936492,-73.9833217,"(40.6936492, -73.9833217)"
4946,40.7565681,-73.990276,"(40.7565681, -73.990276)"
4947,40.8373693,-73.9469841,"(40.8373693, -73.9469841)"
4948,40.6720753,-73.9113364,"(40.6720753, -73.9113364)"
4950,40.8565383,-73.8725586,"(40.8565383, -73.8725586)"
4952,40.6959806,-73.7779206,"(40.6959806, -73.7779206)"
4953,40.6906419,-73.9918974,"(40.6906419, -73.9918974)"
4954,40.7664937,-73.9569573,"(40.7664937, -73.9569573)"
4955,40.7970036,-73.9377739,"(40.7970036, -73.9377739)"
4957,40.6620613,-73.751469,"(40.6620613, -73.751469)"
4958,40.831288,-73.8817243,"(40.831288, -73.8817243)"
4959,40.7504936,-73.9717112,"(40.7504936, -73.9717112)"
4960,40.8784697,-73.8330431,"(40.8784697, -73.8330431)"
4961,40.6300111,-74.0817302,"(40.6300111, -74.0817302)"
4962,40.71314,-73.7817845,"(40.71314, -73.7817845)"
4963,40.8122647,-73.9205856,"(40.8122647, -73.9205856)"
4964,40.8220716,-73.9499229,"(40.8220716, -73.9499229)"
4965,40.6028952,-73.9403928,"(40.6028952, -73.9403928)"
4966,40.7627585,-73.822601,"(40.7627585, -73.822601)"
4967,40.8020766,-73.9340633,"(40.8020766, -73.9340633)"
4968,40.7677437,-73.9821119,"(40.7677437, -73.9821119)"
4969,40.7401933,-73.8533417,"(40.7401933, -73.8533417)"
4971,40.6528929,-73.8667311,"(40.6528929, -73.8667311)"
4972,40.7502939,-73.9948425,"(40.7502939, -73.9948425)"
4973,40.8605604,-73.8237211,"(40.8605604, -73.8237211)"
4975,40.8216406,-73.8166728,"(40.8216406, -73.8166728)"
4976,40.7198636,-73.9448493,"(40.7198636, -73.9448493)"
4977,40.7687928,-73.7746886,"(40.7687928, -73.7746886)"
4978,40.6641657,-73.9905454,"(40.6641657, -73.9905454)"
4979,40.771513,-73.9626512,"(40.771513, -73.9626512)"
4980,40.6017187,-74.0914222,"(40.6017187, -74.0914222)"
4981,40.8443435,-73.9147428,"(40.8443435, -73.9147428)"
4982,40.8057847,-73.950654,"(40.8057847, -73.950654)"
4983,40.7133478,-73.9038003,"(40.7133478, -73.9038003)"
4984,40.7224015,-73.9916483,"(40.7224015, -73.9916483)"
4986,40.8275553,-73.9532695,"(40.8275553, -73.9532695)"
4987,40.8461393,-73.8617067,"(40.8461393, -73.8617067)"
4988,40.824848,-73.9113099,"(40.824848, -73.9113099)"
4989,40.7074319,-74.0010424,"(40.7074319, -74.0010424)"
4990,40.7053507,-73.9624863,"(40.7053507, -73.9624863)"
4991,40.8535828,-73.9322265,"(40.8535828, -73.9322265)"
4992,40.6789786,-73.9849983,"(40.6789786, -73.9849983)"
4995,40.6214741,-73.950711,"(40.6214741, -73.950711)"
4997,40.6400658,-74.0155623,"(40.6400658, -74.0155623)"
4998,40.6569208,-73.9260902,"(40.6569208, -73.9260902)"
4999,40.5163366,-74.2328225,"(40.5163366, -74.2328225)"
5000,40.7552333,-73.9412383,"(40.7552333, -73.9412383)"
5001,40.7213532,-74.0046358,"(40.7213532, -74.0046358)"
5002,40.7359879,-73.9894563,"(40.7359879, -73.9894563)"
5003,40.8453218,-73.8791946,"(40.8453218, -73.8791946)"
5004,40.7454375,-73.9229894,"(40.7454375, -73.9229894)"
5005,40.7579112,-73.977653,"(40.7579112, -73.977653)"
5006,40.6356855,-74.0129455,"(40.6356855, -74.0129455)"
5007,40.7535538,-73.9850428,"(40.7535538, -73.9850428)"
5009,40.7407326,-73.9817618,"(40.7407326, -73.9817618)"
5010,40.637448,-74.0199675,"(40.637448, -74.0199675)"
5011,40.6716376,-73.950335,"(40.6716376, -73.950335)"
5012,40.7212828,-73.8140964,"(40.7212828, -73.8140964)"
5013,40.6233399,-73.9559401,"(40.6233399, -73.9559401)"
5014,40.7263282,-73.7661877,"(40.7263282, -73.7661877)"
5015,40.6258233,-73.9276125,"(40.6258233, -73.9276125)"
5017,40.6111819,-74.1525992,"(40.6111819, -74.1525992)"
5018,40.7194838,-73.9912843,"(40.7194838, -73.9912843)"
5019,40.8655081,-73.8635212,"(40.8655081, -73.8635212)"
5020,40.6410359,-73.9131469,"(40.6410359, -73.9131469)"
5021,40.830848,-73.9315342,"(40.830848, -73.9315342)"
5022,40.762025,-74.0011515,"(40.762025, -74.0011515)"
5023,40.7485401,-73.9496281,"(40.7485401, -73.9496281)"
5024,40.7671193,-73.9564948,"(40.7671193, -73.9564948)"
5025,40.8108965,-73.9469221,"(40.8108965, -73.9469221)"
5026,40.85214,-73.9206971,"(40.85214, -73.9206971)"
5027,40.7960032,-73.9354092,"(40.7960032, -73.9354092)"
5028,40.7707535,-73.9569401,"(40.7707535, -73.9569401)"
5029,40.7335315,-73.8959592,"(40.7335315, -73.8959592)"
5030,40.7193963,-74.0018831,"(40.7193963, -74.0018831)"
5031,40.5979864,-73.9641058,"(40.5979864, -73.9641058)"
5032,40.7851932,-73.9493331,"(40.7851932, -73.9493331)"
5033,40.7256458,-73.9920628,"(40.7256458, -73.9920628)"
5034,40.7280998,-73.9381882,"(40.7280998, -73.9381882)"
5035,40.6845916,-73.9701635,"(40.6845916, -73.9701635)"
5036,40.6049545,-73.7458582,"(40.6049545, -73.7458582)"
5038,40.7631398,-73.9133956,"(40.7631398, -73.9133956)"
5039,40.7553632,-73.8872263,"(40.7553632, -73.8872263)"
5040,40.645522,-74.07767,"(40.645522, -74.07767)"
5041,40.624855,-73.9919451,"(40.624855, -73.9919451)"
5042,40.7071571,-73.8188947,"(40.7071571, -73.8188947)"
5043,40.6585133,-73.9533075,"(40.6585133, -73.9533075)"
5044,40.7365615,-73.9890159,"(40.7365615, -73.9890159)"
5045,40.7572323,-73.9897922,"(40.7572323, -73.9897922)"
5047,40.6680296,-73.9839446,"(40.6680296, -73.9839446)"
5048,40.6281676,-73.9278657,"(40.6281676, -73.9278657)"
5049,40.6720651,-73.990519,"(40.6720651, -73.990519)"
5050,40.8561799,-73.9287138,"(40.8561799, -73.9287138)"
5051,40.6854659,-73.9505916,"(40.6854659, -73.9505916)"
5052,40.8201339,-73.9130649,"(40.8201339, -73.9130649)"
5053,40.685062,-74.0026862,"(40.685062, -74.0026862)"
5055,40.794651,-73.9717827,"(40.794651, -73.9717827)"
5056,40.8656325,-73.9284614,"(40.8656325, -73.9284614)"
5057,40.6265978,-74.1611825,"(40.6265978, -74.1611825)"
5058,40.6847335,-74.0010155,"(40.6847335, -74.0010155)"
5059,40.7263924,-73.9917957,"(40.7263924, -73.9917957)"
5060,40.7740216,-73.9545587,"(40.7740216, -73.9545587)"
5061,40.7837964,-73.8186884,"(40.7837964, -73.8186884)"
5062,40.7767582,-73.8276245,"(40.7767582, -73.8276245)"
5063,40.7091579,-73.8410666,"(40.7091579, -73.8410666)"
5064,40.7144934,-74.0135921,"(40.7144934, -74.0135921)"
5065,40.6733982,-73.9827825,"(40.6733982, -73.9827825)"
5066,40.6640581,-73.7384529,"(40.6640581, -73.7384529)"
5067,40.7388307,-73.9831481,"(40.7388307, -73.9831481)"
5068,40.7143538,-73.7522372,"(40.7143538, -73.7522372)"
5069,40.7391678,-73.9799688,"(40.7391678, -73.9799688)"
5070,40.7768989,-73.9754586,"(40.7768989, -73.9754586)"
5074,40.689245,-73.8450052,"(40.689245, -73.8450052)"
5075,40.690908,-73.9554123,"(40.690908, -73.9554123)"
5076,40.7581273,-73.9285011,"(40.7581273, -73.9285011)"
5078,40.680015,-73.8774282,"(40.680015, -73.8774282)"
5079,40.6763997,-73.7413174,"(40.6763997, -73.7413174)"
5081,40.6571092,-74.0015101,"(40.6571092, -74.0015101)"
5082,40.7140895,-73.7531219,"(40.7140895, -73.7531219)"
5083,40.8684728,-73.8215706,"(40.8684728, -73.8215706)"
5084,40.6689504,-73.9338885,"(40.6689504, -73.9338885)"
5085,40.6916827,-73.9993335,"(40.6916827, -73.9993335)"
5087,40.7539938,-73.9741894,"(40.7539938, -73.9741894)"
5088,40.8894585,-73.8982722,"(40.8894585, -73.8982722)"
5089,40.6631828,-73.9624487,"(40.6631828, -73.9624487)"
5090,40.784237,-73.9470697,"(40.784237, -73.9470697)"
5091,40.6516965,-73.9496688,"(40.6516965, -73.9496688)"
5092,40.8812664,-73.8387425,"(40.8812664, -73.8387425)"
5093,40.7420139,-73.7827713,"(40.7420139, -73.7827713)"
5094,40.690993,-73.9893083,"(40.690993, -73.9893083)"
5095,40.7197371,-73.7865148,"(40.7197371, -73.7865148)"
5096,40.7404705,-73.9982859,"(40.7404705, -73.9982859)"
5097,40.7438656,-73.8256791,"(40.7438656, -73.8256791)"
5098,40.7478537,-73.9929082,"(40.7478537, -73.9929082)"
5099,40.870041,-73.8996867,"(40.870041, -73.8996867)"
5100,40.8441805,-73.9029171,"(40.8441805, -73.9029171)"
5102,40.7680513,-73.8980605,"(40.7680513, -73.8980605)"
5103,40.8073888,-73.8808023,"(40.8073888, -73.8808023)"
5104,40.5921384,-74.0644476,"(40.5921384, -74.0644476)"
5105,40.8581915,-73.8843443,"(40.8581915, -73.8843443)"
5106,40.7341354,-73.8691738,"(40.7341354, -73.8691738)"
5107,40.7353077,-74.0003572,"(40.7353077, -74.0003572)"
5108,40.7722895,-73.9153947,"(40.7722895, -73.9153947)"
5109,40.7485397,-73.9731412,"(40.7485397, -73.9731412)"
5110,40.675562,-73.9633322,"(40.675562, -73.9633322)"
5111,40.6253889,-73.9595016,"(40.6253889, -73.9595016)"
5112,40.674555,-73.9996611,"(40.674555, -73.9996611)"
5113,40.6980388,-73.9628402,"(40.6980388, -73.9628402)"
5118,40.749824,-73.9722023,"(40.749824, -73.9722023)"
5121,40.8315136,-73.8769937,"(40.8315136, -73.8769937)"
5122,40.5279243,-74.216485,"(40.5279243, -74.216485)"
5123,40.7057904,-74.005522,"(40.7057904, -74.005522)"
5124,40.7601531,-73.9987944,"(40.7601531, -73.9987944)"
5125,40.688232,-73.9331013,"(40.688232, -73.9331013)"
5126,40.7460347,-73.9344002,"(40.7460347, -73.9344002)"
5128,40.64775,-73.906594,"(40.64775, -73.906594)"
5131,40.7001909,-73.9056044,"(40.7001909, -73.9056044)"
5132,40.7615008,-73.9978197,"(40.7615008, -73.9978197)"
5133,40.730919,-73.8345225,"(40.730919, -73.8345225)"
5134,40.7050021,-74.0126307,"(40.7050021, -74.0126307)"
5135,40.8609971,-73.896425,"(40.8609971, -73.896425)"
5136,40.8849707,-73.8303361,"(40.8849707, -73.8303361)"
5137,40.6607898,-73.9940024,"(40.6607898, -73.9940024)"
5138,40.7562107,-73.9365812,"(40.7562107, -73.9365812)"
5139,40.8814792,-73.917026,"(40.8814792, -73.917026)"
5140,40.6152063,-74.0846476,"(40.6152063, -74.0846476)"
5141,40.7395116,-73.9847429,"(40.7395116, -73.9847429)"
5142,40.7484685,-73.9924606,"(40.7484685, -73.9924606)"
5143,40.6781392,-73.8488382,"(40.6781392, -73.8488382)"
5144,40.656762,-73.9601349,"(40.656762, -73.9601349)"
5146,40.686004,-73.817375,"(40.686004, -73.817375)"
5147,40.7440605,-74.0068099,"(40.7440605, -74.0068099)"
5149,40.7806906,-73.9465923,"(40.7806906, -73.9465923)"
5151,40.6625545,-73.9089197,"(40.6625545, -73.9089197)"
5152,40.8306468,-73.8605718,"(40.8306468, -73.8605718)"
5153,40.7435926,-73.9224105,"(40.7435926, -73.9224105)"
5154,40.6634478,-73.9455364,"(40.6634478, -73.9455364)"
5155,40.747925,-73.973607,"(40.747925, -73.973607)"
5156,40.8669992,-73.9020739,"(40.8669992, -73.9020739)"
5157,40.7872217,-73.9562614,"(40.7872217, -73.9562614)"
5158,40.7572855,-73.9781153,"(40.7572855, -73.9781153)"
5159,40.7526196,-73.9670687,"(40.7526196, -73.9670687)"
5160,40.6815201,-73.9832635,"(40.6815201, -73.9832635)"
5161,40.6433056,-73.9740952,"(40.6433056, -73.9740952)"
5162,40.6912281,-73.9821324,"(40.6912281, -73.9821324)"
5164,40.7763113,-73.9642299,"(40.7763113, -73.9642299)"
5165,40.5815185,-73.9673331,"(40.5815185, -73.9673331)"
5166,40.7923625,-73.9641744,"(40.7923625, -73.9641744)"
5167,40.7014005,-73.8163086,"(40.7014005, -73.8163086)"
5168,40.727441,-73.7865542,"(40.727441, -73.7865542)"
5169,40.6624069,-73.9651525,"(40.6624069, -73.9651525)"
5170,40.7278465,-73.9541356,"(40.7278465, -73.9541356)"
5173,40.6772496,-73.9275386,"(40.6772496, -73.9275386)"
5174,40.6924673,-73.8108147,"(40.6924673, -73.8108147)"
5175,40.5383111,-74.2177095,"(40.5383111, -74.2177095)"
5176,40.6408367,-74.0184306,"(40.6408367, -74.0184306)"
5177,40.7428118,-73.9965789,"(40.7428118, -73.9965789)"
5178,40.7488634,-73.8927087,"(40.7488634, -73.8927087)"
5179,40.6778626,-73.9386241,"(40.6778626, -73.9386241)"
5180,40.6965716,-73.9584342,"(40.6965716, -73.9584342)"
5181,40.7140895,-73.7531219,"(40.7140895, -73.7531219)"
5183,40.5489301,-74.1407655,"(40.5489301, -74.1407655)"
5185,40.7098057,-74.0099877,"(40.7098057, -74.0099877)"
5186,40.8589127,-73.9229593,"(40.8589127, -73.9229593)"
5187,40.6119531,-73.9681646,"(40.6119531, -73.9681646)"
5188,40.6874789,-73.7583298,"(40.6874789, -73.7583298)"
5189,40.6132456,-74.1552911,"(40.6132456, -74.1552911)"
5190,40.8278679,-73.8235801,"(40.8278679, -73.8235801)"
5191,40.6973285,-73.8296055,"(40.6973285, -73.8296055)"
5192,40.6336439,-73.9639425,"(40.6336439, -73.9639425)"
5193,40.7114306,-73.7284402,"(40.7114306, -73.7284402)"
5195,40.5818145,-73.9656985,"(40.5818145, -73.9656985)"
5196,40.849322,-73.9451361,"(40.849322, -73.9451361)"
5198,40.7627399,-73.959696,"(40.7627399, -73.959696)"
5199,40.592631,-74.1008291,"(40.592631, -74.1008291)"
5201,40.7716411,-73.926407,"(40.7716411, -73.926407)"
5202,40.5837275,-73.8937121,"(40.5837275, -73.8937121)"
5203,40.5903421,-74.0666242,"(40.5903421, -74.0666242)"
5204,40.5565344,-74.1281176,"(40.5565344, -74.1281176)"
5205,40.8141439,-73.9191997,"(40.8141439, -73.9191997)"
5206,40.7619707,-73.9253817,"(40.7619707, -73.9253817)"
5207,40.6959932,-73.983213,"(40.6959932, -73.983213)"
5208,40.7285016,-73.9179686,"(40.7285016, -73.9179686)"
5209,40.7225499,-74.006299,"(40.7225499, -74.006299)"
5210,40.7850321,-73.9405708,"(40.7850321, -73.9405708)"
5211,40.7722094,-73.9821793,"(40.7722094, -73.9821793)"
5212,40.8681423,-73.8855563,"(40.8681423, -73.8855563)"
5213,40.7597284,-73.8454909,"(40.7597284, -73.8454909)"
5214,40.7410799,-74.0015553,"(40.7410799, -74.0015553)"
5215,40.7197501,-73.9921609,"(40.7197501, -73.9921609)"
5216,40.7107401,-73.9454761,"(40.7107401, -73.9454761)"
5217,40.6877731,-73.9870011,"(40.6877731, -73.9870011)"
5218,40.7778604,-73.9457136,"(40.7778604, -73.9457136)"
5219,40.5401855,-74.22358,"(40.5401855, -74.22358)"
5220,40.8036997,-73.9358171,"(40.8036997, -73.9358171)"
5221,40.7684859,-73.9636168,"(40.7684859, -73.9636168)"
5222,40.7517478,-73.9708047,"(40.7517478, -73.9708047)"
5223,40.7197501,-73.9921609,"(40.7197501, -73.9921609)"
5224,40.7106209,-73.859665,"(40.7106209, -73.859665)"
5225,40.7369465,-73.7101253,"(40.7369465, -73.7101253)"
5226,40.6684505,-73.9935295,"(40.6684505, -73.9935295)"
5227,40.6807,-73.8446429,"(40.6807, -73.8446429)"
5228,40.7849422,-73.9465889,"(40.7849422, -73.9465889)"
5229,40.7276628,-73.9293744,"(40.7276628, -73.9293744)"
5230,40.7691169,-73.9885593,"(40.7691169, -73.9885593)"
5231,40.7319646,-73.9741129,"(40.7319646, -73.9741129)"
5232,40.8797713,-73.8799348,"(40.8797713, -73.8799348)"
5234,40.5894516,-73.9605171,"(40.5894516, -73.9605171)"
5236,40.7986267,-73.9395205,"(40.7986267, -73.9395205)"
5237,40.8133879,-73.945103,"(40.8133879, -73.945103)"
5238,40.7497063,-73.9915618,"(40.7497063, -73.9915618)"
5239,40.7009771,-73.9178186,"(40.7009771, -73.9178186)"
5240,40.7521394,-73.97977,"(40.7521394, -73.97977)"
5241,40.8812664,-73.8387425,"(40.8812664, -73.8387425)"
5243,40.7426801,-73.8395099,"(40.7426801, -73.8395099)"
5244,40.7463621,-73.8360412,"(40.7463621, -73.8360412)"
5245,40.6317102,-74.1166647,"(40.6317102, -74.1166647)"
5247,40.7378861,-73.9809038,"(40.7378861, -73.9809038)"
5249,40.6921238,-73.9890305,"(40.6921238, -73.9890305)"
5250,40.7319835,-73.919113,"(40.7319835, -73.919113)"
5251,40.6869403,-73.8141309,"(40.6869403, -73.8141309)"
5252,40.7397106,-73.7752921,"(40.7397106, -73.7752921)"
5253,40.7446279,-73.9852433,"(40.7446279, -73.9852433)"
5254,40.6271038,-74.1251333,"(40.6271038, -74.1251333)"
5255,40.747925,-73.973607,"(40.747925, -73.973607)"
5256,40.842349,-73.9311822,"(40.842349, -73.9311822)"
5257,40.6650736,-73.9273933,"(40.6650736, -73.9273933)"
5259,40.7478946,-73.9891656,"(40.7478946, -73.9891656)"
5260,40.6517331,-73.930381,"(40.6517331, -73.930381)"
5261,40.8764729,-73.8705687,"(40.8764729, -73.8705687)"
5264,40.6932287,-73.9678445,"(40.6932287, -73.9678445)"
5265,40.6525385,-73.9236661,"(40.6525385, -73.9236661)"
5266,40.8340571,-73.8897273,"(40.8340571, -73.8897273)"
5267,40.6918944,-73.8191619,"(40.6918944, -73.8191619)"
5268,40.6760158,-73.893976,"(40.6760158, -73.893976)"
5269,40.6524639,-73.9228481,"(40.6524639, -73.9228481)"
5270,40.6759684,-73.9332254,"(40.6759684, -73.9332254)"
5271,40.7168711,-74.0040258,"(40.7168711, -74.0040258)"
5272,40.6672556,-73.8660752,"(40.6672556, -73.8660752)"
5274,40.7016174,-73.8306296,"(40.7016174, -73.8306296)"
5275,40.7170219,-73.830499,"(40.7170219, -73.830499)"
5277,40.8735669,-73.8185175,"(40.8735669, -73.8185175)"
5278,40.6516531,-73.9173712,"(40.6516531, -73.9173712)"
5279,40.804827,-73.9662157,"(40.804827, -73.9662157)"
5281,40.6735319,-73.7367213,"(40.6735319, -73.7367213)"
5282,40.6519384,-73.9293933,"(40.6519384, -73.9293933)"
5284,40.7966428,-73.9684772,"(40.7966428, -73.9684772)"
5285,40.8723153,-73.8719471,"(40.8723153, -73.8719471)"
5286,40.6620613,-73.751469,"(40.6620613, -73.751469)"
5287,40.6799371,-73.7763624,"(40.6799371, -73.7763624)"
5288,40.7696885,-73.7362943,"(40.7696885, -73.7362943)"
5289,40.7460318,-73.9133709,"(40.7460318, -73.9133709)"
5290,40.6095141,-73.9895663,"(40.6095141, -73.9895663)"
5291,40.6868869,-73.8790742,"(40.6868869, -73.8790742)"
5292,40.8294224,-73.8297442,"(40.8294224, -73.8297442)"
5293,40.5945547,-73.997568,"(40.5945547, -73.997568)"
5294,40.5614587,-74.1122628,"(40.5614587, -74.1122628)"
5295,40.6179234,-74.1557765,"(40.6179234, -74.1557765)"
5296,40.6989963,-73.9615991,"(40.6989963, -73.9615991)"
5297,40.8519037,-73.9164465,"(40.8519037, -73.9164465)"
5298,40.8270777,-73.8516967,"(40.8270777, -73.8516967)"
5299,40.6274656,-73.8995506,"(40.6274656, -73.8995506)"
5300,40.6348176,-73.9012653,"(40.6348176, -73.9012653)"
5302,40.8455412,-73.9327696,"(40.8455412, -73.9327696)"
5303,40.6592762,-73.8889963,"(40.6592762, -73.8889963)"
5304,40.6969498,-73.9627682,"(40.6969498, -73.9627682)"
5306,40.6256021,-74.0750315,"(40.6256021, -74.0750315)"
5307,40.6977362,-73.9609254,"(40.6977362, -73.9609254)"
5308,40.5259805,-74.2279443,"(40.5259805, -74.2279443)"
5310,40.6024665,-73.9663685,"(40.6024665, -73.9663685)"
5311,40.8449733,-73.9024678,"(40.8449733, -73.9024678)"
5312,40.7532439,-73.8896843,"(40.7532439, -73.8896843)"
5313,40.7605353,-73.9583509,"(40.7605353, -73.9583509)"
5314,40.6288462,-73.9985445,"(40.6288462, -73.9985445)"
5315,40.8462678,-73.8285698,"(40.8462678, -73.8285698)"
5316,40.6985026,-73.8254479,"(40.6985026, -73.8254479)"
5317,40.6103014,-74.0633379,"(40.6103014, -74.0633379)"
5318,40.7079288,-73.783825,"(40.7079288, -73.783825)"
5319,40.607244,-73.9872545,"(40.607244, -73.9872545)"
5320,40.8676918,-73.9212136,"(40.8676918, -73.9212136)"
5321,40.8667262,-73.8607637,"(40.8667262, -73.8607637)"
5322,40.7382624,-73.7989383,"(40.7382624, -73.7989383)"
5323,40.7095234,-74.0016664,"(40.7095234, -74.0016664)"
5324,40.7893076,-73.9433966,"(40.7893076, -73.9433966)"
5325,40.6296221,-74.0766644,"(40.6296221, -74.0766644)"
5326,40.6265442,-74.0208944,"(40.6265442, -74.0208944)"
5327,40.594423,-73.9546233,"(40.594423, -73.9546233)"
5328,40.7782419,-73.8415917,"(40.7782419, -73.8415917)"
5329,40.7812915,-73.8141997,"(40.7812915, -73.8141997)"
5330,40.7371145,-73.8856081,"(40.7371145, -73.8856081)"
5332,40.5725025,-74.11357,"(40.5725025, -74.11357)"
5333,40.6655218,-73.7446568,"(40.6655218, -73.7446568)"
5334,40.6409147,-73.9736422,"(40.6409147, -73.9736422)"
5335,40.6812232,-73.9804621,"(40.6812232, -73.9804621)"
5336,40.6528929,-73.8667311,"(40.6528929, -73.8667311)"
5337,40.7629162,-73.9856472,"(40.7629162, -73.9856472)"
5339,40.8522628,-73.8528958,"(40.8522628, -73.8528958)"
5341,40.6754032,-73.8719136,"(40.6754032, -73.8719136)"
5342,40.8061347,-73.9615481,"(40.8061347, -73.9615481)"
5343,40.7428894,-73.8828303,"(40.7428894, -73.8828303)"
5344,40.635508,-73.9132766,"(40.635508, -73.9132766)"
5345,40.6634483,-73.8834853,"(40.6634483, -73.8834853)"
5346,40.6728468,-73.8894171,"(40.6728468, -73.8894171)"
5347,40.7601129,-73.877667,"(40.7601129, -73.877667)"
5348,40.7202352,-73.9844767,"(40.7202352, -73.9844767)"
5349,40.6526435,-73.9497689,"(40.6526435, -73.9497689)"
5350,40.6581196,-73.9339965,"(40.6581196, -73.9339965)"
5351,40.8646754,-73.8968314,"(40.8646754, -73.8968314)"
5352,40.6397354,-73.9067421,"(40.6397354, -73.9067421)"
5353,40.6975836,-73.9496485,"(40.6975836, -73.9496485)"
5354,40.6730095,-73.7880875,"(40.6730095, -73.7880875)"
5355,40.8075593,-73.9192258,"(40.8075593, -73.9192258)"
5357,40.6476818,-73.9675458,"(40.6476818, -73.9675458)"
5358,40.6015794,-73.9978249,"(40.6015794, -73.9978249)"
5359,40.7534749,-73.9925287,"(40.7534749, -73.9925287)"
5360,40.7491758,-73.9670136,"(40.7491758, -73.9670136)"
5361,40.7102524,-73.7998578,"(40.7102524, -73.7998578)"
5362,40.7671539,-73.8836865,"(40.7671539, -73.8836865)"
5363,40.6938654,-73.9259736,"(40.6938654, -73.9259736)"
5364,40.8767247,-73.9066592,"(40.8767247, -73.9066592)"
5365,40.7293524,-73.9101853,"(40.7293524, -73.9101853)"
5367,40.7495527,-74.0065289,"(40.7495527, -74.0065289)"
5368,40.6820777,-73.7776136,"(40.6820777, -73.7776136)"
5369,40.6960346,-73.9845292,"(40.6960346, -73.9845292)"
5370,40.7560598,-73.9616239,"(40.7560598, -73.9616239)"
5371,40.8185601,-73.9273161,"(40.8185601, -73.9273161)"
5372,40.549593,-74.1373916,"(40.549593, -74.1373916)"
5373,40.7147337,-73.9667736,"(40.7147337, -73.9667736)"
5374,40.6781502,-73.8310822,"(40.6781502, -73.8310822)"
5375,40.6620157,-73.8683673,"(40.6620157, -73.8683673)"
5376,40.6406131,-74.0870183,"(40.6406131, -74.0870183)"
5377,40.7354542,-73.9170371,"(40.7354542, -73.9170371)"
5378,40.7475356,-73.884854,"(40.7475356, -73.884854)"
5379,40.6841469,-73.9229592,"(40.6841469, -73.9229592)"
5380,40.7238356,-73.9735639,"(40.7238356, -73.9735639)"
5383,40.6225167,-74.1443356,"(40.6225167, -74.1443356)"
5384,40.7067487,-73.8022272,"(40.7067487, -73.8022272)"
5385,40.7263924,-73.9917957,"(40.7263924, -73.9917957)"
5386,40.698677,-73.9588584,"(40.698677, -73.9588584)"
5387,40.6921238,-73.9890305,"(40.6921238, -73.9890305)"
5388,40.8399843,-73.8774731,"(40.8399843, -73.8774731)"
5389,40.8312911,-73.9290331,"(40.8312911, -73.9290331)"
5390,40.7398611,-73.9950165,"(40.7398611, -73.9950165)"
5391,40.6959634,-73.9640871,"(40.6959634, -73.9640871)"
5392,40.6389656,-73.9425045,"(40.6389656, -73.9425045)"
5393,40.709601,-73.9348725,"(40.709601, -73.9348725)"
5394,40.757233,-73.976047,"(40.757233, -73.976047)"
5396,40.7022881,-73.9944567,"(40.7022881, -73.9944567)"
5397,40.7138434,-73.9927243,"(40.7138434, -73.9927243)"
5398,40.7876856,-73.9750141,"(40.7876856, -73.9750141)"
5399,40.5822717,-73.986118,"(40.5822717, -73.986118)"
5400,40.7285961,-73.9876715,"(40.7285961, -73.9876715)"
5401,40.5558232,-74.1610298,"(40.5558232, -74.1610298)"
5402,40.6919767,-73.8008539,"(40.6919767, -73.8008539)"
5403,40.6548405,-73.9596963,"(40.6548405, -73.9596963)"
5404,40.6299872,-73.9715677,"(40.6299872, -73.9715677)"
5405,40.6833124,-73.7774148,"(40.6833124, -73.7774148)"
5406,40.6528929,-73.8667311,"(40.6528929, -73.8667311)"
5407,40.7529763,-73.9102326,"(40.7529763, -73.9102326)"
5408,40.6758138,-73.739546,"(40.6758138, -73.739546)"
5411,40.7867847,-73.8096968,"(40.7867847, -73.8096968)"
5412,40.6829866,-73.9200113,"(40.6829866, -73.9200113)"
5413,40.8338892,-73.8546529,"(40.8338892, -73.8546529)"
5415,40.5923255,-73.9607351,"(40.5923255, -73.9607351)"
5416,40.6824623,-73.7497272,"(40.6824623, -73.7497272)"
5417,40.8107645,-73.9525902,"(40.8107645, -73.9525902)"
5418,40.7413501,-73.9813106,"(40.7413501, -73.9813106)"
5419,40.7079471,-73.7833055,"(40.7079471, -73.7833055)"
5421,40.5796104,-74.1091109,"(40.5796104, -74.1091109)"
5422,40.7119987,-73.7894136,"(40.7119987, -73.7894136)"
5424,40.8319794,-73.9351455,"(40.8319794, -73.9351455)"
5425,40.6711685,-73.9253282,"(40.6711685, -73.9253282)"
5426,40.6656356,-73.7581495,"(40.6656356, -73.7581495)"
5428,40.6452462,-74.0029981,"(40.6452462, -74.0029981)"
5429,40.7726989,-73.9326843,"(40.7726989, -73.9326843)"
5430,40.571585,-74.1086335,"(40.571585, -74.1086335)"
5431,40.6635556,-73.9316086,"(40.6635556, -73.9316086)"
5432,40.7653207,-73.7718954,"(40.7653207, -73.7718954)"
5433,40.6879817,-73.7665313,"(40.6879817, -73.7665313)"
5434,40.7165417,-73.9969843,"(40.7165417, -73.9969843)"
5435,40.6870481,-73.7921066,"(40.6870481, -73.7921066)"
5436,40.7054947,-73.8105878,"(40.7054947, -73.8105878)"
5437,40.906862,-73.904099,"(40.906862, -73.904099)"
5438,40.8581393,-73.895739,"(40.8581393, -73.895739)"
5439,40.7139849,-73.7381163,"(40.7139849, -73.7381163)"
5441,40.6774132,-73.9303181,"(40.6774132, -73.9303181)"
5442,40.7214494,-73.9973989,"(40.7214494, -73.9973989)"
5443,40.5077536,-74.2300632,"(40.5077536, -74.2300632)"
5444,40.7856331,-73.855986,"(40.7856331, -73.855986)"
5445,40.768938,-73.8343285,"(40.768938, -73.8343285)"
5446,40.7579074,-73.9892976,"(40.7579074, -73.9892976)"
5447,40.8162619,-73.9141971,"(40.8162619, -73.9141971)"
5448,40.6633128,-73.9210513,"(40.6633128, -73.9210513)"
5449,40.7415488,-73.9895745,"(40.7415488, -73.9895745)"
5450,40.7230774,-73.9764778,"(40.7230774, -73.9764778)"
5451,40.8156907,-73.9582947,"(40.8156907, -73.9582947)"
5452,40.7658262,-73.8237264,"(40.7658262, -73.8237264)"
5453,40.8400595,-73.8709533,"(40.8400595, -73.8709533)"
5454,40.6361331,-73.9727361,"(40.6361331, -73.9727361)"
5455,40.823264,-73.9527619,"(40.823264, -73.9527619)"
5456,40.7334973,-73.8703694,"(40.7334973, -73.8703694)"
5457,40.678639,-73.9735083,"(40.678639, -73.9735083)"
5458,40.5985519,-73.9973389,"(40.5985519, -73.9973389)"
5459,40.7187759,-73.9956999,"(40.7187759, -73.9956999)"
5460,40.6806961,-74.0029655,"(40.6806961, -74.0029655)"
5461,40.8620661,-73.8948254,"(40.8620661, -73.8948254)"
5463,40.6483007,-73.9280602,"(40.6483007, -73.9280602)"
5465,40.6199832,-73.9642669,"(40.6199832, -73.9642669)"
5466,40.8795799,-73.8753643,"(40.8795799, -73.8753643)"
5468,40.7152095,-73.9842579,"(40.7152095, -73.9842579)"
5469,40.7130201,-73.9944594,"(40.7130201, -73.9944594)"
5470,40.5293737,-74.1613509,"(40.5293737, -74.1613509)"
5471,40.6436608,-73.9006685,"(40.6436608, -73.9006685)"
5473,40.8179353,-73.8926808,"(40.8179353, -73.8926808)"
5474,40.7565681,-73.990276,"(40.7565681, -73.990276)"
5475,40.8027515,-73.933575,"(40.8027515, -73.933575)"
5476,40.6880421,-73.8327446,"(40.6880421, -73.8327446)"
5477,40.7389026,-73.9873015,"(40.7389026, -73.9873015)"
5478,40.7832418,-73.9745391,"(40.7832418, -73.9745391)"
5479,40.8074182,-73.9584083,"(40.8074182, -73.9584083)"
5480,40.8077723,-73.9454833,"(40.8077723, -73.9454833)"
5481,40.7849422,-73.9465889,"(40.7849422, -73.9465889)"
5482,40.8396059,-73.9181388,"(40.8396059, -73.9181388)"
5483,40.6296533,-73.9650795,"(40.6296533, -73.9650795)"
5484,40.6089131,-74.1530796,"(40.6089131, -74.1530796)"
5485,40.6434847,-73.9449004,"(40.6434847, -73.9449004)"
5486,40.6444315,-73.9295994,"(40.6444315, -73.9295994)"
5487,40.7955403,-73.9480937,"(40.7955403, -73.9480937)"
5488,40.6689643,-73.9505858,"(40.6689643, -73.9505858)"
5489,40.8722173,-73.8468928,"(40.8722173, -73.8468928)"
5490,40.6098096,-73.9224976,"(40.6098096, -73.9224976)"
5491,40.7716693,-73.9866959,"(40.7716693, -73.9866959)"
5492,40.7813162,-73.9461296,"(40.7813162, -73.9461296)"
5493,40.7208537,-74.0039287,"(40.7208537, -74.0039287)"
5494,40.7813162,-73.9461296,"(40.7813162, -73.9461296)"
5495,40.640667,-74.1673348,"(40.640667, -74.1673348)"
5497,40.8169122,-73.9339971,"(40.8169122, -73.9339971)"
5498,40.7264469,-73.7657842,"(40.7264469, -73.7657842)"
5499,40.7893858,-73.7823167,"(40.7893858, -73.7823167)"
5501,40.6572025,-74.0046782,"(40.6572025, -74.0046782)"
5502,40.6928776,-73.8321844,"(40.6928776, -73.8321844)"
5503,40.7583813,-73.79954,"(40.7583813, -73.79954)"
5504,40.6479057,-74.0074055,"(40.6479057, -74.0074055)"
5505,40.6687978,-73.9311201,"(40.6687978, -73.9311201)"
5506,40.7545534,-73.7431647,"(40.7545534, -73.7431647)"
5507,40.663684,-73.7504213,"(40.663684, -73.7504213)"
5508,40.8043758,-73.9374202,"(40.8043758, -73.9374202)"
5510,40.7595273,-73.999242,"(40.7595273, -73.999242)"
5511,40.8545068,-73.8343967,"(40.8545068, -73.8343967)"
5512,40.6742683,-73.8706792,"(40.6742683, -73.8706792)"
5513,40.643065,-73.9516499,"(40.643065, -73.9516499)"
5516,40.5972831,-73.9074485,"(40.5972831, -73.9074485)"
5517,40.8133899,-73.9562587,"(40.8133899, -73.9562587)"
5518,40.764071,-73.8091361,"(40.764071, -73.8091361)"
5519,40.7714641,-73.9943462,"(40.7714641, -73.9943462)"
5520,40.5461369,-74.1740677,"(40.5461369, -74.1740677)"
5521,40.7928731,-73.9437223,"(40.7928731, -73.9437223)"
5522,40.854504,-73.8677044,"(40.854504, -73.8677044)"
5523,40.7647362,-73.988033,"(40.7647362, -73.988033)"
5525,40.7648688,-73.8119568,"(40.7648688, -73.8119568)"
5526,40.7626591,-73.8904448,"(40.7626591, -73.8904448)"
5527,40.8478941,-73.8472163,"(40.8478941, -73.8472163)"
5528,40.6170012,-73.9469934,"(40.6170012, -73.9469934)"
5529,40.6091517,-74.1498667,"(40.6091517, -74.1498667)"
5530,40.6887701,-73.999062,"(40.6887701, -73.999062)"
5531,40.8862961,-73.8479056,"(40.8862961, -73.8479056)"
5533,40.7692957,-73.9949385,"(40.7692957, -73.9949385)"
5534,40.6936134,-73.9825104,"(40.6936134, -73.9825104)"
5536,40.6071903,-74.1624214,"(40.6071903, -74.1624214)"
5537,40.6348155,-73.9887517,"(40.6348155, -73.9887517)"
5538,40.7184605,-73.7751978,"(40.7184605, -73.7751978)"
5539,40.852243,-73.8863825,"(40.852243, -73.8863825)"
5540,40.6953981,-73.8165523,"(40.6953981, -73.8165523)"
5541,40.7075733,-73.8361871,"(40.7075733, -73.8361871)"
5542,40.8019159,-73.9534778,"(40.8019159, -73.9534778)"
5543,40.7296285,-74.0083996,"(40.7296285, -74.0083996)"
5544,40.8187356,-73.961082,"(40.8187356, -73.961082)"
5546,40.7629162,-73.9856472,"(40.7629162, -73.9856472)"
5547,40.7200764,-73.9883549,"(40.7200764, -73.9883549)"
5548,40.7612985,-73.8652652,"(40.7612985, -73.8652652)"
5549,40.7935573,-73.967016,"(40.7935573, -73.967016)"
5550,40.6367364,-73.8983008,"(40.6367364, -73.8983008)"
5552,40.6829086,-73.9597839,"(40.6829086, -73.9597839)"
5553,40.6852498,-73.7491903,"(40.6852498, -73.7491903)"
5554,40.7139849,-73.7381163,"(40.7139849, -73.7381163)"
5555,40.7529474,-73.8924748,"(40.7529474, -73.8924748)"
5556,40.6807,-73.8446429,"(40.6807, -73.8446429)"
5557,40.7375535,-73.9780532,"(40.7375535, -73.9780532)"
5558,40.7616074,-73.9903149,"(40.7616074, -73.9903149)"
5559,40.5262662,-74.2015265,"(40.5262662, -74.2015265)"
5560,40.6966299,-73.9185632,"(40.6966299, -73.9185632)"
5562,40.7107097,-73.7930392,"(40.7107097, -73.7930392)"
5564,40.6098062,-74.1604,"(40.6098062, -74.1604)"
5565,40.8107277,-73.9246479,"(40.8107277, -73.9246479)"
5566,40.6752142,-73.7377926,"(40.6752142, -73.7377926)"
5567,40.8780222,-73.9024048,"(40.8780222, -73.9024048)"
5568,40.7595811,-73.768937,"(40.7595811, -73.768937)"
5569,40.7521198,-73.9776766,"(40.7521198, -73.9776766)"
5570,40.6921293,-73.8348331,"(40.6921293, -73.8348331)"
5572,40.7559505,-73.9907272,"(40.7559505, -73.9907272)"
5573,40.7261864,-73.9894289,"(40.7261864, -73.9894289)"
5574,40.6756249,-73.8987786,"(40.6756249, -73.8987786)"
5576,40.6959567,-73.7427346,"(40.6959567, -73.7427346)"
5577,40.7082658,-73.9551194,"(40.7082658, -73.9551194)"
5579,40.8069669,-73.9554104,"(40.8069669, -73.9554104)"
5580,40.5597487,-74.135192,"(40.5597487, -74.135192)"
5581,40.7494725,-73.7563932,"(40.7494725, -73.7563932)"
5582,40.7644363,-73.7226787,"(40.7644363, -73.7226787)"
5583,40.7303695,-73.9138714,"(40.7303695, -73.9138714)"
5584,40.8468032,-73.9318503,"(40.8468032, -73.9318503)"
5585,40.7762373,-73.9438194,"(40.7762373, -73.9438194)"
5586,40.8535828,-73.9322265,"(40.8535828, -73.9322265)"
5587,40.6957047,-73.9463647,"(40.6957047, -73.9463647)"
5588,40.7547827,-73.9799352,"(40.7547827, -73.9799352)"
5589,40.6773595,-73.8868607,"(40.6773595, -73.8868607)"
5590,40.6087258,-74.0883777,"(40.6087258, -74.0883777)"
5591,40.7396752,-73.9345761,"(40.7396752, -73.9345761)"
5592,40.7506503,-73.9428231,"(40.7506503, -73.9428231)"
5593,40.7096406,-73.9923745,"(40.7096406, -73.9923745)"
5594,40.6227293,-74.0313614,"(40.6227293, -74.0313614)"
5595,40.5852401,-74.0934086,"(40.5852401, -74.0934086)"
5596,40.7371403,-73.8146945,"(40.7371403, -73.8146945)"
5597,40.7896149,-73.9736086,"(40.7896149, -73.9736086)"
5598,40.7274668,-73.9794708,"(40.7274668, -73.9794708)"
5599,40.8664489,-73.9304888,"(40.8664489, -73.9304888)"
5600,40.754882,-73.8992829,"(40.754882, -73.8992829)"
5601,40.6256522,-73.9305234,"(40.6256522, -73.9305234)"
5602,40.8334144,-73.8590554,"(40.8334144, -73.8590554)"
5603,40.681293,-73.8255543,"(40.681293, -73.8255543)"
5604,40.6589664,-73.9190885,"(40.6589664, -73.9190885)"
5605,40.6934057,-73.9088523,"(40.6934057, -73.9088523)"
5606,40.8068735,-73.9197215,"(40.8068735, -73.9197215)"
5607,40.6711863,-73.9420297,"(40.6711863, -73.9420297)"
5608,40.8209989,-73.8968919,"(40.8209989, -73.8968919)"
5609,40.610693,-74.1183957,"(40.610693, -74.1183957)"
5610,40.7271552,-73.75398,"(40.7271552, -73.75398)"
5611,40.6872879,-73.758857,"(40.6872879, -73.758857)"
5612,40.5635038,-74.1326443,"(40.5635038, -74.1326443)"
5613,40.5068328,-74.2237886,"(40.5068328, -74.2237886)"
5614,40.6851972,-73.9782759,"(40.6851972, -73.9782759)"
5615,40.672203,-73.8087249,"(40.672203, -73.8087249)"
5616,40.7138164,-73.92084,"(40.7138164, -73.92084)"
5617,40.8023965,-73.9367683,"(40.8023965, -73.9367683)"
5618,40.7566543,-73.9785667,"(40.7566543, -73.9785667)"
5619,40.76226,-73.7569828,"(40.76226, -73.7569828)"
5620,40.6768941,-73.9000457,"(40.6768941, -73.9000457)"
5621,40.6857748,-73.8181833,"(40.6857748, -73.8181833)"
5622,40.6656299,-73.7392073,"(40.6656299, -73.7392073)"
5623,40.6656448,-73.855088,"(40.6656448, -73.855088)"
5624,40.7383923,-73.8067289,"(40.7383923, -73.8067289)"
5625,40.6689643,-73.9505858,"(40.6689643, -73.9505858)"
5626,40.8687708,-73.8317333,"(40.8687708, -73.8317333)"
5627,40.7577007,-73.9693944,"(40.7577007, -73.9693944)"
5628,40.6226432,-73.8964902,"(40.6226432, -73.8964902)"
5629,40.5952986,-74.0628627,"(40.5952986, -74.0628627)"
5630,40.7476292,-73.9767362,"(40.7476292, -73.9767362)"
5631,40.751191,-73.9020204,"(40.751191, -73.9020204)"
5632,40.9010633,-73.8615635,"(40.9010633, -73.8615635)"
5633,40.6957044,-73.7567277,"(40.6957044, -73.7567277)"
5634,40.8626793,-73.9090397,"(40.8626793, -73.9090397)"
5636,40.7666068,-73.8911639,"(40.7666068, -73.8911639)"
5637,40.585343,-73.9415539,"(40.585343, -73.9415539)"
5638,40.8678745,-73.8662641,"(40.8678745, -73.8662641)"
5639,40.5969788,-73.9732382,"(40.5969788, -73.9732382)"
5640,40.6190136,-73.9868524,"(40.6190136, -73.9868524)"
5642,40.7167049,-73.8587792,"(40.7167049, -73.8587792)"
5643,40.6767796,-73.8588962,"(40.6767796, -73.8588962)"
5644,40.6555642,-73.8797328,"(40.6555642, -73.8797328)"
5645,40.7387912,-73.8880555,"(40.7387912, -73.8880555)"
5646,40.7413739,-73.9725075,"(40.7413739, -73.9725075)"
5648,40.7402615,-73.9905165,"(40.7402615, -73.9905165)"
5649,40.6172733,-74.160799,"(40.6172733, -74.160799)"
5650,40.759308,-73.9652931,"(40.759308, -73.9652931)"
5651,40.7520955,-73.9259594,"(40.7520955, -73.9259594)"
5653,40.7410282,-73.9343077,"(40.7410282, -73.9343077)"
5654,40.6111065,-74.1422004,"(40.6111065, -74.1422004)"
5655,40.6518653,-73.8653425,"(40.6518653, -73.8653425)"
5656,40.8308055,-73.8997314,"(40.8308055, -73.8997314)"
5657,40.6302913,-74.0889035,"(40.6302913, -74.0889035)"
5658,40.687076,-73.9235436,"(40.687076, -73.9235436)"
5659,40.6305808,-73.8859004,"(40.6305808, -73.8859004)"
5660,40.6922774,-73.9881866,"(40.6922774, -73.9881866)"
5661,40.6864517,-73.8158161,"(40.6864517, -73.8158161)"
5663,40.60159,-74.128467,"(40.60159, -74.128467)"
5664,40.7155915,-74.0111069,"(40.7155915, -74.0111069)"
5665,40.677304,-73.8045606,"(40.677304, -73.8045606)"
5666,40.7392682,-73.995446,"(40.7392682, -73.995446)"
5667,40.7603085,-73.8758076,"(40.7603085, -73.8758076)"
5669,40.8560468,-73.9007778,"(40.8560468, -73.9007778)"
5670,40.6799371,-73.7763624,"(40.6799371, -73.7763624)"
5671,40.7244008,-73.8498011,"(40.7244008, -73.8498011)"
5672,40.8255779,-73.9184596,"(40.8255779, -73.9184596)"
5673,40.8678218,-73.8634441,"(40.8678218, -73.8634441)"
5674,40.6325733,-73.991083,"(40.6325733, -73.991083)"
5675,40.6190947,-74.0860069,"(40.6190947, -74.0860069)"
5678,40.7506611,-73.9877793,"(40.7506611, -73.9877793)"
5680,40.6529272,-73.9593299,"(40.6529272, -73.9593299)"
5681,40.6378712,-73.9096236,"(40.6378712, -73.9096236)"
5682,40.8169365,-73.9573872,"(40.8169365, -73.9573872)"
5684,40.7199725,-73.9928968,"(40.7199725, -73.9928968)"
5685,40.7547481,-73.9878904,"(40.7547481, -73.9878904)"
5686,40.754252,-73.8135316,"(40.754252, -73.8135316)"
5688,40.7441117,-73.9536372,"(40.7441117, -73.9536372)"
5689,40.6752559,-73.7320603,"(40.6752559, -73.7320603)"
5690,40.6761315,-73.9219014,"(40.6761315, -73.9219014)"
5691,40.6517331,-73.930381,"(40.6517331, -73.930381)"
5692,40.6774056,-73.9830482,"(40.6774056, -73.9830482)"
5693,40.8023726,-73.9643026,"(40.8023726, -73.9643026)"
5694,40.8392355,-73.8302575,"(40.8392355, -73.8302575)"
5695,40.8669318,-73.8605065,"(40.8669318, -73.8605065)"
5696,40.7383125,-73.9877418,"(40.7383125, -73.9877418)"
5697,40.6862342,-73.8241748,"(40.6862342, -73.8241748)"
5698,40.8044198,-73.9553688,"(40.8044198, -73.9553688)"
5699,40.7379289,-73.8555803,"(40.7379289, -73.8555803)"
5700,40.745946,-73.9555126,"(40.745946, -73.9555126)"
5701,40.6622787,-73.9107764,"(40.6622787, -73.9107764)"
5702,40.7445614,-73.9307531,"(40.7445614, -73.9307531)"
5703,40.7846251,-73.9164731,"(40.7846251, -73.9164731)"
5704,40.7101767,-74.0011362,"(40.7101767, -74.0011362)"
5706,40.7602226,-73.967462,"(40.7602226, -73.967462)"
5707,40.8410766,-73.9397674,"(40.8410766, -73.9397674)"
5709,40.6466293,-73.9556509,"(40.6466293, -73.9556509)"
5710,40.6373915,-73.9103665,"(40.6373915, -73.9103665)"
5712,40.728233,-73.8331189,"(40.728233, -73.8331189)"
5714,40.6388414,-74.1292846,"(40.6388414, -74.1292846)"
5715,40.8790346,-73.8486201,"(40.8790346, -73.8486201)"
5716,40.7743679,-73.9635486,"(40.7743679, -73.9635486)"
5717,40.7067834,-73.9119503,"(40.7067834, -73.9119503)"
5718,40.7558074,-73.9864031,"(40.7558074, -73.9864031)"
5720,40.866761,-73.9206109,"(40.866761, -73.9206109)"
5721,40.6432857,-73.8925037,"(40.6432857, -73.8925037)"
5722,40.8133899,-73.9562587,"(40.8133899, -73.9562587)"
5724,40.835432,-73.9233984,"(40.835432, -73.9233984)"
5725,40.6837777,-73.7697441,"(40.6837777, -73.7697441)"
5726,40.7267348,-73.9080455,"(40.7267348, -73.9080455)"
5727,40.7097731,-73.9962163,"(40.7097731, -73.9962163)"
5728,40.6705043,-73.9448709,"(40.6705043, -73.9448709)"
5730,40.7635447,-73.9851922,"(40.7635447, -73.9851922)"
5731,40.6176848,-73.9846519,"(40.6176848, -73.9846519)"
5732,40.766359,-73.8875543,"(40.766359, -73.8875543)"
5733,40.6483007,-73.9280602,"(40.6483007, -73.9280602)"
5734,40.8371951,-73.8222146,"(40.8371951, -73.8222146)"
5736,40.6502133,-74.0157592,"(40.6502133, -74.0157592)"
5737,40.8241884,-73.91384,"(40.8241884, -73.91384)"
5739,40.750766,-73.9744433,"(40.750766, -73.9744433)"
5740,40.5952985,-74.1103789,"(40.5952985, -74.1103789)"
5741,40.6273136,-73.9418156,"(40.6273136, -73.9418156)"
5743,40.6885202,-73.992929,"(40.6885202, -73.992929)"
5744,40.6256465,-74.03311,"(40.6256465, -74.03311)"
5745,40.8479018,-73.9242877,"(40.8479018, -73.9242877)"
5746,40.6317075,-73.946481,"(40.6317075, -73.946481)"
5747,40.8617006,-73.8913807,"(40.8617006, -73.8913807)"
5748,40.7595273,-73.999242,"(40.7595273, -73.999242)"
5749,40.7566718,-73.8287931,"(40.7566718, -73.8287931)"
5750,40.6716376,-73.950335,"(40.6716376, -73.950335)"
5751,40.5965113,-73.9078755,"(40.5965113, -73.9078755)"
5752,40.7742135,-73.9318162,"(40.7742135, -73.9318162)"
5753,40.753928,-73.9976034,"(40.753928, -73.9976034)"
5754,40.6866467,-73.9798115,"(40.6866467, -73.9798115)"
5755,40.7515762,-73.8558359,"(40.7515762, -73.8558359)"
5756,40.6315744,-73.9954605,"(40.6315744, -73.9954605)"
5757,40.6541418,-73.8873109,"(40.6541418, -73.8873109)"
5759,40.6442955,-73.901381,"(40.6442955, -73.901381)"
5760,40.8178464,-73.9418441,"(40.8178464, -73.9418441)"
5761,40.8264293,-73.911792,"(40.8264293, -73.911792)"
5762,40.8458182,-73.8841345,"(40.8458182, -73.8841345)"
5763,40.7733356,-73.9550538,"(40.7733356, -73.9550538)"
5764,40.5239976,-74.1860995,"(40.5239976, -74.1860995)"
5765,40.6704292,-73.9281805,"(40.6704292, -73.9281805)"
5766,40.7650136,-73.8870909,"(40.7650136, -73.8870909)"
5767,40.6691002,-73.9366568,"(40.6691002, -73.9366568)"
5769,40.6101467,-74.1512571,"(40.6101467, -74.1512571)"
5770,40.7598419,-73.9841751,"(40.7598419, -73.9841751)"
5771,40.7534749,-73.9925287,"(40.7534749, -73.9925287)"
5772,40.6670166,-73.9312914,"(40.6670166, -73.9312914)"
5773,40.7672901,-73.9666066,"(40.7672901, -73.9666066)"
5774,40.7206259,-73.9949711,"(40.7206259, -73.9949711)"
5775,40.7261864,-73.9894289,"(40.7261864, -73.9894289)"
5776,40.6679761,-73.9339831,"(40.6679761, -73.9339831)"
5778,40.7592841,-73.959265,"(40.7592841, -73.959265)"
5779,40.7020032,-73.7657464,"(40.7020032, -73.7657464)"
5781,40.6869042,-73.944623,"(40.6869042, -73.944623)"
5783,40.7287393,-73.730301,"(40.7287393, -73.730301)"
5784,40.7027422,-73.744133,"(40.7027422, -73.744133)"
5785,40.7111671,-73.9488916,"(40.7111671, -73.9488916)"
5786,40.8563263,-73.8724291,"(40.8563263, -73.8724291)"
5787,40.6802007,-73.8575694,"(40.6802007, -73.8575694)"
5788,40.879242,-73.8653481,"(40.879242, -73.8653481)"
5789,40.8361267,-73.8898612,"(40.8361267, -73.8898612)"
5790,40.8378635,-73.9113938,"(40.8378635, -73.9113938)"
5791,40.5898451,-73.9911032,"(40.5898451, -73.9911032)"
5792,40.6638134,-73.9111672,"(40.6638134, -73.9111672)"
5793,40.7533148,-73.8613292,"(40.7533148, -73.8613292)"
5794,40.6596509,-73.7738282,"(40.6596509, -73.7738282)"
5795,40.7029389,-73.9502468,"(40.7029389, -73.9502468)"
5796,40.6561603,-73.7673526,"(40.6561603, -73.7673526)"
5797,40.6339552,-74.0857486,"(40.6339552, -74.0857486)"
5798,40.6807,-73.8446429,"(40.6807, -73.8446429)"
5799,40.7684459,-73.8943415,"(40.7684459, -73.8943415)"
5800,40.7234868,-73.9516457,"(40.7234868, -73.9516457)"
5801,40.7176501,-73.9886691,"(40.7176501, -73.9886691)"
5802,40.6909168,-73.7281786,"(40.6909168, -73.7281786)"
5803,40.6899173,-73.7778939,"(40.6899173, -73.7778939)"
5804,40.8418183,-73.9224369,"(40.8418183, -73.9224369)"
5805,40.7193963,-74.0018831,"(40.7193963, -74.0018831)"
5806,40.7248777,-73.9751639,"(40.7248777, -73.9751639)"
5807,40.6503405,-73.9746115,"(40.6503405, -73.9746115)"
5808,40.6993917,-73.9193749,"(40.6993917, -73.9193749)"
5809,40.7794977,-73.9555841,"(40.7794977, -73.9555841)"
5810,40.7728693,-73.9162351,"(40.7728693, -73.9162351)"
5811,40.7199104,-73.8090389,"(40.7199104, -73.8090389)"
5813,40.6661807,-73.9059698,"(40.6661807, -73.9059698)"
5814,40.7887968,-73.9375408,"(40.7887968, -73.9375408)"
5815,40.8319466,-73.9198611,"(40.8319466, -73.9198611)"
5816,40.6113395,-73.8972689,"(40.6113395, -73.8972689)"
5817,40.699405,-73.953369,"(40.699405, -73.953369)"
5818,40.7199725,-73.9928968,"(40.7199725, -73.9928968)"
5820,40.8094965,-73.9358079,"(40.8094965, -73.9358079)"
5821,40.6729753,-73.7322245,"(40.6729753, -73.7322245)"
5822,40.7050353,-73.8574297,"(40.7050353, -73.8574297)"
5823,40.5739728,-74.1699179,"(40.5739728, -74.1699179)"
5825,40.783362,-73.9548774,"(40.783362, -73.9548774)"
5826,40.7231208,-74.0062341,"(40.7231208, -74.0062341)"
5828,40.7595273,-73.999242,"(40.7595273, -73.999242)"
5829,40.5973175,-73.7542631,"(40.5973175, -73.7542631)"
5830,40.6264564,-73.9179932,"(40.6264564, -73.9179932)"
5831,40.7298259,-74.0106005,"(40.7298259, -74.0106005)"
5833,40.8770335,-73.8463682,"(40.8770335, -73.8463682)"
5835,40.746417,-73.9818325,"(40.746417, -73.9818325)"
5836,40.745287,-73.9887294,"(40.745287, -73.9887294)"
5837,40.7596199,-73.9619648,"(40.7596199, -73.9619648)"
5838,40.824138,-73.8929487,"(40.824138, -73.8929487)"
5839,40.7017631,-73.9275877,"(40.7017631, -73.9275877)"
5840,40.8721155,-73.9162764,"(40.8721155, -73.9162764)"
5841,40.7892055,-73.9548156,"(40.7892055, -73.9548156)"
5842,40.5850448,-74.1607762,"(40.5850448, -74.1607762)"
5843,40.82284,-73.9287567,"(40.82284, -73.9287567)"
5844,40.5755654,-73.9812022,"(40.5755654, -73.9812022)"
5845,40.7101767,-74.0011362,"(40.7101767, -74.0011362)"
5846,40.6672401,-73.7699963,"(40.6672401, -73.7699963)"
5847,40.870234,-73.9006048,"(40.870234, -73.9006048)"
5848,40.7643501,-73.8259432,"(40.7643501, -73.8259432)"
5849,40.6856145,-73.7502563,"(40.6856145, -73.7502563)"
5850,40.6212451,-74.0136235,"(40.6212451, -74.0136235)"
5851,40.7404542,-73.8443632,"(40.7404542, -73.8443632)"
5852,40.7494725,-73.7563932,"(40.7494725, -73.7563932)"
5853,40.6540699,-73.9617619,"(40.6540699, -73.9617619)"
5854,40.6765736,-73.9007925,"(40.6765736, -73.9007925)"
5856,40.7185553,-73.915167,"(40.7185553, -73.915167)"
5857,40.7519423,-73.8322954,"(40.7519423, -73.8322954)"
5858,40.6401038,-73.9146074,"(40.6401038, -73.9146074)"
5859,40.6544301,-74.0075648,"(40.6544301, -74.0075648)"
5860,40.6640129,-73.9773421,"(40.6640129, -73.9773421)"
5861,40.7787301,-73.9778302,"(40.7787301, -73.9778302)"
5862,40.8077723,-73.9454833,"(40.8077723, -73.9454833)"
5863,40.7646768,-73.8851276,"(40.7646768, -73.8851276)"
5865,40.7434239,-73.9998484,"(40.7434239, -73.9998484)"
5866,40.6802733,-73.8885251,"(40.6802733, -73.8885251)"
5867,40.7762371,-73.9558679,"(40.7762371, -73.9558679)"
5868,40.737699,-73.7259887,"(40.737699, -73.7259887)"
5870,40.6056732,-74.0309361,"(40.6056732, -74.0309361)"
5871,40.6869972,-73.9568428,"(40.6869972, -73.9568428)"
5872,40.5906331,-73.9497508,"(40.5906331, -73.9497508)"
5873,40.7040718,-73.8596138,"(40.7040718, -73.8596138)"
5874,40.8542644,-73.8693786,"(40.8542644, -73.8693786)"
5875,40.7365314,-73.9907516,"(40.7365314, -73.9907516)"
5876,40.7507179,-73.8587648,"(40.7507179, -73.8587648)"
5877,40.7500238,-73.7062968,"(40.7500238, -73.7062968)"
5878,40.878613,-73.84946,"(40.878613, -73.84946)"
5879,40.7127752,-73.772003,"(40.7127752, -73.772003)"
5880,40.7394976,-73.9826643,"(40.7394976, -73.9826643)"
5881,40.7638895,-73.84001,"(40.7638895, -73.84001)"
5882,40.635508,-73.9132766,"(40.635508, -73.9132766)"
5883,40.7203761,-74.0032612,"(40.7203761, -74.0032612)"
5884,40.6825998,-73.9559659,"(40.6825998, -73.9559659)"
5885,40.737213,-73.8825047,"(40.737213, -73.8825047)"
5886,40.6053284,-73.9902908,"(40.6053284, -73.9902908)"
5887,40.8374473,-73.8311475,"(40.8374473, -73.8311475)"
5889,40.7065138,-73.8781296,"(40.7065138, -73.8781296)"
5890,40.5958903,-74.0858762,"(40.5958903, -74.0858762)"
5891,40.8444103,-73.8688919,"(40.8444103, -73.8688919)"
5892,40.6816705,-73.8377974,"(40.6816705, -73.8377974)"
5893,40.732593,-73.9744105,"(40.732593, -73.9744105)"
5894,40.6776795,-73.9795979,"(40.6776795, -73.9795979)"
5895,40.7819374,-73.9442713,"(40.7819374, -73.9442713)"
5896,40.7467241,-73.7580139,"(40.7467241, -73.7580139)"
5897,40.7285197,-73.9057231,"(40.7285197, -73.9057231)"
5898,40.7354326,-73.9826943,"(40.7354326, -73.9826943)"
5899,40.6252805,-74.1354761,"(40.6252805, -74.1354761)"
5900,40.7060748,-73.727474,"(40.7060748, -73.727474)"
5901,40.7529363,-73.9854869,"(40.7529363, -73.9854869)"
5902,40.6088524,-74.1533351,"(40.6088524, -74.1533351)"
5903,40.7555563,-73.8853671,"(40.7555563, -73.8853671)"
5904,40.6884588,-73.9827137,"(40.6884588, -73.9827137)"
5905,40.7280192,-73.8636693,"(40.7280192, -73.8636693)"
5906,40.5793574,-74.0871509,"(40.5793574, -74.0871509)"
5908,40.6072584,-74.0026435,"(40.6072584, -74.0026435)"
5909,40.6797343,-73.9743118,"(40.6797343, -73.9743118)"
5910,40.5617055,-74.1722548,"(40.5617055, -74.1722548)"
5912,40.6150052,-73.9802186,"(40.6150052, -73.9802186)"
5913,40.6471826,-73.9074704,"(40.6471826, -73.9074704)"
5914,40.6960346,-73.9845292,"(40.6960346, -73.9845292)"
5915,40.7641704,-73.9847336,"(40.7641704, -73.9847336)"
5917,40.6361191,-74.1382363,"(40.6361191, -74.1382363)"
5918,40.7588722,-73.7189354,"(40.7588722, -73.7189354)"
5919,40.6505183,-73.9235855,"(40.6505183, -73.9235855)"
5920,40.8080019,-73.9638986,"(40.8080019, -73.9638986)"
5921,40.6987537,-73.8972577,"(40.6987537, -73.8972577)"
5922,40.832501,-73.9280995,"(40.832501, -73.9280995)"
5923,40.7843547,-73.9811649,"(40.7843547, -73.9811649)"
5924,40.7014547,-73.9896203,"(40.7014547, -73.9896203)"
5925,40.7084385,-73.8762036,"(40.7084385, -73.8762036)"
5926,40.7244328,-73.9934591,"(40.7244328, -73.9934591)"
5927,40.6757357,-73.8968533,"(40.6757357, -73.8968533)"
5928,40.7176424,-73.9384612,"(40.7176424, -73.9384612)"
5929,40.7246917,-73.9784146,"(40.7246917, -73.9784146)"
5930,40.7084943,-73.9388628,"(40.7084943, -73.9388628)"
5931,40.7077238,-73.7963163,"(40.7077238, -73.7963163)"
5932,40.6889031,-73.9809286,"(40.6889031, -73.9809286)"
5933,40.6499287,-73.9331145,"(40.6499287, -73.9331145)"
5934,40.6855832,-73.7910439,"(40.6855832, -73.7910439)"
5935,40.8258777,-73.9193842,"(40.8258777, -73.9193842)"
5938,40.768891,-73.9820935,"(40.768891, -73.9820935)"
5939,40.6812166,-73.8821058,"(40.6812166, -73.8821058)"
5940,40.8162619,-73.9141971,"(40.8162619, -73.9141971)"
5941,40.7488784,-73.7712371,"(40.7488784, -73.7712371)"
5943,40.703239,-73.9143859,"(40.703239, -73.9143859)"
5944,40.6549235,-74.0144917,"(40.6549235, -74.0144917)"
5945,40.7628071,-73.9931557,"(40.7628071, -73.9931557)"
5946,40.8632382,-73.9269238,"(40.8632382, -73.9269238)"
5947,40.664083,-73.9481671,"(40.664083, -73.9481671)"
5948,40.7589913,-73.8345301,"(40.7589913, -73.8345301)"
5951,40.6728262,-73.9390758,"(40.6728262, -73.9390758)"
5953,40.7598833,-73.9367906,"(40.7598833, -73.9367906)"
5956,40.7440332,-74.003118,"(40.7440332, -74.003118)"
5957,40.7238812,-73.9969515,"(40.7238812, -73.9969515)"
5958,40.8170594,-73.9558011,"(40.8170594, -73.9558011)"
5960,40.8732226,-73.8374603,"(40.8732226, -73.8374603)"
5962,40.6779993,-73.9730543,"(40.6779993, -73.9730543)"
5963,40.5531945,-74.1643413,"(40.5531945, -74.1643413)"
5964,40.6831329,-73.882582,"(40.6831329, -73.882582)"
5965,40.6698646,-73.9505022,"(40.6698646, -73.9505022)"
5966,40.8347693,-73.8699408,"(40.8347693, -73.8699408)"
5967,40.8398667,-73.9406395,"(40.8398667, -73.9406395)"
5968,40.6781627,-73.8974769,"(40.6781627, -73.8974769)"
5969,40.6887604,-73.9808422,"(40.6887604, -73.9808422)"
5970,40.7025952,-73.8552926,"(40.7025952, -73.8552926)"
5971,40.7730436,-73.8305151,"(40.7730436, -73.8305151)"
5972,40.7491758,-73.9670136,"(40.7491758, -73.9670136)"
5973,40.7503678,-73.7528022,"(40.7503678, -73.7528022)"
5974,40.6632221,-73.8936503,"(40.6632221, -73.8936503)"
5975,40.5417455,-74.2069916,"(40.5417455, -74.2069916)"
5976,40.8529554,-73.8431525,"(40.8529554, -73.8431525)"
5977,40.6691899,-73.8856886,"(40.6691899, -73.8856886)"
5978,40.7302934,-73.8559144,"(40.7302934, -73.8559144)"
5980,40.7174165,-73.9193098,"(40.7174165, -73.9193098)"
5981,40.6827988,-73.7321742,"(40.6827988, -73.7321742)"
5982,40.692778,-73.9576793,"(40.692778, -73.9576793)"
5983,40.753105,-73.7388395,"(40.753105, -73.7388395)"
5984,40.7050021,-74.0126307,"(40.7050021, -74.0126307)"
5985,40.8201339,-73.9130649,"(40.8201339, -73.9130649)"
5986,40.7596199,-73.9619648,"(40.7596199, -73.9619648)"
5987,40.666692,-73.8117233,"(40.666692, -73.8117233)"
5988,40.7604644,-73.8265417,"(40.7604644, -73.8265417)"
5989,40.7374593,-73.7410827,"(40.7374593, -73.7410827)"
5990,40.8583687,-73.9039086,"(40.8583687, -73.9039086)"
5992,40.5310454,-74.2028036,"(40.5310454, -74.2028036)"
5993,40.8609551,-73.8463837,"(40.8609551, -73.8463837)"
5995,40.7868543,-73.822349,"(40.7868543, -73.822349)"
5996,40.7571447,-73.9935606,"(40.7571447, -73.9935606)"
5997,40.774292,-73.9512622,"(40.774292, -73.9512622)"
5998,40.7021368,-73.7422094,"(40.7021368, -73.7422094)"
5999,40.6620157,-73.8683673,"(40.6620157, -73.8683673)"
6000,40.6518665,-73.9126931,"(40.6518665, -73.9126931)"
6001,40.7125314,-74.0076652,"(40.7125314, -74.0076652)"
6002,40.7823164,-73.9485012,"(40.7823164, -73.9485012)"
6004,40.7693188,-73.8665952,"(40.7693188, -73.8665952)"
6005,40.8071867,-73.9242798,"(40.8071867, -73.9242798)"
6006,40.6980217,-73.7622947,"(40.6980217, -73.7622947)"
6007,40.7303651,-73.8089945,"(40.7303651, -73.8089945)"
6008,40.6332575,-74.1119548,"(40.6332575, -74.1119548)"
6009,40.6916518,-73.7791971,"(40.6916518, -73.7791971)"
6010,40.6582963,-73.9310841,"(40.6582963, -73.9310841)"
6011,40.739575,-73.7916608,"(40.739575, -73.7916608)"
6012,40.5860219,-74.1685012,"(40.5860219, -74.1685012)"
6013,40.8721355,-73.9000379,"(40.8721355, -73.9000379)"
6014,40.8519813,-73.9101749,"(40.8519813, -73.9101749)"
6015,40.763645,-73.9776872,"(40.763645, -73.9776872)"
6016,40.6099861,-73.9623778,"(40.6099861, -73.9623778)"
6017,40.7267792,-73.9889851,"(40.7267792, -73.9889851)"
6018,40.7203211,-73.9940403,"(40.7203211, -73.9940403)"
6019,40.7521974,-73.9818237,"(40.7521974, -73.9818237)"
6020,40.6667077,-73.8718221,"(40.6667077, -73.8718221)"
6021,40.5965113,-73.9078755,"(40.5965113, -73.9078755)"
6023,40.6974475,-73.9805079,"(40.6974475, -73.9805079)"
6024,40.7421514,-73.8091664,"(40.7421514, -73.8091664)"
6025,40.7264956,-73.9146771,"(40.7264956, -73.9146771)"
6026,40.6445689,-73.9450149,"(40.6445689, -73.9450149)"
6028,40.8137456,-73.9313928,"(40.8137456, -73.9313928)"
6029,40.7342607,-73.9835497,"(40.7342607, -73.9835497)"
6030,40.6805947,-73.9808878,"(40.6805947, -73.9808878)"
6031,40.7571804,-73.9739824,"(40.7571804, -73.9739824)"
6032,40.6897833,-73.9651886,"(40.6897833, -73.9651886)"
6033,40.6458062,-74.0024144,"(40.6458062, -74.0024144)"
6034,40.6694023,-73.9421971,"(40.6694023, -73.9421971)"
6035,40.627482,-74.0178829,"(40.627482, -74.0178829)"
6036,40.6738494,-73.7957059,"(40.6738494, -73.7957059)"
6037,40.611235,-73.987776,"(40.611235, -73.987776)"
6038,40.8009801,-73.9317744,"(40.8009801, -73.9317744)"
6040,40.636407,-73.9702895,"(40.636407, -73.9702895)"
6042,40.7361418,-73.7410278,"(40.7361418, -73.7410278)"
6043,40.7894981,-73.7822365,"(40.7894981, -73.7822365)"
6044,40.7651262,-73.9521205,"(40.7651262, -73.9521205)"
6045,40.7396752,-73.9345761,"(40.7396752, -73.9345761)"
6046,40.5819158,-73.8297739,"(40.5819158, -73.8297739)"
6047,40.8195414,-73.9135209,"(40.8195414, -73.9135209)"
6048,40.7261377,-73.7631722,"(40.7261377, -73.7631722)"
6050,40.7032089,-73.9462505,"(40.7032089, -73.9462505)"
6051,40.7036554,-73.8224589,"(40.7036554, -73.8224589)"
6052,40.7636677,-73.8230246,"(40.7636677, -73.8230246)"
6053,40.7609899,-73.9733095,"(40.7609899, -73.9733095)"
6054,40.7185558,-73.9882,"(40.7185558, -73.9882)"
6056,40.6625242,-73.8407023,"(40.6625242, -73.8407023)"
6057,40.7684013,-73.7375377,"(40.7684013, -73.7375377)"
6058,40.6680296,-73.9839446,"(40.6680296, -73.9839446)"
6059,40.8118299,-73.9611113,"(40.8118299, -73.9611113)"
6060,40.6656136,-73.7356712,"(40.6656136, -73.7356712)"
6062,40.7025153,-73.7508277,"(40.7025153, -73.7508277)"
6063,40.6983571,-73.731358,"(40.6983571, -73.731358)"
6064,40.6591074,-73.9957542,"(40.6591074, -73.9957542)"
6065,40.6599379,-73.9534615,"(40.6599379, -73.9534615)"
6066,40.763574,-73.9218819,"(40.763574, -73.9218819)"
6067,40.6922314,-73.7602599,"(40.6922314, -73.7602599)"
6068,40.8100655,-73.9549676,"(40.8100655, -73.9549676)"
6069,40.655593,-73.9471574,"(40.655593, -73.9471574)"
6070,40.6321467,-73.9527315,"(40.6321467, -73.9527315)"
6071,40.5753038,-73.976609,"(40.5753038, -73.976609)"
6072,40.8960825,-73.8669163,"(40.8960825, -73.8669163)"
6073,40.6383733,-73.997658,"(40.6383733, -73.997658)"
6074,40.8075133,-73.9341187,"(40.8075133, -73.9341187)"
6075,40.7108872,-74.0090609,"(40.7108872, -74.0090609)"
6076,40.7871984,-73.7799889,"(40.7871984, -73.7799889)"
6077,40.6913744,-73.8098815,"(40.6913744, -73.8098815)"
6079,40.7537872,-73.9320212,"(40.7537872, -73.9320212)"
6080,40.6581407,-74.0035571,"(40.6581407, -74.0035571)"
6081,40.665315,-73.8684509,"(40.665315, -73.8684509)"
6082,40.7339148,-73.9010788,"(40.7339148, -73.9010788)"
6083,40.7877918,-73.9712223,"(40.7877918, -73.9712223)"
6084,40.8596461,-73.8617546,"(40.8596461, -73.8617546)"
6085,40.6960346,-73.9845292,"(40.6960346, -73.9845292)"
6086,40.599502,-73.7540678,"(40.599502, -73.7540678)"
6088,40.782942,-73.9480385,"(40.782942, -73.9480385)"
6089,40.8132798,-73.8974792,"(40.8132798, -73.8974792)"
6090,40.7098057,-74.0099877,"(40.7098057, -74.0099877)"
6091,40.6804855,-73.7746985,"(40.6804855, -73.7746985)"
6092,40.6405559,-73.9768672,"(40.6405559, -73.9768672)"
6093,40.6538055,-73.9306058,"(40.6538055, -73.9306058)"
6094,40.7566916,-73.8082585,"(40.7566916, -73.8082585)"
6095,40.7741151,-73.988627,"(40.7741151, -73.988627)"
6096,40.6994847,-73.9610326,"(40.6994847, -73.9610326)"
6097,40.7381401,-74.0064701,"(40.7381401, -74.0064701)"
6098,40.8188024,-73.9560203,"(40.8188024, -73.9560203)"
6099,40.6263946,-74.1333312,"(40.6263946, -74.1333312)"
6100,40.6964431,-73.9222707,"(40.6964431, -73.9222707)"
6101,40.8267434,-73.8878967,"(40.8267434, -73.8878967)"
6102,40.7545696,-73.971677,"(40.7545696, -73.971677)"
6103,40.6562617,-73.8910808,"(40.6562617, -73.8910808)"
6104,40.8552522,-73.9127623,"(40.8552522, -73.9127623)"
6105,40.7312414,-73.7730728,"(40.7312414, -73.7730728)"
6106,40.7095234,-74.0016664,"(40.7095234, -74.0016664)"
6108,40.7781186,-73.8091644,"(40.7781186, -73.8091644)"
6109,40.7535538,-73.9850428,"(40.7535538, -73.9850428)"
6111,40.7634913,-73.8607772,"(40.7634913, -73.8607772)"
6112,40.7096605,-74.0048261,"(40.7096605, -74.0048261)"
6113,40.5977912,-73.9731226,"(40.5977912, -73.9731226)"
6114,40.6808561,-74.0030439,"(40.6808561, -74.0030439)"
6115,40.7121648,-73.9590629,"(40.7121648, -73.9590629)"
6116,40.7048304,-73.9663241,"(40.7048304, -73.9663241)"
6117,40.7598833,-73.9367906,"(40.7598833, -73.9367906)"
6120,40.696131,-73.9871041,"(40.696131, -73.9871041)"
6121,40.7176501,-73.9886691,"(40.7176501, -73.9886691)"
6122,40.6498613,-74.0197161,"(40.6498613, -74.0197161)"
6123,40.6663969,-73.7385662,"(40.6663969, -73.7385662)"
6124,40.7437967,-73.9890111,"(40.7437967, -73.9890111)"
6125,40.7178702,-73.9971068,"(40.7178702, -73.9971068)"
6126,40.7679685,-73.9682164,"(40.7679685, -73.9682164)"
6127,40.6714738,-73.9308686,"(40.6714738, -73.9308686)"
6129,40.8339903,-73.8609044,"(40.8339903, -73.8609044)"
6131,40.903481,-73.8503406,"(40.903481, -73.8503406)"
6133,40.6346633,-74.1025283,"(40.6346633, -74.1025283)"
6135,40.7631141,-73.9625151,"(40.7631141, -73.9625151)"
6136,40.6700592,-73.8905572,"(40.6700592, -73.8905572)"
6137,40.7697535,-73.9545761,"(40.7697535, -73.9545761)"
6138,40.6204363,-74.0244658,"(40.6204363, -74.0244658)"
6139,40.7214494,-73.9973989,"(40.7214494, -73.9973989)"
6140,40.7375562,-73.8508811,"(40.7375562, -73.8508811)"
6141,40.7117223,-73.7462772,"(40.7117223, -73.7462772)"
6144,40.6645978,-73.7633041,"(40.6645978, -73.7633041)"
6145,40.7204568,-73.8042645,"(40.7204568, -73.8042645)"
6146,40.6367879,-73.740563,"(40.6367879, -73.740563)"
6147,40.7236259,-74.0047875,"(40.7236259, -74.0047875)"
6148,40.6157815,-74.1030252,"(40.6157815, -74.1030252)"
6149,40.8760226,-73.8338592,"(40.8760226, -73.8338592)"
6150,40.7472771,-73.9896169,"(40.7472771, -73.9896169)"
6151,40.5972624,-73.9510061,"(40.5972624, -73.9510061)"
6152,40.8846495,-73.8266119,"(40.8846495, -73.8266119)"
6153,40.7646844,-73.9917874,"(40.7646844, -73.9917874)"
6154,40.6176848,-73.9846519,"(40.6176848, -73.9846519)"
6155,40.723996,-73.9086301,"(40.723996, -73.9086301)"
6156,40.8104721,-73.8844561,"(40.8104721, -73.8844561)"
6157,40.6481811,-73.9299991,"(40.6481811, -73.9299991)"
6158,40.7850321,-73.9405708,"(40.7850321, -73.9405708)"
6159,40.777285,-73.7746562,"(40.777285, -73.7746562)"
6160,40.6803133,-73.9433125,"(40.6803133, -73.9433125)"
6161,40.6661587,-73.9953068,"(40.6661587, -73.9953068)"
6162,40.766868,-73.9597766,"(40.766868, -73.9597766)"
6163,40.7021728,-73.994078,"(40.7021728, -73.994078)"
6164,40.6850718,-73.914914,"(40.6850718, -73.914914)"
6165,40.7620943,-73.7569053,"(40.7620943, -73.7569053)"
6166,40.6713276,-73.788475,"(40.6713276, -73.788475)"
6167,40.5832701,-73.9600492,"(40.5832701, -73.9600492)"
6168,40.6632937,-73.8747519,"(40.6632937, -73.8747519)"
6169,40.704123,-73.8540436,"(40.704123, -73.8540436)"
6171,40.8187356,-73.961082,"(40.8187356, -73.961082)"
6172,40.7217311,-73.9846784,"(40.7217311, -73.9846784)"
6173,40.8209442,-73.9068133,"(40.8209442, -73.9068133)"
6174,40.7004397,-73.8153324,"(40.7004397, -73.8153324)"
6175,40.666297,-73.8944384,"(40.666297, -73.8944384)"
6176,40.8308453,-73.9472242,"(40.8308453, -73.9472242)"
6177,40.7440605,-74.0068099,"(40.7440605, -74.0068099)"
6178,40.7032933,-73.7960918,"(40.7032933, -73.7960918)"
6179,40.6897725,-73.9770989,"(40.6897725, -73.9770989)"
6180,40.6847635,-73.7566198,"(40.6847635, -73.7566198)"
6181,40.6745753,-73.9220474,"(40.6745753, -73.9220474)"
6182,40.7214219,-73.9990332,"(40.7214219, -73.9990332)"
6183,40.6105165,-73.9988835,"(40.6105165, -73.9988835)"
6184,40.6793614,-73.8797404,"(40.6793614, -73.8797404)"
6185,40.8625976,-73.8315211,"(40.8625976, -73.8315211)"
6186,40.7965332,-73.9759553,"(40.7965332, -73.9759553)"
6187,40.52474,-74.2334345,"(40.52474, -74.2334345)"
6188,40.6107103,-74.1265865,"(40.6107103, -74.1265865)"
6189,40.6804988,-73.821356,"(40.6804988, -73.821356)"
6190,40.7612344,-73.9638843,"(40.7612344, -73.9638843)"
6191,40.5893449,-74.1014938,"(40.5893449, -74.1014938)"
6192,40.699531,-73.9110367,"(40.699531, -73.9110367)"
6193,40.6494399,-73.9630763,"(40.6494399, -73.9630763)"
6194,40.6111614,-73.9204071,"(40.6111614, -73.9204071)"
6195,40.6870157,-73.7748639,"(40.6870157, -73.7748639)"
6196,40.659932,-73.8916479,"(40.659932, -73.8916479)"
6198,40.7536108,-73.9039226,"(40.7536108, -73.9039226)"
6199,40.5843704,-73.9270904,"(40.5843704, -73.9270904)"
6200,40.7692957,-73.9949385,"(40.7692957, -73.9949385)"
6201,40.6762456,-73.9090957,"(40.6762456, -73.9090957)"
6202,40.6907612,-73.9306179,"(40.6907612, -73.9306179)"
6203,40.748383,-73.9051355,"(40.748383, -73.9051355)"
6204,40.8799484,-73.8233768,"(40.8799484, -73.8233768)"
6205,40.7021237,-73.9095834,"(40.7021237, -73.9095834)"
6206,40.7263443,-73.7650719,"(40.7263443, -73.7650719)"
6207,40.7710646,-73.9596441,"(40.7710646, -73.9596441)"
6208,40.7534674,-73.9135417,"(40.7534674, -73.9135417)"
6209,40.7018628,-73.9438243,"(40.7018628, -73.9438243)"
6210,40.7296904,-73.8680316,"(40.7296904, -73.8680316)"
6211,40.5838624,-73.9397798,"(40.5838624, -73.9397798)"
6212,40.8296993,-73.9131247,"(40.8296993, -73.9131247)"
6213,40.6286429,-74.0059263,"(40.6286429, -74.0059263)"
6214,40.8827095,-73.8812458,"(40.8827095, -73.8812458)"
6215,40.7214494,-73.9973989,"(40.7214494, -73.9973989)"
6216,40.7324716,-73.8616432,"(40.7324716, -73.8616432)"
6217,40.6074449,-73.9953037,"(40.6074449, -73.9953037)"
6220,40.7576313,-73.8279785,"(40.7576313, -73.8279785)"
6222,40.8379085,-73.9383428,"(40.8379085, -73.9383428)"
6223,40.7740216,-73.9545587,"(40.7740216, -73.9545587)"
6224,40.6464698,-74.0125764,"(40.6464698, -74.0125764)"
6225,40.704009,-73.7667925,"(40.704009, -73.7667925)"
6226,40.6694768,-73.9199662,"(40.6694768, -73.9199662)"
6228,40.8326926,-73.8684633,"(40.8326926, -73.8684633)"
6229,40.82102,-73.8872451,"(40.82102, -73.8872451)"
6230,40.7024219,-73.9866917,"(40.7024219, -73.9866917)"
6231,40.6512116,-73.9589237,"(40.6512116, -73.9589237)"
6232,40.7666162,-73.9866608,"(40.7666162, -73.9866608)"
6233,40.8465765,-73.9131496,"(40.8465765, -73.9131496)"
6234,40.6596509,-73.7738282,"(40.6596509, -73.7738282)"
6235,40.6102781,-73.9134966,"(40.6102781, -73.9134966)"
6236,40.6367927,-73.9574337,"(40.6367927, -73.9574337)"
6237,40.685493,-74.0015,"(40.685493, -74.0015)"
6238,40.7460392,-73.9905157,"(40.7460392, -73.9905157)"
6240,40.6635085,-73.8917394,"(40.6635085, -73.8917394)"
6241,40.6961687,-73.8044909,"(40.6961687, -73.8044909)"
6242,40.7534818,-73.9808885,"(40.7534818, -73.9808885)"
6244,40.8294319,-73.9419533,"(40.8294319, -73.9419533)"
6245,40.7273284,-74.0073205,"(40.7273284, -74.0073205)"
6246,40.7011601,-73.8052625,"(40.7011601, -73.8052625)"
6247,40.8319276,-73.85104,"(40.8319276, -73.85104)"
6248,40.6416905,-73.9694836,"(40.6416905, -73.9694836)"
6249,40.6790318,-73.9245912,"(40.6790318, -73.9245912)"
6250,40.7179035,-73.8320112,"(40.7179035, -73.8320112)"
6251,40.6511569,-73.9181358,"(40.6511569, -73.9181358)"
6252,40.6537577,-74.0050023,"(40.6537577, -74.0050023)"
6254,40.5896138,-74.1515159,"(40.5896138, -74.1515159)"
6255,40.7542804,-73.8975005,"(40.7542804, -73.8975005)"
6256,40.6268093,-74.0078354,"(40.6268093, -74.0078354)"
6257,40.6219225,-73.9361288,"(40.6219225, -73.9361288)"
6258,40.8063462,-73.9331715,"(40.8063462, -73.9331715)"
6259,40.6898994,-73.9804307,"(40.6898994, -73.9804307)"
6260,40.8128241,-73.923829,"(40.8128241, -73.923829)"
6261,40.7948514,-73.96236,"(40.7948514, -73.96236)"
6262,40.7517478,-73.9708047,"(40.7517478, -73.9708047)"
6263,40.7063611,-73.7925261,"(40.7063611, -73.7925261)"
6264,40.8592561,-73.886732,"(40.8592561, -73.886732)"
6265,40.7545445,-73.8305528,"(40.7545445, -73.8305528)"
6266,40.6267682,-73.9935407,"(40.6267682, -73.9935407)"
6267,40.629005,-73.9912096,"(40.629005, -73.9912096)"
6268,40.641588,-73.9254802,"(40.641588, -73.9254802)"
6269,40.7397825,-73.9795031,"(40.7397825, -73.9795031)"
6270,40.7216393,-73.8698694,"(40.7216393, -73.8698694)"
6271,40.7579729,-73.9855364,"(40.7579729, -73.9855364)"
6272,40.6879453,-73.9814013,"(40.6879453, -73.9814013)"
6273,40.6700416,-73.9365694,"(40.6700416, -73.9365694)"
6274,40.7440912,-73.9763477,"(40.7440912, -73.9763477)"
6275,40.6099425,-73.955596,"(40.6099425, -73.955596)"
6276,40.8523007,-73.8950939,"(40.8523007, -73.8950939)"
6277,40.633111,-73.9721609,"(40.633111, -73.9721609)"
6278,40.7169922,-73.8240129,"(40.7169922, -73.8240129)"
6279,40.5927872,-73.7971601,"(40.5927872, -73.7971601)"
6281,40.6665211,-73.7364462,"(40.6665211, -73.7364462)"
6282,40.7514411,-73.9739594,"(40.7514411, -73.9739594)"
6283,40.738171,-73.9776019,"(40.738171, -73.9776019)"
6284,40.7278775,-74.0054264,"(40.7278775, -74.0054264)"
6285,40.5983037,-73.9414808,"(40.5983037, -73.9414808)"
6286,40.7497536,-73.90971,"(40.7497536, -73.90971)"
6287,40.7774101,-73.9787983,"(40.7774101, -73.9787983)"
6288,40.7428639,-74.0039696,"(40.7428639, -74.0039696)"
6290,40.7472683,-73.8569821,"(40.7472683, -73.8569821)"
6291,40.6499287,-73.9331145,"(40.6499287, -73.9331145)"
6292,40.8791098,-73.8432427,"(40.8791098, -73.8432427)"
6293,40.6655149,-73.9263799,"(40.6655149, -73.9263799)"
6297,40.5971705,-73.9714845,"(40.5971705, -73.9714845)"
6298,40.6867277,-73.9904664,"(40.6867277, -73.9904664)"
6299,40.8702813,-73.8783863,"(40.8702813, -73.8783863)"
6300,40.8624119,-73.9224924,"(40.8624119, -73.9224924)"
6301,40.7635447,-73.9851922,"(40.7635447, -73.9851922)"
6302,40.6533796,-73.9065717,"(40.6533796, -73.9065717)"
6303,40.7542791,-73.9090109,"(40.7542791, -73.9090109)"
6304,40.602669,-74.0038533,"(40.602669, -74.0038533)"
6305,40.6049177,-73.9780788,"(40.6049177, -73.9780788)"
6306,40.6310377,-74.019062,"(40.6310377, -74.019062)"
6307,40.5880352,-73.9604063,"(40.5880352, -73.9604063)"
6308,40.7713942,-73.9821578,"(40.7713942, -73.9821578)"
6309,40.8495422,-73.9363982,"(40.8495422, -73.9363982)"
6310,40.6963988,-73.9141134,"(40.6963988, -73.9141134)"
6311,40.8653664,-73.9243835,"(40.8653664, -73.9243835)"
6313,40.6777156,-73.935859,"(40.6777156, -73.935859)"
6314,40.640134,-74.0262691,"(40.640134, -74.0262691)"
6315,40.7434703,-74.007232,"(40.7434703, -74.007232)"
6316,40.7367906,-73.9784973,"(40.7367906, -73.9784973)"
6317,40.7441866,-73.9918693,"(40.7441866, -73.9918693)"
6318,40.8216698,-73.9151801,"(40.8216698, -73.9151801)"
6319,40.7793235,-73.775599,"(40.7793235, -73.775599)"
6320,40.7172001,-73.9907038,"(40.7172001, -73.9907038)"
6321,40.7667172,-73.9691303,"(40.7667172, -73.9691303)"
6322,40.7801763,-73.9571976,"(40.7801763, -73.9571976)"
6323,40.7444538,-73.9298257,"(40.7444538, -73.9298257)"
6324,40.7188678,-73.7555645,"(40.7188678, -73.7555645)"
6326,40.6999089,-73.8537765,"(40.6999089, -73.8537765)"
6328,40.6233399,-73.9559401,"(40.6233399, -73.9559401)"
6329,40.7599125,-73.9588098,"(40.7599125, -73.9588098)"
6332,40.7439064,-73.8200384,"(40.7439064, -73.8200384)"
6333,40.7332803,-73.9521293,"(40.7332803, -73.9521293)"
6334,40.6700084,-73.9532706,"(40.6700084, -73.9532706)"
6335,40.74478,-73.9758819,"(40.74478, -73.9758819)"
6337,40.8870994,-73.9133064,"(40.8870994, -73.9133064)"
6338,40.8067079,-73.9528567,"(40.8067079, -73.9528567)"
6339,40.680015,-73.8774282,"(40.680015, -73.8774282)"
6340,40.7385503,-73.9804201,"(40.7385503, -73.9804201)"
6341,40.6835431,-73.9843735,"(40.6835431, -73.9843735)"
6342,40.6098096,-73.9224976,"(40.6098096, -73.9224976)"
6343,40.6817692,-73.9675328,"(40.6817692, -73.9675328)"
6345,40.8448454,-73.9351811,"(40.8448454, -73.9351811)"
6346,40.8791098,-73.8432427,"(40.8791098, -73.8432427)"
6348,40.6254562,-74.0056558,"(40.6254562, -74.0056558)"
6349,40.6452462,-74.0029981,"(40.6452462, -74.0029981)"
6350,40.6426173,-73.9173391,"(40.6426173, -73.9173391)"
6351,40.8262017,-73.8216767,"(40.8262017, -73.8216767)"
6352,40.7026172,-73.960572,"(40.7026172, -73.960572)"
6353,40.6083089,-74.1313061,"(40.6083089, -74.1313061)"
6354,40.7087666,-73.9981083,"(40.7087666, -73.9981083)"
6356,40.7415488,-73.9895745,"(40.7415488, -73.9895745)"
6358,40.7390577,-73.86286,"(40.7390577, -73.86286)"
6360,40.6623951,-73.9373408,"(40.6623951, -73.9373408)"
6361,40.6414351,-74.0178146,"(40.6414351, -74.0178146)"
6362,40.7948085,-73.9444068,"(40.7948085, -73.9444068)"
6363,40.6583989,-73.9199687,"(40.6583989, -73.9199687)"
6364,40.6153846,-74.0161184,"(40.6153846, -74.0161184)"
6365,40.7390275,-73.8940742,"(40.7390275, -73.8940742)"
6366,40.8876322,-73.9116725,"(40.8876322, -73.9116725)"
6367,40.7263019,-73.9491181,"(40.7263019, -73.9491181)"
6368,40.6956628,-73.7884807,"(40.6956628, -73.7884807)"
6369,40.8812483,-73.8607007,"(40.8812483, -73.8607007)"
6370,40.6472432,-73.9604721,"(40.6472432, -73.9604721)"
6371,40.7598419,-73.9841751,"(40.7598419, -73.9841751)"
6372,40.6670234,-73.9748322,"(40.6670234, -73.9748322)"
6375,40.6960346,-73.9845292,"(40.6960346, -73.9845292)"
6376,40.7941352,-73.9428183,"(40.7941352, -73.9428183)"
6378,40.8890078,-73.8564131,"(40.8890078, -73.8564131)"
6379,40.8049947,-73.9348695,"(40.8049947, -73.9348695)"
6380,40.8503814,-73.9069853,"(40.8503814, -73.9069853)"
6383,40.6527684,-73.8862898,"(40.6527684, -73.8862898)"
6384,40.7242734,-73.9908182,"(40.7242734, -73.9908182)"
6385,40.7550695,-73.8900133,"(40.7550695, -73.8900133)"
6386,40.7649209,-73.9386017,"(40.7649209, -73.9386017)"
6387,40.7536899,-73.7444416,"(40.7536899, -73.7444416)"
6388,40.6779984,-73.796627,"(40.6779984, -73.796627)"
6389,40.7585332,-73.9888427,"(40.7585332, -73.9888427)"
6390,40.7489156,-73.9373965,"(40.7489156, -73.9373965)"
6391,40.7916628,-73.9646839,"(40.7916628, -73.9646839)"
6392,40.6769384,-73.9218247,"(40.6769384, -73.9218247)"
6393,40.6921205,-73.9843426,"(40.6921205, -73.9843426)"
6394,40.719937,-74.001425,"(40.719937, -74.001425)"
6395,40.7425234,-73.949232,"(40.7425234, -73.949232)"
6396,40.7436445,-73.9404473,"(40.7436445, -73.9404473)"
6397,40.8711195,-73.8768264,"(40.8711195, -73.8768264)"
6398,40.6976818,-73.9870208,"(40.6976818, -73.9870208)"
6400,40.8352983,-73.9129005,"(40.8352983, -73.9129005)"
6401,40.8465946,-73.8810573,"(40.8465946, -73.8810573)"
6403,40.7453835,-73.9947093,"(40.7453835, -73.9947093)"
6404,40.6776512,-73.9497681,"(40.6776512, -73.9497681)"
6406,40.775292,-73.9536264,"(40.775292, -73.9536264)"
6407,40.6442521,-73.9325076,"(40.6442521, -73.9325076)"
6408,40.7150376,-73.9968076,"(40.7150376, -73.9968076)"
6409,40.8347238,-73.9351673,"(40.8347238, -73.9351673)"
6410,40.6436608,-73.9006685,"(40.6436608, -73.9006685)"
6411,40.5825335,-73.9572199,"(40.5825335, -73.9572199)"
6412,40.8322821,-73.9096197,"(40.8322821, -73.9096197)"
6413,40.771087,-73.9834215,"(40.771087, -73.9834215)"
6414,40.6763997,-73.7413174,"(40.6763997, -73.7413174)"
6415,40.6520966,-73.9085592,"(40.6520966, -73.9085592)"
6416,40.7167266,-73.9589122,"(40.7167266, -73.9589122)"
6417,40.6941303,-73.876862,"(40.6941303, -73.876862)"
6418,40.7117382,-74.0069869,"(40.7117382, -74.0069869)"
6419,40.6466864,-73.9541265,"(40.6466864, -73.9541265)"
6420,40.7433745,-73.9205559,"(40.7433745, -73.9205559)"
6421,40.680036,-73.9054924,"(40.680036, -73.9054924)"
6422,40.7187947,-73.9890116,"(40.7187947, -73.9890116)"
6423,40.7371625,-73.8640475,"(40.7371625, -73.8640475)"
6424,40.5847883,-74.0884973,"(40.5847883, -74.0884973)"
6425,40.7170347,-73.8220852,"(40.7170347, -73.8220852)"
6427,40.750766,-73.9744433,"(40.750766, -73.9744433)"
6428,40.5597487,-74.135192,"(40.5597487, -74.135192)"
6429,40.773596,-73.9117789,"(40.773596, -73.9117789)"
6430,40.6762804,-73.8921621,"(40.6762804, -73.8921621)"
6431,40.6567112,-73.9564767,"(40.6567112, -73.9564767)"
6432,40.7297758,-73.8525131,"(40.7297758, -73.8525131)"
6433,40.6320154,-73.9417575,"(40.6320154, -73.9417575)"
6435,40.8605269,-73.9193784,"(40.8605269, -73.9193784)"
6437,40.7097504,-73.8205668,"(40.7097504, -73.8205668)"
6438,40.7491025,-73.9920058,"(40.7491025, -73.9920058)"
6439,40.6751464,-73.9813255,"(40.6751464, -73.9813255)"
6440,40.6329102,-73.9273562,"(40.6329102, -73.9273562)"
6441,40.7685553,-73.8104734,"(40.7685553, -73.8104734)"
6442,40.7210624,-73.9981962,"(40.7210624, -73.9981962)"
6444,40.7502939,-73.9948425,"(40.7502939, -73.9948425)"
6445,40.5803044,-74.00387,"(40.5803044, -74.00387)"
6447,40.6804855,-73.7746985,"(40.6804855, -73.7746985)"
6448,40.8555543,-73.8875661,"(40.8555543, -73.8875661)"
6450,40.713554,-73.7965005,"(40.713554, -73.7965005)"
6452,40.7611476,-73.9795146,"(40.7611476, -73.9795146)"
6453,40.6766932,-73.9968274,"(40.6766932, -73.9968274)"
6454,40.6737483,-73.8432315,"(40.6737483, -73.8432315)"
6457,40.7417142,-73.9063323,"(40.7417142, -73.9063323)"
6458,40.7438712,-73.9562069,"(40.7438712, -73.9562069)"
6460,40.6631828,-73.9624487,"(40.6631828, -73.9624487)"
6461,40.7439406,-73.8724242,"(40.7439406, -73.8724242)"
6462,40.8807003,-73.9193033,"(40.8807003, -73.9193033)"
6463,40.8020766,-73.9340633,"(40.8020766, -73.9340633)"
6464,40.8567148,-73.9326318,"(40.8567148, -73.9326318)"
6466,40.7688772,-73.9489716,"(40.7688772, -73.9489716)"
6468,40.7659801,-73.9243375,"(40.7659801, -73.9243375)"
6469,40.6606564,-73.8857861,"(40.6606564, -73.8857861)"
6471,40.8791098,-73.8432427,"(40.8791098, -73.8432427)"
6473,40.7721924,-73.7638449,"(40.7721924, -73.7638449)"
6474,40.7400682,-73.935449,"(40.7400682, -73.935449)"
6475,40.7434286,-73.7754626,"(40.7434286, -73.7754626)"
6476,40.6645366,-73.9970731,"(40.6645366, -73.9970731)"
6477,40.6592654,-74.0023887,"(40.6592654, -74.0023887)"
6478,40.6882125,-73.9198103,"(40.6882125, -73.9198103)"
6479,40.7125795,-73.8976837,"(40.7125795, -73.8976837)"
6481,40.7597301,-73.9916833,"(40.7597301, -73.9916833)"
6482,40.6944818,-73.8100529,"(40.6944818, -73.8100529)"
6483,40.6991865,-73.9939809,"(40.6991865, -73.9939809)"
6484,40.8031164,-73.9563196,"(40.8031164, -73.9563196)"
6485,40.7375527,-74.005687,"(40.7375527, -74.005687)"
6486,40.739637,-73.8607297,"(40.739637, -73.8607297)"
6488,40.6670166,-73.9312914,"(40.6670166, -73.9312914)"
6490,40.7920181,-73.9804953,"(40.7920181, -73.9804953)"
6491,40.8382406,-73.8766813,"(40.8382406, -73.8766813)"
6492,40.8852706,-73.8551048,"(40.8852706, -73.8551048)"
6493,40.7595175,-73.7172076,"(40.7595175, -73.7172076)"
6494,40.834079,-73.8528131,"(40.834079, -73.8528131)"
6495,40.7884202,-73.9707634,"(40.7884202, -73.9707634)"
6497,40.7241363,-73.9926041,"(40.7241363, -73.9926041)"
6498,40.7104641,-73.9866216,"(40.7104641, -73.9866216)"
6499,40.8089731,-73.9483252,"(40.8089731, -73.9483252)"
6500,40.7491578,-73.8694258,"(40.7491578, -73.8694258)"
6502,40.6586442,-73.9137367,"(40.6586442, -73.9137367)"
6503,40.7753721,-73.9877097,"(40.7753721, -73.9877097)"
6504,40.6470338,-73.9452831,"(40.6470338, -73.9452831)"
6505,40.7690596,-73.9284713,"(40.7690596, -73.9284713)"
6506,40.7239685,-73.8081758,"(40.7239685, -73.8081758)"
6507,40.6948556,-73.9249952,"(40.6948556, -73.9249952)"
6508,40.6442521,-73.9325076,"(40.6442521, -73.9325076)"
6511,40.7622874,-73.9702587,"(40.7622874, -73.9702587)"
6512,40.7267792,-73.9889851,"(40.7267792, -73.9889851)"
6513,40.6518337,-74.0033264,"(40.6518337, -74.0033264)"
6514,40.7781387,-73.9544837,"(40.7781387, -73.9544837)"
6515,40.7194676,-74.0043723,"(40.7194676, -74.0043723)"
6516,40.6630678,-73.8368767,"(40.6630678, -73.8368767)"
6517,40.7336689,-73.8576535,"(40.7336689, -73.8576535)"
6518,40.6376139,-73.9675326,"(40.6376139, -73.9675326)"
6519,40.7426844,-73.8546209,"(40.7426844, -73.8546209)"
6520,40.6664063,-73.8026224,"(40.6664063, -73.8026224)"
6521,40.7440247,-74.0084591,"(40.7440247, -74.0084591)"
6522,40.7608574,-73.9610689,"(40.7608574, -73.9610689)"
6523,40.7552921,-73.9949215,"(40.7552921, -73.9949215)"
6524,40.766852,-73.9537478,"(40.766852, -73.9537478)"
6526,40.6883162,-73.9079903,"(40.6883162, -73.9079903)"
6528,40.6969498,-73.9627682,"(40.6969498, -73.9627682)"
6529,40.732384,-74.0103519,"(40.732384, -74.0103519)"
6531,40.7306798,-73.9492194,"(40.7306798, -73.9492194)"
6532,40.7161366,-73.8184852,"(40.7161366, -73.8184852)"
6533,40.6721934,-73.9837849,"(40.6721934, -73.9837849)"
6534,40.6778446,-73.9528108,"(40.6778446, -73.9528108)"
6535,40.7258772,-73.9775339,"(40.7258772, -73.9775339)"
6536,40.727846,-73.9822272,"(40.727846, -73.9822272)"
6537,40.7976786,-73.9372821,"(40.7976786, -73.9372821)"
6538,40.5763037,-73.9685308,"(40.5763037, -73.9685308)"
6539,40.6773646,-73.9079765,"(40.6773646, -73.9079765)"
6540,40.5837275,-73.8937121,"(40.5837275, -73.8937121)"
6541,40.8510798,-73.8486114,"(40.8510798, -73.8486114)"
6542,40.6528929,-73.8667311,"(40.6528929, -73.8667311)"
6544,40.7339649,-73.9887782,"(40.7339649, -73.9887782)"
6545,40.819058,-73.9292196,"(40.819058, -73.9292196)"
6546,40.7476892,-74.0041684,"(40.7476892, -74.0041684)"
6548,40.8747045,-73.8580278,"(40.8747045, -73.8580278)"
6549,40.6772073,-73.897226,"(40.6772073, -73.897226)"
6550,40.7432163,-73.9071602,"(40.7432163, -73.9071602)"
6551,40.6774397,-73.9964741,"(40.6774397, -73.9964741)"
6552,40.6334755,-74.0299145,"(40.6334755, -74.0299145)"
6554,40.8285193,-73.8411794,"(40.8285193, -73.8411794)"
6556,40.7093641,-73.9942915,"(40.7093641, -73.9942915)"
6557,40.6866514,-73.9131379,"(40.6866514, -73.9131379)"
6558,40.8036997,-73.9358171,"(40.8036997, -73.9358171)"
6559,40.7537088,-73.9029876,"(40.7537088, -73.9029876)"
6561,40.8018007,-73.9610774,"(40.8018007, -73.9610774)"
6562,40.6788706,-73.9216458,"(40.6788706, -73.9216458)"
6563,40.7072274,-73.8044981,"(40.7072274, -73.8044981)"
6564,40.7586786,-73.8032714,"(40.7586786, -73.8032714)"
6566,40.8623405,-73.9109852,"(40.8623405, -73.9109852)"
6567,40.7236503,-73.991024,"(40.7236503, -73.991024)"
6569,40.6758186,-73.9304568,"(40.6758186, -73.9304568)"
6571,40.8503081,-73.8864328,"(40.8503081, -73.8864328)"
6572,40.7022056,-73.8991891,"(40.7022056, -73.8991891)"
6573,40.7279234,-73.8710008,"(40.7279234, -73.8710008)"
6574,40.7992577,-73.9390504,"(40.7992577, -73.9390504)"
6575,40.7536108,-73.9039226,"(40.7536108, -73.9039226)"
6576,40.601683,-74.1632938,"(40.601683, -74.1632938)"
6577,40.8283904,-73.8938452,"(40.8283904, -73.8938452)"
6578,40.7150813,-73.9924897,"(40.7150813, -73.9924897)"
6579,40.7597301,-73.9916833,"(40.7597301, -73.9916833)"
6581,40.8420358,-73.838129,"(40.8420358, -73.838129)"
6582,40.7051236,-73.8119053,"(40.7051236, -73.8119053)"
6583,40.7592665,-73.7503638,"(40.7592665, -73.7503638)"
6584,40.712647,-73.9059619,"(40.712647, -73.9059619)"
6585,40.6174417,-74.1769417,"(40.6174417, -74.1769417)"
6587,40.7231754,-73.9893933,"(40.7231754, -73.9893933)"
6588,40.7560314,-73.9790253,"(40.7560314, -73.9790253)"
6589,40.788556,-73.7823317,"(40.788556, -73.7823317)"
6590,40.7101611,-73.9885328,"(40.7101611, -73.9885328)"
6591,40.6853239,-73.9807025,"(40.6853239, -73.9807025)"
6593,40.5965113,-73.9078755,"(40.5965113, -73.9078755)"
6594,40.6862043,-73.9507352,"(40.6862043, -73.9507352)"
6595,40.7756005,-73.9563341,"(40.7756005, -73.9563341)"
6596,40.7553365,-73.8432452,"(40.7553365, -73.8432452)"
6597,40.6769316,-74.0021087,"(40.6769316, -74.0021087)"
6598,40.6126918,-73.9826576,"(40.6126918, -73.9826576)"
6599,40.8240317,-73.9447582,"(40.8240317, -73.9447582)"
6601,40.8216382,-73.9390768,"(40.8216382, -73.9390768)"
6603,40.6241708,-73.9704715,"(40.6241708, -73.9704715)"
6604,40.7865943,-73.9683844,"(40.7865943, -73.9683844)"
6606,40.7294399,-73.7960262,"(40.7294399, -73.7960262)"
6607,40.6040453,-73.7569897,"(40.6040453, -73.7569897)"
6608,40.7730188,-73.9521874,"(40.7730188, -73.9521874)"
6609,40.7051837,-74.0073938,"(40.7051837, -74.0073938)"
6610,40.7207459,-73.9861577,"(40.7207459, -73.9861577)"
6612,40.7054724,-73.9502377,"(40.7054724, -73.9502377)"
6613,40.6187706,-73.9297886,"(40.6187706, -73.9297886)"
6614,40.6769386,-73.8703892,"(40.6769386, -73.8703892)"
6615,40.6718514,-74.0032408,"(40.6718514, -74.0032408)"
6617,40.7408961,-73.8996069,"(40.7408961, -73.8996069)"
6619,40.7129279,-73.945835,"(40.7129279, -73.945835)"
6620,40.8496906,-73.7874307,"(40.8496906, -73.7874307)"
6622,40.7133793,-73.8596555,"(40.7133793, -73.8596555)"
6623,40.6666035,-73.9565424,"(40.6666035, -73.9565424)"
6624,40.5793999,-74.1694817,"(40.5793999, -74.1694817)"
6625,40.7126137,-73.9491322,"(40.7126137, -73.9491322)"
6626,40.7237224,-73.8103989,"(40.7237224, -73.8103989)"
6627,40.6703473,-73.9974153,"(40.6703473, -73.9974153)"
6628,40.6433049,-73.9477905,"(40.6433049, -73.9477905)"
6629,40.7943781,-73.8244706,"(40.7943781, -73.8244706)"
6630,40.6127849,-73.9309979,"(40.6127849, -73.9309979)"
6631,40.8322821,-73.9096197,"(40.8322821, -73.9096197)"
6633,40.6547729,-74.0070709,"(40.6547729, -74.0070709)"
6635,40.7470784,-73.9813415,"(40.7470784, -73.9813415)"
6636,40.836306,-73.9251682,"(40.836306, -73.9251682)"
6637,40.7773037,-73.9825823,"(40.7773037, -73.9825823)"
6639,40.9028371,-73.8532758,"(40.9028371, -73.8532758)"
6640,40.6936492,-73.9833217,"(40.6936492, -73.9833217)"
6641,40.7608228,-73.9983142,"(40.7608228, -73.9983142)"
6642,40.666692,-73.8117233,"(40.666692, -73.8117233)"
6643,40.7489858,-73.979955,"(40.7489858, -73.979955)"
6644,40.755392,-73.8282803,"(40.755392, -73.8282803)"
6645,40.7185553,-73.915167,"(40.7185553, -73.915167)"
6646,40.6320129,-74.0131754,"(40.6320129, -74.0131754)"
6647,40.8070974,-73.9459787,"(40.8070974, -73.9459787)"
6648,40.8443435,-73.9147428,"(40.8443435, -73.9147428)"
6649,40.7559505,-73.9907272,"(40.7559505, -73.9907272)"
6652,40.839769,-73.9053847,"(40.839769, -73.9053847)"
6654,40.8543809,-73.861057,"(40.8543809, -73.861057)"
6655,40.715356,-73.9977202,"(40.715356, -73.9977202)"
6656,40.5965113,-73.9078755,"(40.5965113, -73.9078755)"
6657,40.6076379,-73.9215853,"(40.6076379, -73.9215853)"
6658,40.6228268,-73.9384118,"(40.6228268, -73.9384118)"
6659,40.6241708,-73.9704715,"(40.6241708, -73.9704715)"
6660,40.7317065,-74.0009562,"(40.7317065, -74.0009562)"
6662,40.7659905,-73.987123,"(40.7659905, -73.987123)"
6663,40.8511013,-73.9046746,"(40.8511013, -73.9046746)"
6664,40.7313888,-73.9001444,"(40.7313888, -73.9001444)"
6665,40.7087666,-73.9981083,"(40.7087666, -73.9981083)"
6666,40.5978331,-73.965485,"(40.5978331, -73.965485)"
6667,40.7188893,-73.8415885,"(40.7188893, -73.8415885)"
6668,40.7418129,-73.7829986,"(40.7418129, -73.7829986)"
6669,40.6817692,-73.9675328,"(40.6817692, -73.9675328)"
6670,40.7433963,-73.8375431,"(40.7433963, -73.8375431)"
6671,40.8398321,-73.9239102,"(40.8398321, -73.9239102)"
6672,40.6800886,-73.9439725,"(40.6800886, -73.9439725)"
6673,40.7178365,-73.7877574,"(40.7178365, -73.7877574)"
6674,40.8352983,-73.9129005,"(40.8352983, -73.9129005)"
6675,40.6773487,-73.7497068,"(40.6773487, -73.7497068)"
6677,40.6667077,-73.8718221,"(40.6667077, -73.8718221)"
6678,40.8209858,-73.8916133,"(40.8209858, -73.8916133)"
6679,40.6649536,-73.9933496,"(40.6649536, -73.9933496)"
6680,40.7410799,-74.0015553,"(40.7410799, -74.0015553)"
6681,40.8082617,-73.9188059,"(40.8082617, -73.9188059)"
6682,40.8361093,-73.9223713,"(40.8361093, -73.9223713)"
6683,40.5517701,-74.1753347,"(40.5517701, -74.1753347)"
6684,40.8798165,-73.8614812,"(40.8798165, -73.8614812)"
6686,40.7244026,-74.0060394,"(40.7244026, -74.0060394)"
6687,40.5803795,-73.9676001,"(40.5803795, -73.9676001)"
6688,40.8468635,-73.9014132,"(40.8468635, -73.9014132)"
6689,40.7671193,-73.9564948,"(40.7671193, -73.9564948)"
6691,40.6807,-73.8446429,"(40.6807, -73.8446429)"
6692,40.6351864,-73.9286112,"(40.6351864, -73.9286112)"
6695,40.7368345,-73.7783402,"(40.7368345, -73.7783402)"
6696,40.7643491,-73.9234585,"(40.7643491, -73.9234585)"
6697,40.7396822,-73.8573087,"(40.7396822, -73.8573087)"
6698,40.7368844,-73.8076371,"(40.7368844, -73.8076371)"
6699,40.8245695,-73.8390967,"(40.8245695, -73.8390967)"
6700,40.8536228,-73.8605814,"(40.8536228, -73.8605814)"
6701,40.8618642,-73.9127392,"(40.8618642, -73.9127392)"
6702,40.6819714,-73.9288675,"(40.6819714, -73.9288675)"
6703,40.7734495,-73.9139743,"(40.7734495, -73.9139743)"
6704,40.6535037,-73.9354174,"(40.6535037, -73.9354174)"
6705,40.8592561,-73.886732,"(40.8592561, -73.886732)"
6707,40.8196938,-73.9016016,"(40.8196938, -73.9016016)"
6708,40.6598177,-73.9878392,"(40.6598177, -73.9878392)"
6709,40.7089689,-73.956722,"(40.7089689, -73.956722)"
6710,40.5456994,-74.2195434,"(40.5456994, -74.2195434)"
6711,40.6162752,-73.9169035,"(40.6162752, -73.9169035)"
6712,40.6825669,-73.7926578,"(40.6825669, -73.7926578)"
6713,40.7239329,-73.8386795,"(40.7239329, -73.8386795)"
6714,40.8257582,-73.950939,"(40.8257582, -73.950939)"
6715,40.7233454,-73.8200398,"(40.7233454, -73.8200398)"
6716,40.7589913,-73.8345301,"(40.7589913, -73.8345301)"
6717,40.7533182,-73.9725871,"(40.7533182, -73.9725871)"
6719,40.7453197,-73.7151883,"(40.7453197, -73.7151883)"
6720,40.6412326,-73.9084047,"(40.6412326, -73.9084047)"
6721,40.7703185,-73.8707779,"(40.7703185, -73.8707779)"
6722,40.6808507,-73.971117,"(40.6808507, -73.971117)"
6723,40.5830447,-74.0961705,"(40.5830447, -74.0961705)"
6724,40.6817692,-73.9675328,"(40.6817692, -73.9675328)"
6725,40.7413881,-73.7248837,"(40.7413881, -73.7248837)"
6726,40.8888585,-73.8449702,"(40.8888585, -73.8449702)"
6727,40.7458182,-73.9456495,"(40.7458182, -73.9456495)"
6728,40.6933158,-73.92495,"(40.6933158, -73.92495)"
6729,40.5911607,-73.9449724,"(40.5911607, -73.9449724)"
6730,40.8513229,-73.9402859,"(40.8513229, -73.9402859)"
6731,40.6081278,-73.9873768,"(40.6081278, -73.9873768)"
6732,40.7550695,-73.8900133,"(40.7550695, -73.8900133)"
6735,40.7599125,-73.9588098,"(40.7599125, -73.9588098)"
6736,40.834061,-73.9448799,"(40.834061, -73.9448799)"
6737,40.7705735,-73.9074939,"(40.7705735, -73.9074939)"
6738,40.8884565,-73.841962,"(40.8884565, -73.841962)"
6739,40.7906273,-73.9424349,"(40.7906273, -73.9424349)"
6740,40.6061224,-73.9656464,"(40.6061224, -73.9656464)"
6741,40.8612181,-73.9043672,"(40.8612181, -73.9043672)"
6742,40.8438293,-73.8879185,"(40.8438293, -73.8879185)"
6743,40.6750521,-73.7332125,"(40.6750521, -73.7332125)"
6745,40.866761,-73.9206109,"(40.866761, -73.9206109)"
6746,40.7525634,-73.7432726,"(40.7525634, -73.7432726)"
6747,40.7229337,-73.9886394,"(40.7229337, -73.9886394)"
6748,40.7090791,-73.9574886,"(40.7090791, -73.9574886)"
6749,40.6988194,-73.9579603,"(40.6988194, -73.9579603)"
6751,40.8707092,-73.8918975,"(40.8707092, -73.8918975)"
6752,40.7560353,-73.9869481,"(40.7560353, -73.9869481)"
6754,40.5348002,-74.2359016,"(40.5348002, -74.2359016)"
6755,40.6998478,-73.9910308,"(40.6998478, -73.9910308)"
6756,40.6159939,-74.1636026,"(40.6159939, -74.1636026)"
6758,40.6527959,-73.9468749,"(40.6527959, -73.9468749)"
6759,40.6343932,-73.893235,"(40.6343932, -73.893235)"
6760,40.5840721,-73.9234319,"(40.5840721, -73.9234319)"
6761,40.672221,-73.8063636,"(40.672221, -73.8063636)"
6762,40.577244,-74.0000324,"(40.577244, -74.0000324)"
6763,40.8467333,-73.9064808,"(40.8467333, -73.9064808)"
6764,40.6710339,-73.9392613,"(40.6710339, -73.9392613)"
6765,40.6867125,-73.9790579,"(40.6867125, -73.9790579)"
6766,40.7639012,-73.9532241,"(40.7639012, -73.9532241)"
6767,40.8439024,-73.942696,"(40.8439024, -73.942696)"
6768,40.6788518,-73.8341088,"(40.6788518, -73.8341088)"
6769,40.6906586,-73.8891704,"(40.6906586, -73.8891704)"
6771,40.816662,-73.9389911,"(40.816662, -73.9389911)"
6772,40.6348652,-74.0263807,"(40.6348652, -74.0263807)"
6773,40.7399663,-73.8942315,"(40.7399663, -73.8942315)"
6774,40.6966659,-73.9808413,"(40.6966659, -73.9808413)"
6775,40.7051481,-73.7956894,"(40.7051481, -73.7956894)"
6776,40.6711863,-73.9420297,"(40.6711863, -73.9420297)"
6777,40.679748,-73.92865,"(40.679748, -73.92865)"
6778,40.6653167,-73.734299,"(40.6653167, -73.734299)"
6779,40.6172885,-73.9778514,"(40.6172885, -73.9778514)"
6780,40.7168778,-73.7416978,"(40.7168778, -73.7416978)"
6781,40.8246333,-73.9105876,"(40.8246333, -73.9105876)"
6782,40.7821423,-73.8248379,"(40.7821423, -73.8248379)"
6783,40.7537088,-73.9029876,"(40.7537088, -73.9029876)"
6784,40.7015297,-73.9231339,"(40.7015297, -73.9231339)"
6785,40.7629663,-73.9739693,"(40.7629663, -73.9739693)"
6786,40.6886798,-73.8372287,"(40.6886798, -73.8372287)"
6787,40.7222418,-73.9862873,"(40.7222418, -73.9862873)"
6789,40.8486394,-73.9116794,"(40.8486394, -73.9116794)"
6790,40.7825961,-73.8216671,"(40.7825961, -73.8216671)"
6791,40.8397833,-73.837018,"(40.8397833, -73.837018)"
6792,40.7621323,-73.8037413,"(40.7621323, -73.8037413)"
6793,40.6071523,-73.898359,"(40.6071523, -73.898359)"
6794,40.6829709,-73.976665,"(40.6829709, -73.976665)"
6795,40.5881398,-73.931783,"(40.5881398, -73.931783)"
6796,40.7342607,-73.9835497,"(40.7342607, -73.9835497)"
6797,40.6783648,-73.7794791,"(40.6783648, -73.7794791)"
6798,40.6099861,-73.9623778,"(40.6099861, -73.9623778)"
6799,40.755392,-73.8282803,"(40.755392, -73.8282803)"
6800,40.6193921,-73.9474454,"(40.6193921, -73.9474454)"
6801,40.7843447,-73.81656,"(40.7843447, -73.81656)"
6802,40.6104217,-73.9821072,"(40.6104217, -73.9821072)"
6803,40.745287,-73.9483025,"(40.745287, -73.9483025)"
6804,40.7037275,-73.9597809,"(40.7037275, -73.9597809)"
6805,40.5983037,-73.9414808,"(40.5983037, -73.9414808)"
6806,40.7006626,-73.9877415,"(40.7006626, -73.9877415)"
6807,40.5968498,-74.062054,"(40.5968498, -74.062054)"
6808,40.7704007,-73.8755722,"(40.7704007, -73.8755722)"
6809,40.5550339,-74.1297557,"(40.5550339, -74.1297557)"
6810,40.682197,-74.0023824,"(40.682197, -74.0023824)"
6811,40.688476,-73.8085639,"(40.688476, -73.8085639)"
6812,40.654313,-73.9175769,"(40.654313, -73.9175769)"
6813,40.7396752,-73.9345761,"(40.7396752, -73.9345761)"
6814,40.6262181,-74.1578241,"(40.6262181, -74.1578241)"
6815,40.8659033,-73.9043894,"(40.8659033, -73.9043894)"
6816,40.7440605,-74.0068099,"(40.7440605, -74.0068099)"
6817,40.7972493,-73.9680399,"(40.7972493, -73.9680399)"
6818,40.5779945,-73.9596347,"(40.5779945, -73.9596347)"
6819,40.8133704,-73.9488312,"(40.8133704, -73.9488312)"
6820,40.5791614,-73.9830875,"(40.5791614, -73.9830875)"
6821,40.7546608,-73.8331043,"(40.7546608, -73.8331043)"
6822,40.8255301,-73.8822765,"(40.8255301, -73.8822765)"
6823,40.7142909,-73.9939507,"(40.7142909, -73.9939507)"
6824,40.6960346,-73.9845292,"(40.6960346, -73.9845292)"
6825,40.7332923,-73.9871799,"(40.7332923, -73.9871799)"
6826,40.7569423,-73.8722188,"(40.7569423, -73.8722188)"
6827,40.7573389,-73.986013,"(40.7573389, -73.986013)"
6829,40.8322414,-73.8940017,"(40.8322414, -73.8940017)"
6830,40.6898919,-73.8181865,"(40.6898919, -73.8181865)"
6831,40.7603532,-73.991232,"(40.7603532, -73.991232)"
6832,40.698187,-73.9373901,"(40.698187, -73.9373901)"
6833,40.6358082,-74.0176144,"(40.6358082, -74.0176144)"
6834,40.6813845,-73.8474752,"(40.6813845, -73.8474752)"
6835,40.665995,-73.885795,"(40.665995, -73.885795)"
6836,40.7067007,-74.0160467,"(40.7067007, -74.0160467)"
6838,40.7355528,-73.9793493,"(40.7355528, -73.9793493)"
6839,40.7661594,-73.8209025,"(40.7661594, -73.8209025)"
6840,40.6362786,-74.1402652,"(40.6362786, -74.1402652)"
6841,40.6652088,-73.912517,"(40.6652088, -73.912517)"
6842,40.692778,-73.9576793,"(40.692778, -73.9576793)"
6843,40.5363506,-74.1515858,"(40.5363506, -74.1515858)"
6845,40.7466186,-73.9938142,"(40.7466186, -73.9938142)"
6846,40.6754368,-73.9779583,"(40.6754368, -73.9779583)"
6847,40.6063279,-73.9964634,"(40.6063279, -73.9964634)"
6849,40.6124545,-74.1809831,"(40.6124545, -74.1809831)"
6850,40.7671096,-73.9817185,"(40.7671096, -73.9817185)"
6851,40.7603012,-73.9949825,"(40.7603012, -73.9949825)"
6852,40.6032301,-74.0926091,"(40.6032301, -74.0926091)"
6853,40.6608493,-73.8402918,"(40.6608493, -73.8402918)"
6854,40.6266721,-74.1282631,"(40.6266721, -74.1282631)"
6855,40.735313,-73.9941184,"(40.735313, -73.9941184)"
6856,40.6501706,-73.9292006,"(40.6501706, -73.9292006)"
6857,40.5901389,-74.1648282,"(40.5901389, -74.1648282)"
6858,40.636094,-73.9013643,"(40.636094, -73.9013643)"
6859,40.6984634,-73.9601965,"(40.6984634, -73.9601965)"
6860,40.7888971,-73.818678,"(40.7888971, -73.818678)"
6861,40.7629162,-73.9856472,"(40.7629162, -73.9856472)"
6862,40.7615508,-73.9665842,"(40.7615508, -73.9665842)"
6863,40.693843,-73.8969119,"(40.693843, -73.8969119)"
6864,40.7452249,-73.9211311,"(40.7452249, -73.9211311)"
6865,40.7188893,-73.8415885,"(40.7188893, -73.8415885)"
6867,40.8626166,-73.8351689,"(40.8626166, -73.8351689)"
6868,40.7597284,-73.8454909,"(40.7597284, -73.8454909)"
6869,40.654985,-74.0071045,"(40.654985, -74.0071045)"
6870,40.6814974,-73.8158046,"(40.6814974, -73.8158046)"
6871,40.6780095,-73.9413784,"(40.6780095, -73.9413784)"
6872,40.7794089,-73.8213218,"(40.7794089, -73.8213218)"
6873,40.7815073,-73.8169506,"(40.7815073, -73.8169506)"
6874,40.6979708,-73.7537803,"(40.6979708, -73.7537803)"
6875,40.6825066,-73.9437433,"(40.6825066, -73.9437433)"
6876,40.8349227,-73.820627,"(40.8349227, -73.820627)"
6877,40.6262532,-73.9516189,"(40.6262532, -73.9516189)"
6878,40.6769316,-74.0021087,"(40.6769316, -74.0021087)"
6879,40.7634806,-73.9672727,"(40.7634806, -73.9672727)"
6880,40.696785,-73.9565804,"(40.696785, -73.9565804)"
6881,40.8390874,-73.8439188,"(40.8390874, -73.8439188)"
6882,40.883303,-73.9057133,"(40.883303, -73.9057133)"
6883,40.8221092,-73.9480838,"(40.8221092, -73.9480838)"
6884,40.6652573,-73.7395512,"(40.6652573, -73.7395512)"
6885,40.7508437,-73.9786082,"(40.7508437, -73.9786082)"
6886,40.69575,-73.8993106,"(40.69575, -73.8993106)"
6887,40.754317,-73.9868654,"(40.754317, -73.9868654)"
6888,40.6656136,-73.7356712,"(40.6656136, -73.7356712)"
6889,40.6927254,-73.8555773,"(40.6927254, -73.8555773)"
6890,40.7635887,-73.9714096,"(40.7635887, -73.9714096)"
6892,40.631729,-74.1248934,"(40.631729, -74.1248934)"
6894,40.6639033,-73.9399274,"(40.6639033, -73.9399274)"
6895,40.7591654,-73.976743,"(40.7591654, -73.976743)"
6896,40.5832013,-73.9730271,"(40.5832013, -73.9730271)"
6897,40.8199511,-73.814211,"(40.8199511, -73.814211)"
6898,40.6733982,-73.9827825,"(40.6733982, -73.9827825)"
6899,40.7128614,-73.9657826,"(40.7128614, -73.9657826)"
6900,40.7533182,-73.9725871,"(40.7533182, -73.9725871)"
6901,40.6152972,-74.0981187,"(40.6152972, -74.0981187)"
6902,40.6096923,-74.0628907,"(40.6096923, -74.0628907)"
6903,40.554894,-74.1389967,"(40.554894, -74.1389967)"
6904,40.6772086,-73.9051358,"(40.6772086, -73.9051358)"
6906,40.7017054,-73.732394,"(40.7017054, -73.732394)"
6907,40.727846,-73.9822272,"(40.727846, -73.9822272)"
6908,40.8242081,-73.8752837,"(40.8242081, -73.8752837)"
6909,40.6847527,-73.860765,"(40.6847527, -73.860765)"
6910,40.7615555,-73.9940691,"(40.7615555, -73.9940691)"
6912,40.7615555,-73.9940691,"(40.7615555, -73.9940691)"
6913,40.8847113,-73.8313023,"(40.8847113, -73.8313023)"
6914,40.757873,-73.7884961,"(40.757873, -73.7884961)"
6916,40.6437815,-73.9401581,"(40.6437815, -73.9401581)"
6917,40.7449621,-73.9354154,"(40.7449621, -73.9354154)"
6918,40.7460038,-73.9942618,"(40.7460038, -73.9942618)"
6919,40.847235,-73.8819995,"(40.847235, -73.8819995)"
6920,40.7909397,-73.9472305,"(40.7909397, -73.9472305)"
6921,40.6742005,-73.999975,"(40.6742005, -73.999975)"
6922,40.7599125,-73.9588098,"(40.7599125, -73.9588098)"
6923,40.7585332,-73.9888427,"(40.7585332, -73.9888427)"
6924,40.8087895,-73.9161827,"(40.8087895, -73.9161827)"
6925,40.6517331,-73.930381,"(40.6517331, -73.930381)"
6926,40.8240834,-73.842899,"(40.8240834, -73.842899)"
6927,40.6091517,-74.1498667,"(40.6091517, -74.1498667)"
6928,40.7263282,-73.7661877,"(40.7263282, -73.7661877)"
6929,40.6849391,-73.9101331,"(40.6849391, -73.9101331)"
6930,40.6903113,-73.9988005,"(40.6903113, -73.9988005)"
6931,40.6911938,-73.9977679,"(40.6911938, -73.9977679)"
6932,40.6878902,-73.9072372,"(40.6878902, -73.9072372)"
6933,40.6385239,-73.9731855,"(40.6385239, -73.9731855)"
6934,40.6635458,-73.8694853,"(40.6635458, -73.8694853)"
6935,40.7190095,-73.9501807,"(40.7190095, -73.9501807)"
6937,40.6263946,-74.1333312,"(40.6263946, -74.1333312)"
6938,40.7566785,-73.9208649,"(40.7566785, -73.9208649)"
6939,40.6355591,-74.1160084,"(40.6355591, -74.1160084)"
6940,40.6507056,-74.0044903,"(40.6507056, -74.0044903)"
6941,40.6848799,-73.9231026,"(40.6848799, -73.9231026)"
6942,40.6214926,-74.0262133,"(40.6214926, -74.0262133)"
6943,40.7011029,-73.8908669,"(40.7011029, -73.8908669)"
6944,40.7872227,-73.952058,"(40.7872227, -73.952058)"
6945,40.8874462,-73.8780005,"(40.8874462, -73.8780005)"
6946,40.6459461,-73.9950956,"(40.6459461, -73.9950956)"
6947,40.8140107,-73.9446473,"(40.8140107, -73.9446473)"
6948,40.6649593,-73.8222478,"(40.6649593, -73.8222478)"
6949,40.8043758,-73.9374202,"(40.8043758, -73.9374202)"
6951,40.8618642,-73.9127392,"(40.8618642, -73.9127392)"
6952,40.7270994,-73.9526858,"(40.7270994, -73.9526858)"
6954,40.7440247,-74.0084591,"(40.7440247, -74.0084591)"
6956,40.6767381,-73.8437256,"(40.6767381, -73.8437256)"
6957,40.7641132,-73.9884952,"(40.7641132, -73.9884952)"
6959,40.7952524,-73.9732091,"(40.7952524, -73.9732091)"
6961,40.8565513,-73.7913635,"(40.8565513, -73.7913635)"
6962,40.7143123,-73.9871655,"(40.7143123, -73.9871655)"
6963,40.7568499,-73.8731105,"(40.7568499, -73.8731105)"
6964,40.7246935,-73.9941806,"(40.7246935, -73.9941806)"
6965,40.7002589,-73.7637726,"(40.7002589, -73.7637726)"
6966,40.6024219,-73.9945838,"(40.6024219, -73.9945838)"
6967,40.7205573,-74.0035102,"(40.7205573, -74.0035102)"
6968,40.7743626,-73.9128683,"(40.7743626, -73.9128683)"
6969,40.7007397,-73.9949795,"(40.7007397, -73.9949795)"
6971,40.8055956,-73.9581819,"(40.8055956, -73.9581819)"
6972,40.7014101,-73.8966477,"(40.7014101, -73.8966477)"
6973,40.8051537,-73.9511132,"(40.8051537, -73.9511132)"
6975,40.6960511,-73.9850846,"(40.6960511, -73.9850846)"
6976,40.6949617,-73.987162,"(40.6949617, -73.987162)"
6977,40.7557958,-73.9357983,"(40.7557958, -73.9357983)"
6978,40.5404996,-74.1773091,"(40.5404996, -74.1773091)"
6979,40.7253677,-73.894527,"(40.7253677, -73.894527)"
6980,40.7963012,-73.9382838,"(40.7963012, -73.9382838)"
6981,40.6396523,-74.0755049,"(40.6396523, -74.0755049)"
6982,40.7019114,-73.936979,"(40.7019114, -73.936979)"
6983,40.687146,-73.8078122,"(40.687146, -73.8078122)"
6984,40.7710846,-73.9082189,"(40.7710846, -73.9082189)"
6985,40.593192,-74.0823945,"(40.593192, -74.0823945)"
6986,40.7849752,-73.982638,"(40.7849752, -73.982638)"
6987,40.6553345,-73.9307664,"(40.6553345, -73.9307664)"
6988,40.7283926,-73.8330138,"(40.7283926, -73.8330138)"
6990,40.7587064,-73.937918,"(40.7587064, -73.937918)"
6991,40.7163639,-73.7438967,"(40.7163639, -73.7438967)"
6992,40.7406437,-73.9757968,"(40.7406437, -73.9757968)"
6993,40.8351978,-73.8740453,"(40.8351978, -73.8740453)"
6994,40.6652573,-73.7395512,"(40.6652573, -73.7395512)"
6996,40.7232629,-73.808048,"(40.7232629, -73.808048)"
6997,40.7600833,-73.7702745,"(40.7600833, -73.7702745)"
6998,40.6630553,-73.8485575,"(40.6630553, -73.8485575)"
6999,40.6425742,-73.8979496,"(40.6425742, -73.8979496)"
7000,40.6582963,-73.9310841,"(40.6582963, -73.9310841)"
7001,40.8177613,-73.9474405,"(40.8177613, -73.9474405)"
7002,40.6745213,-73.7360757,"(40.6745213, -73.7360757)"
7003,40.7664937,-73.9569573,"(40.7664937, -73.9569573)"
7004,40.8418477,-73.9453796,"(40.8418477, -73.9453796)"
7008,40.8167662,-73.8647483,"(40.8167662, -73.8647483)"
7009,40.7467703,-73.8482681,"(40.7467703, -73.8482681)"
7010,40.7521198,-73.9776766,"(40.7521198, -73.9776766)"
7011,40.5827584,-74.1304,"(40.5827584, -74.1304)"
7014,40.7577322,-73.9968524,"(40.7577322, -73.9968524)"
7015,40.7126137,-73.9491322,"(40.7126137, -73.9491322)"
7016,40.7733364,-73.9442003,"(40.7733364, -73.9442003)"
7017,40.6217463,-74.1196695,"(40.6217463, -74.1196695)"
7018,40.7175491,-73.999311,"(40.7175491, -73.999311)"
7020,40.6817692,-73.9675328,"(40.6817692, -73.9675328)"
7021,40.7057624,-73.8016567,"(40.7057624, -73.8016567)"
7022,40.5962996,-73.9597785,"(40.5962996, -73.9597785)"
7023,40.6776634,-73.9688579,"(40.6776634, -73.9688579)"
7024,40.7684674,-73.9060558,"(40.7684674, -73.9060558)"
7025,40.6662615,-73.9595633,"(40.6662615, -73.9595633)"
7026,40.6732438,-73.737941,"(40.6732438, -73.737941)"
7027,40.8953411,-73.8552673,"(40.8953411, -73.8552673)"
7028,40.8120773,-73.8868051,"(40.8120773, -73.8868051)"
7031,40.6654783,-73.7487889,"(40.6654783, -73.7487889)"
7033,40.6124385,-74.1323057,"(40.6124385, -74.1323057)"
7035,40.8526515,-73.8520238,"(40.8526515, -73.8520238)"
7036,40.7445322,-73.9888703,"(40.7445322, -73.9888703)"
7037,40.7528955,-73.9892442,"(40.7528955, -73.9892442)"
7038,40.7299258,-73.9120743,"(40.7299258, -73.9120743)"
7039,40.867276,-73.9192147,"(40.867276, -73.9192147)"
7040,40.7404542,-73.8443632,"(40.7404542, -73.8443632)"
7041,40.7345318,-73.8885245,"(40.7345318, -73.8885245)"
7042,40.8454263,-73.8449087,"(40.8454263, -73.8449087)"
7043,40.7044959,-73.817418,"(40.7044959, -73.817418)"
7044,40.6383733,-73.997658,"(40.6383733, -73.997658)"
7045,40.8580315,-73.8835095,"(40.8580315, -73.8835095)"
7046,40.6972875,-73.7564406,"(40.6972875, -73.7564406)"
7047,40.8380258,-73.8484893,"(40.8380258, -73.8484893)"
7048,40.672888,-73.9992169,"(40.672888, -73.9992169)"
7049,40.6264564,-73.9179932,"(40.6264564, -73.9179932)"
7050,40.6378239,-73.9892051,"(40.6378239, -73.9892051)"
7051,40.6072833,-73.9442064,"(40.6072833, -73.9442064)"
7052,40.7300177,-73.8234675,"(40.7300177, -73.8234675)"
7053,40.7660506,-73.8758655,"(40.7660506, -73.8758655)"
7054,40.7132821,-73.7660495,"(40.7132821, -73.7660495)"
7056,40.7644548,-73.831773,"(40.7644548, -73.831773)"
7057,40.5960883,-73.9812828,"(40.5960883, -73.9812828)"
7058,40.6934057,-73.9088523,"(40.6934057, -73.9088523)"
7059,40.8653624,-73.8704197,"(40.8653624, -73.8704197)"
7060,40.7209662,-73.8428931,"(40.7209662, -73.8428931)"
7062,40.6498688,-73.9340839,"(40.6498688, -73.9340839)"
7063,40.7156607,-73.8555889,"(40.7156607, -73.8555889)"
7064,40.832132,-73.8654615,"(40.832132, -73.8654615)"
7065,40.6553345,-73.9307664,"(40.6553345, -73.9307664)"
7066,40.7087666,-73.9981083,"(40.7087666, -73.9981083)"
7067,40.7435109,-73.7174046,"(40.7435109, -73.7174046)"
7068,40.7343762,-73.8734167,"(40.7343762, -73.8734167)"
7069,40.7367523,-73.8776702,"(40.7367523, -73.8776702)"
7070,40.8204757,-73.9012933,"(40.8204757, -73.9012933)"
7071,40.8522138,-73.9332255,"(40.8522138, -73.9332255)"
7072,40.7021257,-73.8348083,"(40.7021257, -73.8348083)"
7074,40.7704335,-73.9601102,"(40.7704335, -73.9601102)"
7075,40.7373607,-73.996839,"(40.7373607, -73.996839)"
7076,40.6841826,-73.9839515,"(40.6841826, -73.9839515)"
7077,40.6187941,-74.0125856,"(40.6187941, -74.0125856)"
7078,40.6493836,-73.8699429,"(40.6493836, -73.8699429)"
7079,40.6524883,-73.952663,"(40.6524883, -73.952663)"
7080,40.7909983,-73.9493034,"(40.7909983, -73.9493034)"
7081,40.6411844,-73.9446537,"(40.6411844, -73.9446537)"
7082,40.7312889,-73.9903915,"(40.7312889, -73.9903915)"
7083,40.6960346,-73.9845292,"(40.6960346, -73.9845292)"
7084,40.6486441,-73.9557613,"(40.6486441, -73.9557613)"
7085,40.6506996,-73.9626431,"(40.6506996, -73.9626431)"
7086,40.8373174,-73.9340367,"(40.8373174, -73.9340367)"
7087,40.7193963,-74.0018831,"(40.7193963, -74.0018831)"
7088,40.7612537,-73.73984,"(40.7612537, -73.73984)"
7089,40.8133899,-73.9562587,"(40.8133899, -73.9562587)"
7090,40.7326191,-73.9815007,"(40.7326191, -73.9815007)"
7091,40.7452427,-73.9847921,"(40.7452427, -73.9847921)"
7092,40.6686054,-73.7504353,"(40.6686054, -73.7504353)"
7094,40.6091902,-74.0801596,"(40.6091902, -74.0801596)"
7095,40.6854052,-73.9752435,"(40.6854052, -73.9752435)"
7096,40.7241523,-73.8986833,"(40.7241523, -73.8986833)"
7097,40.6194932,-73.9465124,"(40.6194932, -73.9465124)"
7098,40.713993,-73.8319146,"(40.713993, -73.8319146)"
7099,40.6754004,-73.9974476,"(40.6754004, -73.9974476)"
7100,40.7153558,-73.9934023,"(40.7153558, -73.9934023)"
7101,40.7483111,-73.7095345,"(40.7483111, -73.7095345)"
7102,40.694276,-73.9924235,"(40.694276, -73.9924235)"
7103,40.7446864,-73.9164943,"(40.7446864, -73.9164943)"
7104,40.7323478,-73.9849394,"(40.7323478, -73.9849394)"
7105,40.7394976,-73.9826643,"(40.7394976, -73.9826643)"
7106,40.7860964,-73.7941157,"(40.7860964, -73.7941157)"
7107,40.6036878,-73.9769016,"(40.6036878, -73.9769016)"
7108,40.7412355,-73.8457263,"(40.7412355, -73.8457263)"
7109,40.7222869,-73.9574621,"(40.7222869, -73.9574621)"
7110,40.6698646,-73.9505022,"(40.6698646, -73.9505022)"
7111,40.7100643,-73.7853041,"(40.7100643, -73.7853041)"
7112,40.7072992,-73.7420127,"(40.7072992, -73.7420127)"
7113,40.8209565,-73.836468,"(40.8209565, -73.836468)"
7114,40.7864855,-73.9721726,"(40.7864855, -73.9721726)"
7115,40.7054596,-73.7948949,"(40.7054596, -73.7948949)"
7116,40.7294444,-73.825504,"(40.7294444, -73.825504)"
7117,40.7070148,-73.9387055,"(40.7070148, -73.9387055)"
7118,40.7048244,-73.9245872,"(40.7048244, -73.9245872)"
7119,40.6888813,-73.9600039,"(40.6888813, -73.9600039)"
7120,40.8226439,-73.9532176,"(40.8226439, -73.9532176)"
7121,40.6073372,-73.9618859,"(40.6073372, -73.9618859)"
7122,40.6088089,-73.9241158,"(40.6088089, -73.9241158)"
7123,40.8185945,-73.9000244,"(40.8185945, -73.9000244)"
7124,40.5756539,-74.1045436,"(40.5756539, -74.1045436)"
7125,40.6844232,-73.978388,"(40.6844232, -73.978388)"
7126,40.704706,-73.8715291,"(40.704706, -73.8715291)"
7127,40.8101738,-73.9511673,"(40.8101738, -73.9511673)"
7128,40.7369267,-73.8959575,"(40.7369267, -73.8959575)"
7129,40.6808561,-74.0030439,"(40.6808561, -74.0030439)"
7130,40.6669488,-73.7971113,"(40.6669488, -73.7971113)"
7131,40.7311466,-73.8693637,"(40.7311466, -73.8693637)"
7132,40.7573816,-73.9667018,"(40.7573816, -73.9667018)"
7133,40.7591997,-73.9846193,"(40.7591997, -73.9846193)"
7134,40.6774132,-73.9303181,"(40.6774132, -73.9303181)"
7135,40.7335583,-73.8838101,"(40.7335583, -73.8838101)"
7136,40.7508437,-73.9786082,"(40.7508437, -73.9786082)"
7137,40.6571492,-73.983439,"(40.6571492, -73.983439)"
7138,40.8259814,-73.935904,"(40.8259814, -73.935904)"
7139,40.8188024,-73.9560203,"(40.8188024, -73.9560203)"
7140,40.7345318,-73.8885245,"(40.7345318, -73.8885245)"
7141,40.7551925,-73.9712183,"(40.7551925, -73.9712183)"
7142,40.7201577,-73.946042,"(40.7201577, -73.946042)"
7143,40.6341296,-73.9285006,"(40.6341296, -73.9285006)"
7144,40.7869399,-73.9792864,"(40.7869399, -73.9792864)"
7145,40.7774101,-73.9787983,"(40.7774101, -73.9787983)"
7146,40.7620983,-73.9274933,"(40.7620983, -73.9274933)"
7147,40.7756775,-73.9646888,"(40.7756775, -73.9646888)"
7148,40.6698587,-73.8600427,"(40.6698587, -73.8600427)"
7149,40.6529729,-73.9440024,"(40.6529729, -73.9440024)"
7151,40.7332923,-73.9871799,"(40.7332923, -73.9871799)"
7152,40.8236476,-73.8784229,"(40.8236476, -73.8784229)"
7153,40.7582757,-73.9333522,"(40.7582757, -73.9333522)"
7154,40.6322304,-73.9950354,"(40.6322304, -73.9950354)"
7155,40.6072565,-73.9672737,"(40.6072565, -73.9672737)"
7156,40.6426886,-73.9576354,"(40.6426886, -73.9576354)"
7157,40.6660102,-73.78953,"(40.6660102, -73.78953)"
7158,40.6989424,-73.8371676,"(40.6989424, -73.8371676)"
7159,40.5791996,-73.9819392,"(40.5791996, -73.9819392)"
7160,40.6173247,-73.9109553,"(40.6173247, -73.9109553)"
7161,40.8992486,-73.8460818,"(40.8992486, -73.8460818)"
7162,40.7182128,-73.8367417,"(40.7182128, -73.8367417)"
7163,40.6135007,-74.1323906,"(40.6135007, -74.1323906)"
7164,40.6854517,-73.9944076,"(40.6854517, -73.9944076)"
7165,40.7375562,-73.8508811,"(40.7375562, -73.8508811)"
7166,40.6962166,-73.7435918,"(40.6962166, -73.7435918)"
7167,40.6556338,-73.9598617,"(40.6556338, -73.9598617)"
7168,40.7624202,-73.8275149,"(40.7624202, -73.8275149)"
7169,40.7039072,-73.9906623,"(40.7039072, -73.9906623)"
7170,40.7557958,-73.9357983,"(40.7557958, -73.9357983)"
7171,40.7326191,-73.9815007,"(40.7326191, -73.9815007)"
7173,40.7150726,-73.8272082,"(40.7150726, -73.8272082)"
7174,40.7850321,-73.9405708,"(40.7850321, -73.9405708)"
7175,40.7137996,-73.9331802,"(40.7137996, -73.9331802)"
7176,40.8636899,-73.9170643,"(40.8636899, -73.9170643)"
7177,40.7019114,-73.936979,"(40.7019114, -73.936979)"
7178,40.8760226,-73.8338592,"(40.8760226, -73.8338592)"
7179,40.848545,-73.9067819,"(40.848545, -73.9067819)"
7180,40.7184575,-73.9948089,"(40.7184575, -73.9948089)"
7181,40.5971705,-73.9714845,"(40.5971705, -73.9714845)"
7184,40.6227987,-74.0283499,"(40.6227987, -74.0283499)"
7186,40.6295982,-74.0013474,"(40.6295982, -74.0013474)"
7187,40.7450578,-73.9786065,"(40.7450578, -73.9786065)"
7188,40.728067,-73.9989537,"(40.728067, -73.9989537)"
7190,40.7545135,-73.8775979,"(40.7545135, -73.8775979)"
7191,40.7521904,-73.9934636,"(40.7521904, -73.9934636)"
7192,40.6041622,-73.9975115,"(40.6041622, -73.9975115)"
7193,40.715667,-73.9790632,"(40.715667, -73.9790632)"
7194,40.8398321,-73.9239102,"(40.8398321, -73.9239102)"
7195,40.8838383,-73.9025663,"(40.8838383, -73.9025663)"
7196,40.7524046,-73.9244179,"(40.7524046, -73.9244179)"
7197,40.7177562,-73.7581371,"(40.7177562, -73.7581371)"
7198,40.7329414,-73.9203819,"(40.7329414, -73.9203819)"
7199,40.8236421,-73.8939033,"(40.8236421, -73.8939033)"
7202,40.834061,-73.9448799,"(40.834061, -73.9448799)"
7203,40.6822652,-73.8451332,"(40.6822652, -73.8451332)"
7204,40.6724144,-73.9573389,"(40.6724144, -73.9573389)"
7205,40.7554056,-73.9794839,"(40.7554056, -73.9794839)"
7206,40.7642676,-73.7229343,"(40.7642676, -73.7229343)"
7207,40.742096,-73.8674729,"(40.742096, -73.8674729)"
7208,40.6945446,-73.7612361,"(40.6945446, -73.7612361)"
7209,40.661037,-73.9974301,"(40.661037, -73.9974301)"
7210,40.6742332,-73.861764,"(40.6742332, -73.861764)"
7211,40.8546114,-73.8918007,"(40.8546114, -73.8918007)"
7212,40.8565513,-73.7913635,"(40.8565513, -73.7913635)"
7213,40.756487,-73.9400388,"(40.756487, -73.9400388)"
7214,40.656213,-73.9146589,"(40.656213, -73.9146589)"
7215,40.8151553,-73.957829,"(40.8151553, -73.957829)"
7216,40.7547072,-73.9916334,"(40.7547072, -73.9916334)"
7217,40.759725,-73.9205977,"(40.759725, -73.9205977)"
7220,40.7432053,-73.9799604,"(40.7432053, -73.9799604)"
7221,40.5822908,-74.169057,"(40.5822908, -74.169057)"
7223,40.6555642,-73.8797328,"(40.6555642, -73.8797328)"
7224,40.7191256,-73.7913993,"(40.7191256, -73.7913993)"
7225,40.6997906,-73.9500905,"(40.6997906, -73.9500905)"
7226,40.8450961,-73.8716062,"(40.8450961, -73.8716062)"
7227,40.7242201,-73.9308717,"(40.7242201, -73.9308717)"
7228,40.613673,-74.0353516,"(40.613673, -74.0353516)"
7229,40.7698455,-73.9668472,"(40.7698455, -73.9668472)"
7230,40.7592841,-73.959265,"(40.7592841, -73.959265)"
7231,40.8501677,-73.9357542,"(40.8501677, -73.9357542)"
7234,40.7212488,-73.9922364,"(40.7212488, -73.9922364)"
7235,40.6800647,-73.8478351,"(40.6800647, -73.8478351)"
7236,40.7490533,-73.9957485,"(40.7490533, -73.9957485)"
7237,40.6434247,-73.9458698,"(40.6434247, -73.9458698)"
7238,40.7201559,-73.8896633,"(40.7201559, -73.8896633)"
7239,40.734034,-73.9950494,"(40.734034, -73.9950494)"
7241,40.7586806,-73.8755111,"(40.7586806, -73.8755111)"
7244,40.8503081,-73.8864328,"(40.8503081, -73.8864328)"
7245,40.5758147,-74.1197852,"(40.5758147, -74.1197852)"
7246,40.7567104,-73.9864571,"(40.7567104, -73.9864571)"
7247,40.7864283,-73.8239273,"(40.7864283, -73.8239273)"
7249,40.6863108,-73.9744391,"(40.6863108, -73.9744391)"
7250,40.6072872,-74.0887612,"(40.6072872, -74.0887612)"
7251,40.7999773,-73.9586188,"(40.7999773, -73.9586188)"
7252,40.8035936,-73.9197796,"(40.8035936, -73.9197796)"
7253,40.7544905,-74.0067388,"(40.7544905, -74.0067388)"
7254,40.6650745,-73.9965685,"(40.6650745, -73.9965685)"
7255,40.7337618,-73.9374216,"(40.7337618, -73.9374216)"
7256,40.7263229,-73.8568647,"(40.7263229, -73.8568647)"
7257,40.6516965,-73.9496688,"(40.6516965, -73.9496688)"
7259,40.8582733,-73.9318168,"(40.8582733, -73.9318168)"
7260,40.7286048,-74.0053146,"(40.7286048, -74.0053146)"
7261,40.7734737,-73.9170756,"(40.7734737, -73.9170756)"
7262,40.7616682,-73.9749156,"(40.7616682, -73.9749156)"
7263,40.7170151,-73.8297,"(40.7170151, -73.8297)"
7264,40.7823164,-73.9485012,"(40.7823164, -73.9485012)"
7267,40.5909502,-73.9468629,"(40.5909502, -73.9468629)"
7269,40.6082027,-73.9207095,"(40.6082027, -73.9207095)"
7270,40.6467706,-73.9520508,"(40.6467706, -73.9520508)"
7271,40.7534818,-73.9808885,"(40.7534818, -73.9808885)"
7272,40.7615555,-73.9940691,"(40.7615555, -73.9940691)"
7273,40.7489222,-73.977887,"(40.7489222, -73.977887)"
7275,40.6075249,-74.1446287,"(40.6075249, -74.1446287)"
7276,40.7431952,-73.9367235,"(40.7431952, -73.9367235)"
7277,40.681595,-73.8034664,"(40.681595, -73.8034664)"
7278,40.6900758,-73.9191554,"(40.6900758, -73.9191554)"
7279,40.5789366,-73.9852115,"(40.5789366, -73.9852115)"
7280,40.761391,-74.0017363,"(40.761391, -74.0017363)"
7281,40.5604755,-74.1668892,"(40.5604755, -74.1668892)"
7282,40.7621793,-73.9661291,"(40.7621793, -73.9661291)"
7283,40.8018664,-73.9413524,"(40.8018664, -73.9413524)"
7284,40.7483506,-73.967859,"(40.7483506, -73.967859)"
7285,40.5879404,-73.9743363,"(40.5879404, -73.9743363)"
7286,40.7608228,-73.9983142,"(40.7608228, -73.9983142)"
7288,40.6582291,-74.0003424,"(40.6582291, -74.0003424)"
7289,40.663117,-73.9158755,"(40.663117, -73.9158755)"
7291,40.8130866,-73.9041835,"(40.8130866, -73.9041835)"
7292,40.698081,-73.9253522,"(40.698081, -73.9253522)"
7294,40.6606564,-73.8857861,"(40.6606564, -73.8857861)"
7295,40.6341296,-73.9285006,"(40.6341296, -73.9285006)"
7297,40.6114632,-73.9243649,"(40.6114632, -73.9243649)"
7298,40.7170989,-73.9985895,"(40.7170989, -73.9985895)"
7300,40.7570524,-73.9216585,"(40.7570524, -73.9216585)"
7301,40.7416452,-74.0048609,"(40.7416452, -74.0048609)"
7302,40.6142704,-74.1566467,"(40.6142704, -74.1566467)"
7303,40.6273136,-73.9418156,"(40.6273136, -73.9418156)"
7304,40.8518022,-73.9092172,"(40.8518022, -73.9092172)"
7305,40.6328477,-73.9283651,"(40.6328477, -73.9283651)"
7307,40.8579711,-73.8727118,"(40.8579711, -73.8727118)"
7308,40.6847335,-74.0010155,"(40.6847335, -74.0010155)"
7309,40.7674936,-73.9593177,"(40.7674936, -73.9593177)"
7310,40.7278775,-74.0054264,"(40.7278775, -74.0054264)"
7312,40.7226626,-73.9979797,"(40.7226626, -73.9979797)"
7313,40.6094167,-73.9676868,"(40.6094167, -73.9676868)"
7314,40.7575232,-73.8291338,"(40.7575232, -73.8291338)"
7315,40.7066527,-73.9504063,"(40.7066527, -73.9504063)"
7316,40.7420884,-73.8543155,"(40.7420884, -73.8543155)"
7318,40.5979254,-73.9871915,"(40.5979254, -73.9871915)"
7320,40.7667789,-73.9967618,"(40.7667789, -73.9967618)"
7321,40.6573596,-73.7415318,"(40.6573596, -73.7415318)"
7322,40.7440247,-74.0084591,"(40.7440247, -74.0084591)"
7323,40.7469428,-73.8904995,"(40.7469428, -73.8904995)"
7324,40.7422271,-73.9970084,"(40.7422271, -73.9970084)"
7325,40.6785492,-73.9298122,"(40.6785492, -73.9298122)"
7326,40.7491017,-73.9840766,"(40.7491017, -73.9840766)"
7327,40.6042588,-73.752851,"(40.6042588, -73.752851)"
7328,40.8024947,-73.9408968,"(40.8024947, -73.9408968)"
7329,40.7602718,-73.8039995,"(40.7602718, -73.8039995)"
7330,40.6818517,-73.9800365,"(40.6818517, -73.9800365)"
7333,40.6613849,-73.884098,"(40.6613849, -73.884098)"
7334,40.7158555,-73.9949534,"(40.7158555, -73.9949534)"
7335,40.7079101,-73.9450059,"(40.7079101, -73.9450059)"
7336,40.7612344,-73.9638843,"(40.7612344, -73.9638843)"
7338,40.7517013,-73.9864003,"(40.7517013, -73.9864003)"
7339,40.6371956,-74.0077862,"(40.6371956, -74.0077862)"
7342,40.7422546,-74.0007037,"(40.7422546, -74.0007037)"
7343,40.5785571,-74.1695947,"(40.5785571, -74.1695947)"
7344,40.733607,-73.8499464,"(40.733607, -73.8499464)"
7345,40.7210624,-73.9981962,"(40.7210624, -73.9981962)"
7346,40.610949,-73.9536001,"(40.610949, -73.9536001)"
7347,40.6712071,-73.8245605,"(40.6712071, -73.8245605)"
7348,40.6186183,-73.9620415,"(40.6186183, -73.9620415)"
7350,40.7050435,-73.9590323,"(40.7050435, -73.9590323)"
7351,40.6996983,-73.8212505,"(40.6996983, -73.8212505)"
7352,40.6825847,-73.7888539,"(40.6825847, -73.7888539)"
7353,40.7529474,-73.8924748,"(40.7529474, -73.8924748)"
7354,40.820966,-73.9395652,"(40.820966, -73.9395652)"
7355,40.8259548,-73.8595554,"(40.8259548, -73.8595554)"
7357,40.7457933,-73.8854886,"(40.7457933, -73.8854886)"
7358,40.7502089,-74.0023315,"(40.7502089, -74.0023315)"
7359,40.6241708,-73.9704715,"(40.6241708, -73.9704715)"
7360,40.6901548,-73.9986368,"(40.6901548, -73.9986368)"
7361,40.8303834,-73.940171,"(40.8303834, -73.940171)"
7362,40.6726939,-73.82217,"(40.6726939, -73.82217)"
7363,40.6146211,-73.9686568,"(40.6146211, -73.9686568)"
7364,40.694578,-73.9561419,"(40.694578, -73.9561419)"
7365,40.696197,-73.9887629,"(40.696197, -73.9887629)"
7367,40.6805947,-73.9808878,"(40.6805947, -73.9808878)"
7368,40.6811205,-73.9644216,"(40.6811205, -73.9644216)"
7369,40.8630423,-73.8580599,"(40.8630423, -73.8580599)"
7370,40.832647,-73.8512082,"(40.832647, -73.8512082)"
7371,40.8821921,-73.8412717,"(40.8821921, -73.8412717)"
7373,40.879058,-73.8518674,"(40.879058, -73.8518674)"
7375,40.6527684,-73.8862898,"(40.6527684, -73.8862898)"
7376,40.5985185,-73.9730215,"(40.5985185, -73.9730215)"
7377,40.7730321,-73.9782834,"(40.7730321, -73.9782834)"
7378,40.7424211,-73.8265402,"(40.7424211, -73.8265402)"
7379,40.7023568,-73.8187476,"(40.7023568, -73.8187476)"
7380,40.8221187,-73.8968793,"(40.8221187, -73.8968793)"
7381,40.7520589,-74.0009817,"(40.7520589, -74.0009817)"
7382,40.5932616,-74.1106455,"(40.5932616, -74.1106455)"
7383,40.5917841,-73.9589963,"(40.5917841, -73.9589963)"
7385,40.6059516,-74.0760061,"(40.6059516, -74.0760061)"
7386,40.6588768,-74.0029374,"(40.6588768, -74.0029374)"
7387,40.766166,-73.9542464,"(40.766166, -73.9542464)"
7388,40.872452,-73.8780642,"(40.872452, -73.8780642)"
7390,40.7572323,-73.9897922,"(40.7572323, -73.9897922)"
7391,40.7648161,-73.8149604,"(40.7648161, -73.8149604)"
7392,40.6400658,-74.0155623,"(40.6400658, -74.0155623)"
7393,40.6769384,-73.9218247,"(40.6769384, -73.9218247)"
7394,40.6667077,-73.8718221,"(40.6667077, -73.8718221)"
7396,40.7198321,-73.9875432,"(40.7198321, -73.9875432)"
7397,40.6796328,-73.8622972,"(40.6796328, -73.8622972)"
7399,40.6707792,-73.8478707,"(40.6707792, -73.8478707)"
7400,40.766359,-73.8875543,"(40.766359, -73.8875543)"
7401,40.6250262,-74.1480119,"(40.6250262, -74.1480119)"
7402,40.7432298,-73.8377723,"(40.7432298, -73.8377723)"
7403,40.7428639,-74.0039696,"(40.7428639, -74.0039696)"
7406,40.8212762,-73.9174171,"(40.8212762, -73.9174171)"
7408,40.7276628,-73.9293744,"(40.7276628, -73.9293744)"
7409,40.610949,-73.9536001,"(40.610949, -73.9536001)"
7410,40.7603012,-73.9949825,"(40.7603012, -73.9949825)"
7411,40.7396305,-74.0063331,"(40.7396305, -74.0063331)"
7412,40.6731052,-73.9279289,"(40.6731052, -73.9279289)"
7413,40.8077127,-73.9413184,"(40.8077127, -73.9413184)"
7414,40.7278033,-73.8051521,"(40.7278033, -73.8051521)"
7415,40.7157218,-73.8257329,"(40.7157218, -73.8257329)"
7416,40.7528917,-73.9637266,"(40.7528917, -73.9637266)"
7417,40.5770188,-73.9641927,"(40.5770188, -73.9641927)"
7419,40.727095,-73.9915539,"(40.727095, -73.9915539)"
7420,40.8467257,-73.9356202,"(40.8467257, -73.9356202)"
7421,40.8173893,-73.8601226,"(40.8173893, -73.8601226)"
7423,40.8166964,-73.9230912,"(40.8166964, -73.9230912)"
7424,40.7534818,-73.9808885,"(40.7534818, -73.9808885)"
7425,40.6539849,-73.9276937,"(40.6539849, -73.9276937)"
7426,40.7105825,-73.7835531,"(40.7105825, -73.7835531)"
7427,40.6150052,-73.9802186,"(40.6150052, -73.9802186)"
7428,40.7250384,-73.8504202,"(40.7250384, -73.8504202)"
7429,40.8077723,-73.9454833,"(40.8077723, -73.9454833)"
7430,40.7069296,-73.824048,"(40.7069296, -73.824048)"
7431,40.6701181,-73.9224672,"(40.6701181, -73.9224672)"
7432,40.6758423,-73.9990374,"(40.6758423, -73.9990374)"
7433,40.7483184,-73.8774144,"(40.7483184, -73.8774144)"
7435,40.8170166,-73.8628981,"(40.8170166, -73.8628981)"
7436,40.6974475,-73.9805079,"(40.6974475, -73.9805079)"
7437,40.7048837,-74.0156568,"(40.7048837, -74.0156568)"
7438,40.7923625,-73.9641744,"(40.7923625, -73.9641744)"
7439,40.7597405,-73.931943,"(40.7597405, -73.931943)"
7440,40.6509497,-74.0079175,"(40.6509497, -74.0079175)"
7441,40.6750391,-73.9305297,"(40.6750391, -73.9305297)"
7442,40.6899325,-73.9814728,"(40.6899325, -73.9814728)"
7443,40.6309878,-74.0220234,"(40.6309878, -74.0220234)"
7444,40.7451792,-73.9827278,"(40.7451792, -73.9827278)"
7445,40.7775914,-73.9590913,"(40.7775914, -73.9590913)"
7446,40.7935573,-73.967016,"(40.7935573, -73.967016)"
7448,40.7010536,-73.8088765,"(40.7010536, -73.8088765)"
7449,40.6056217,-74.0131557,"(40.6056217, -74.0131557)"
7450,40.8287632,-73.8963957,"(40.8287632, -73.8963957)"
7451,40.7187947,-73.9890116,"(40.7187947, -73.9890116)"
7452,40.8668017,-73.884427,"(40.8668017, -73.884427)"
7453,40.7167161,-73.8278116,"(40.7167161, -73.8278116)"
7455,40.9045537,-73.8478168,"(40.9045537, -73.8478168)"
7456,40.6922854,-73.9369052,"(40.6922854, -73.9369052)"
7457,40.7621323,-73.8037413,"(40.7621323, -73.8037413)"
7458,40.6576451,-73.8748959,"(40.6576451, -73.8748959)"
7459,40.7279899,-73.7210568,"(40.7279899, -73.7210568)"
7460,40.7103167,-73.7524614,"(40.7103167, -73.7524614)"
7461,40.8291017,-73.8364849,"(40.8291017, -73.8364849)"
7463,40.7014005,-73.8163086,"(40.7014005, -73.8163086)"
7464,40.5951359,-73.7532016,"(40.5951359, -73.7532016)"
7465,40.6900894,-73.9364674,"(40.6900894, -73.9364674)"
7466,40.7440912,-73.9763477,"(40.7440912, -73.9763477)"
7467,40.7606005,-73.9643142,"(40.7606005, -73.9643142)"
7468,40.8246558,-73.8919289,"(40.8246558, -73.8919289)"
7469,40.7210624,-73.9981962,"(40.7210624, -73.9981962)"
7470,40.6972977,-73.9237771,"(40.6972977, -73.9237771)"
7472,40.6734216,-73.9501643,"(40.6734216, -73.9501643)"
7473,40.7509908,-73.9906233,"(40.7509908, -73.9906233)"
7474,40.6011838,-73.990972,"(40.6011838, -73.990972)"
7475,40.5979254,-73.9871915,"(40.5979254, -73.9871915)"
7476,40.8627177,-73.9022935,"(40.8627177, -73.9022935)"
7477,40.6591744,-73.8398633,"(40.6591744, -73.8398633)"
7478,40.665508,-73.9927692,"(40.665508, -73.9927692)"
7479,40.6147717,-73.9672844,"(40.6147717, -73.9672844)"
7480,40.7716238,-73.8747579,"(40.7716238, -73.8747579)"
7482,40.7551305,-73.9652411,"(40.7551305, -73.9652411)"
7483,40.6396158,-73.932015,"(40.6396158, -73.932015)"
7484,40.7502939,-73.9948425,"(40.7502939, -73.9948425)"
7485,40.6047165,-74.137786,"(40.6047165, -74.137786)"
7486,40.7622359,-73.9898636,"(40.7622359, -73.9898636)"
7488,40.6705752,-73.975195,"(40.6705752, -73.975195)"
7489,40.6793338,-73.9753215,"(40.6793338, -73.9753215)"
7490,40.6308963,-73.992827,"(40.6308963, -73.992827)"
7492,40.6138262,-74.0370805,"(40.6138262, -74.0370805)"
7493,40.7532838,-73.906908,"(40.7532838, -73.906908)"
7494,40.7247015,-74.0093189,"(40.7247015, -74.0093189)"
7495,40.7457632,-73.925804,"(40.7457632, -73.925804)"
7496,40.6053345,-73.7552743,"(40.6053345, -73.7552743)"
7497,40.6495279,-73.9163215,"(40.6495279, -73.9163215)"
7498,40.5739728,-74.1699179,"(40.5739728, -74.1699179)"
7499,40.7914069,-73.9356781,"(40.7914069, -73.9356781)"
7500,40.7124417,-73.894019,"(40.7124417, -73.894019)"
7501,40.6263946,-74.1333312,"(40.6263946, -74.1333312)"
7502,40.6727674,-73.9867084,"(40.6727674, -73.9867084)"
7503,40.6910174,-73.9544675,"(40.6910174, -73.9544675)"
7504,40.7566543,-73.9785667,"(40.7566543, -73.9785667)"
7505,40.7437625,-73.824622,"(40.7437625, -73.824622)"
7506,40.8156907,-73.9582947,"(40.8156907, -73.9582947)"
7507,40.8136144,-73.9157178,"(40.8136144, -73.9157178)"
7508,40.725432,-73.996771,"(40.725432, -73.996771)"
7509,40.7601586,-74.0026387,"(40.7601586, -74.0026387)"
7510,40.713899,-73.7487976,"(40.713899, -73.7487976)"
7511,40.8543089,-73.9300822,"(40.8543089, -73.9300822)"
7513,40.7463024,-73.9716588,"(40.7463024, -73.9716588)"
7514,40.8439096,-73.8804621,"(40.8439096, -73.8804621)"
7515,40.621493,-74.170754,"(40.621493, -74.170754)"
7516,40.6462931,-74.0198375,"(40.6462931, -74.0198375)"
7517,40.6083847,-73.959159,"(40.6083847, -73.959159)"
7519,40.8464062,-73.842886,"(40.8464062, -73.842886)"
7520,40.6476818,-73.9675458,"(40.6476818, -73.9675458)"
7521,40.8896286,-73.9114694,"(40.8896286, -73.9114694)"
7522,40.7724189,-73.9628637,"(40.7724189, -73.9628637)"
7523,40.6377959,-74.0769836,"(40.6377959, -74.0769836)"
7524,40.6444685,-74.0768544,"(40.6444685, -74.0768544)"
7525,40.6377818,-74.0179326,"(40.6377818, -74.0179326)"
7526,40.644521,-73.9120649,"(40.644521, -73.9120649)"
7527,40.8626161,-73.8901066,"(40.8626161, -73.8901066)"
7529,40.7629631,-73.9718684,"(40.7629631, -73.9718684)"
7530,40.6066158,-74.1181406,"(40.6066158, -74.1181406)"
7531,40.6464396,-73.9278604,"(40.6464396, -73.9278604)"
7532,40.7173813,-73.9913026,"(40.7173813, -73.9913026)"
7534,40.6071903,-74.1624214,"(40.6071903, -74.1624214)"
7535,40.642134,-73.9293532,"(40.642134, -73.9293532)"
7536,40.7431628,-73.8255511,"(40.7431628, -73.8255511)"
7537,40.6783196,-73.9469195,"(40.6783196, -73.9469195)"
7538,40.7604754,-73.9221959,"(40.7604754, -73.9221959)"
7539,40.607948,-74.162344,"(40.607948, -74.162344)"
7540,40.8303531,-73.9034685,"(40.8303531, -73.9034685)"
7541,40.7351801,-73.7183457,"(40.7351801, -73.7183457)"
7542,40.8181465,-73.8992844,"(40.8181465, -73.8992844)"
7543,40.7578281,-73.9930696,"(40.7578281, -73.9930696)"
7544,40.7591644,-73.9883913,"(40.7591644, -73.9883913)"
7545,40.8346811,-73.9444241,"(40.8346811, -73.9444241)"
7546,40.8101738,-73.9511673,"(40.8101738, -73.9511673)"
7547,40.5621362,-74.1181771,"(40.5621362, -74.1181771)"
7549,40.7489641,-73.8917522,"(40.7489641, -73.8917522)"
7550,40.7667442,-73.9259648,"(40.7667442, -73.9259648)"
7551,40.7639899,-73.93287,"(40.7639899, -73.93287)"
7552,40.8712327,-73.8560321,"(40.8712327, -73.8560321)"
7553,40.7433745,-73.9205559,"(40.7433745, -73.9205559)"
7554,40.8130953,-73.8982589,"(40.8130953, -73.8982589)"
7555,40.6702564,-73.9920261,"(40.6702564, -73.9920261)"
7556,40.7486146,-73.8746312,"(40.7486146, -73.8746312)"
7557,40.784129,-73.8138126,"(40.784129, -73.8138126)"
7559,40.6591289,-73.7574378,"(40.6591289, -73.7574378)"
7560,40.7086997,-74.007286,"(40.7086997, -74.007286)"
7561,40.7446067,-73.7925477,"(40.7446067, -73.7925477)"
7562,40.6420578,-74.02042,"(40.6420578, -74.02042)"
7563,40.8680184,-73.8999645,"(40.8680184, -73.8999645)"
7564,40.6241905,-74.1489899,"(40.6241905, -74.1489899)"
7565,40.8571285,-73.8807926,"(40.8571285, -73.8807926)"
7566,40.6841371,-73.8241226,"(40.6841371, -73.8241226)"
7567,40.8812664,-73.8387425,"(40.8812664, -73.8387425)"
7568,40.757707,-73.7638432,"(40.757707, -73.7638432)"
7570,40.8266576,-73.8738952,"(40.8266576, -73.8738952)"
7571,40.7954563,-73.9656282,"(40.7954563, -73.9656282)"
7572,40.7084279,-73.905517,"(40.7084279, -73.905517)"
7573,40.6821585,-73.8965958,"(40.6821585, -73.8965958)"
7574,40.6302913,-74.0889035,"(40.6302913, -74.0889035)"
7575,40.6036878,-73.9769016,"(40.6036878, -73.9769016)"
7576,40.8492366,-73.8627883,"(40.8492366, -73.8627883)"
7577,40.7272955,-73.9558065,"(40.7272955, -73.9558065)"
7578,40.8348371,-73.8668076,"(40.8348371, -73.8668076)"
7579,40.744559,-73.9831755,"(40.744559, -73.9831755)"
7581,40.6759649,-73.818192,"(40.6759649, -73.818192)"
7582,40.7622359,-73.9898636,"(40.7622359, -73.9898636)"
7583,40.7229804,-74.0116023,"(40.7229804, -74.0116023)"
7584,40.7117796,-73.9997006,"(40.7117796, -73.9997006)"
7586,40.8676337,-73.9165894,"(40.8676337, -73.9165894)"
7587,40.7185558,-73.9882,"(40.7185558, -73.9882)"
7588,40.7665738,-73.8173887,"(40.7665738, -73.8173887)"
7589,40.6726681,-73.777371,"(40.6726681, -73.777371)"
7590,40.8435287,-73.8568618,"(40.8435287, -73.8568618)"
7591,40.815755,-73.8952779,"(40.815755, -73.8952779)"
7592,40.8494529,-73.9059999,"(40.8494529, -73.9059999)"
7593,40.6776634,-73.9688579,"(40.6776634, -73.9688579)"
7594,40.8025617,-73.9429917,"(40.8025617, -73.9429917)"
7595,40.647693,-73.9803638,"(40.647693, -73.9803638)"
7597,40.7883117,-73.9765017,"(40.7883117, -73.9765017)"
7598,40.5319181,-74.1917442,"(40.5319181, -74.1917442)"
7599,40.666397,-73.7849977,"(40.666397, -73.7849977)"
7600,40.7353704,-73.9899687,"(40.7353704, -73.9899687)"
7601,40.7274022,-73.9885376,"(40.7274022, -73.9885376)"
7602,40.8678394,-73.8643841,"(40.8678394, -73.8643841)"
7604,40.8903208,-73.8653004,"(40.8903208, -73.8653004)"
7605,40.7236503,-73.991024,"(40.7236503, -73.991024)"
7606,40.640237,-73.9059739,"(40.640237, -73.9059739)"
7607,40.7265052,-73.7556997,"(40.7265052, -73.7556997)"
7608,40.7339784,-73.9866782,"(40.7339784, -73.9866782)"
7609,40.7966809,-73.9349137,"(40.7966809, -73.9349137)"
7610,40.5223655,-74.2167331,"(40.5223655, -74.2167331)"
7611,40.8075133,-73.9341187,"(40.8075133, -73.9341187)"
7612,40.6674319,-73.7667546,"(40.6674319, -73.7667546)"
7613,40.6444315,-73.9295994,"(40.6444315, -73.9295994)"
7614,40.5903421,-74.0666242,"(40.5903421, -74.0666242)"
7615,40.6774132,-73.9303181,"(40.6774132, -73.9303181)"
7616,40.8436423,-73.9130305,"(40.8436423, -73.9130305)"
7617,40.7520589,-74.0009817,"(40.7520589, -74.0009817)"
7618,40.7182268,-73.8151403,"(40.7182268, -73.8151403)"
7619,40.6830499,-73.9737625,"(40.6830499, -73.9737625)"
7620,40.7309325,-73.8645761,"(40.7309325, -73.8645761)"
7621,40.7715119,-73.8158589,"(40.7715119, -73.8158589)"
7622,40.8599902,-73.8968495,"(40.8599902, -73.8968495)"
7623,40.7122849,-73.7853511,"(40.7122849, -73.7853511)"
7624,40.7037275,-73.9597809,"(40.7037275, -73.9597809)"
7625,40.6364471,-73.9451224,"(40.6364471, -73.9451224)"
7626,40.7679171,-73.9857147,"(40.7679171, -73.9857147)"
7628,40.673975,-73.9856988,"(40.673975, -73.9856988)"
7629,40.7704232,-73.9622113,"(40.7704232, -73.9622113)"
7631,40.6940516,-73.8280091,"(40.6940516, -73.8280091)"
7633,40.6778652,-73.9980676,"(40.6778652, -73.9980676)"
7634,40.7684013,-73.7375377,"(40.7684013, -73.7375377)"
7635,40.8466586,-73.8961762,"(40.8466586, -73.8961762)"
7636,40.6741348,-73.8715988,"(40.6741348, -73.8715988)"
7637,40.7265701,-73.8526393,"(40.7265701, -73.8526393)"
7639,40.7546805,-73.8937353,"(40.7546805, -73.8937353)"
7640,40.7067834,-73.9119503,"(40.7067834, -73.9119503)"
7641,40.7616939,-73.917888,"(40.7616939, -73.917888)"
7642,40.6472432,-73.9604721,"(40.6472432, -73.9604721)"
7643,40.7999853,-73.9448468,"(40.7999853, -73.9448468)"
7644,40.8007207,-73.950636,"(40.8007207, -73.950636)"
7645,40.7045849,-73.7848493,"(40.7045849, -73.7848493)"
7646,40.7202352,-73.9844767,"(40.7202352, -73.9844767)"
7647,40.6241708,-73.9704715,"(40.6241708, -73.9704715)"
7648,40.7700733,-73.9513989,"(40.7700733, -73.9513989)"
7649,40.6179071,-73.9609649,"(40.6179071, -73.9609649)"
7651,40.8272062,-73.9424538,"(40.8272062, -73.9424538)"
7652,40.6572025,-74.0046782,"(40.6572025, -74.0046782)"
7653,40.6519753,-73.8654089,"(40.6519753, -73.8654089)"
7654,40.7305919,-73.9924085,"(40.7305919, -73.9924085)"
7655,40.8676918,-73.9212136,"(40.8676918, -73.9212136)"
7656,40.6306327,-74.0092229,"(40.6306327, -74.0092229)"
7657,40.6098096,-73.9224976,"(40.6098096, -73.9224976)"
7658,40.7054135,-73.7803454,"(40.7054135, -73.7803454)"
7659,40.7625557,-73.8913763,"(40.7625557, -73.8913763)"
7660,40.7068526,-74.0050027,"(40.7068526, -74.0050027)"
7661,40.7293959,-73.8402406,"(40.7293959, -73.8402406)"
7662,40.6198157,-73.9435908,"(40.6198157, -73.9435908)"
7663,40.760405,-73.9874743,"(40.760405, -73.9874743)"
7664,40.7336118,-73.8473556,"(40.7336118, -73.8473556)"
7665,40.7002805,-73.9411497,"(40.7002805, -73.9411497)"
7666,40.7856997,-73.7744905,"(40.7856997, -73.7744905)"
7668,40.7597241,-73.7832093,"(40.7597241, -73.7832093)"
7669,40.6567832,-73.9137787,"(40.6567832, -73.9137787)"
7670,40.6711762,-73.9746973,"(40.6711762, -73.9746973)"
7672,40.855728,-73.910412,"(40.855728, -73.910412)"
7673,40.6803732,-73.9865339,"(40.6803732, -73.9865339)"
7674,40.7596798,-73.8323482,"(40.7596798, -73.8323482)"
7675,40.8267983,-73.8223616,"(40.8267983, -73.8223616)"
7676,40.6525008,-73.9246392,"(40.6525008, -73.9246392)"
7678,40.8655357,-73.9272684,"(40.8655357, -73.9272684)"
7679,40.7821423,-73.8248379,"(40.7821423, -73.8248379)"
7680,40.7239136,-73.9879718,"(40.7239136, -73.9879718)"
7681,40.7323478,-73.9849394,"(40.7323478, -73.9849394)"
7682,40.7204364,-74.0066956,"(40.7204364, -74.0066956)"
7683,40.6677356,-73.754411,"(40.6677356, -73.754411)"
7685,40.7529383,-73.9220387,"(40.7529383, -73.9220387)"
7686,40.7420646,-73.8245213,"(40.7420646, -73.8245213)"
7687,40.8128153,-73.9418016,"(40.8128153, -73.9418016)"
7688,40.6212663,-73.9526059,"(40.6212663, -73.9526059)"
7689,40.8383086,-73.82893,"(40.8383086, -73.82893)"
7690,40.6870035,-73.9795915,"(40.6870035, -73.9795915)"
7691,40.777874,-73.9517434,"(40.777874, -73.9517434)"
7692,40.6240515,-73.976945,"(40.6240515, -73.976945)"
7693,40.5730631,-74.087697,"(40.5730631, -74.087697)"
7694,40.698537,-73.9178721,"(40.698537, -73.9178721)"
7697,40.7486146,-73.8746312,"(40.7486146, -73.8746312)"
7698,40.670256,-73.8572662,"(40.670256, -73.8572662)"
7699,40.8701594,-73.8909872,"(40.8701594, -73.8909872)"
7700,40.8020766,-73.9340633,"(40.8020766, -73.9340633)"
7701,40.7119619,-73.9406885,"(40.7119619, -73.9406885)"
7702,40.7216195,-73.9954652,"(40.7216195, -73.9954652)"
7703,40.6895434,-73.9711421,"(40.6895434, -73.9711421)"
7704,40.6289412,-74.1161879,"(40.6289412, -74.1161879)"
7705,40.8057361,-73.9406446,"(40.8057361, -73.9406446)"
7706,40.7360047,-73.9936167,"(40.7360047, -73.9936167)"
7707,40.8275118,-73.9249432,"(40.8275118, -73.9249432)"
7708,40.7119934,-74.0081015,"(40.7119934, -74.0081015)"
7709,40.7170989,-73.9985895,"(40.7170989, -73.9985895)"
7710,40.6420041,-73.8988296,"(40.6420041, -73.8988296)"
7711,40.7955275,-73.9759285,"(40.7955275, -73.9759285)"
7712,40.7396924,-73.8459652,"(40.7396924, -73.8459652)"
7715,40.8628568,-73.8482014,"(40.8628568, -73.8482014)"
7716,40.8420551,-73.8686978,"(40.8420551, -73.8686978)"
7717,40.6695476,-73.9116642,"(40.6695476, -73.9116642)"
7718,40.8412824,-73.913648,"(40.8412824, -73.913648)"
7719,40.7124628,-73.9924034,"(40.7124628, -73.9924034)"
7720,40.7249048,-73.9923262,"(40.7249048, -73.9923262)"
7721,40.7484001,-73.9999386,"(40.7484001, -73.9999386)"
7722,40.7373758,-73.7172105,"(40.7373758, -73.7172105)"
7723,40.5988814,-73.820685,"(40.5988814, -73.820685)"
7724,40.7397514,-74.0025224,"(40.7397514, -74.0025224)"
7725,40.6830976,-73.8059498,"(40.6830976, -73.8059498)"
7726,40.7016369,-73.9422665,"(40.7016369, -73.9422665)"
7727,40.6051381,-74.0172828,"(40.6051381, -74.0172828)"
7728,40.7521974,-73.9818237,"(40.7521974, -73.9818237)"
7729,40.6768744,-73.9498444,"(40.6768744, -73.9498444)"
7730,40.6749067,-73.9444635,"(40.6749067, -73.9444635)"
7731,40.600218,-73.9438162,"(40.600218, -73.9438162)"
7732,40.6669637,-73.9782134,"(40.6669637, -73.9782134)"
7733,40.7466595,-73.9900681,"(40.7466595, -73.9900681)"
7734,40.7899571,-73.8179313,"(40.7899571, -73.8179313)"
7735,40.7019114,-73.936979,"(40.7019114, -73.936979)"
7736,40.5886192,-74.0930245,"(40.5886192, -74.0930245)"
7738,40.7695595,-73.9060657,"(40.7695595, -73.9060657)"
7739,40.6623522,-73.9508105,"(40.6623522, -73.9508105)"
7740,40.8454263,-73.8449087,"(40.8454263, -73.8449087)"
7741,40.8078917,-73.8528349,"(40.8078917, -73.8528349)"
7742,40.7442432,-73.8471548,"(40.7442432, -73.8471548)"
7743,40.753791,-73.7442778,"(40.753791, -73.7442778)"
7744,40.6641942,-73.8775762,"(40.6641942, -73.8775762)"
7746,40.6179263,-73.931731,"(40.6179263, -73.931731)"
7747,40.8441075,-73.8861506,"(40.8441075, -73.8861506)"
7748,40.7237466,-74.0061151,"(40.7237466, -74.0061151)"
7749,40.670658,-73.9579745,"(40.670658, -73.9579745)"
7750,40.708426,-73.9579038,"(40.708426, -73.9579038)"
7751,40.655726,-73.7512944,"(40.655726, -73.7512944)"
7752,40.748302,-73.9783384,"(40.748302, -73.9783384)"
7753,40.7430334,-73.8321487,"(40.7430334, -73.8321487)"
7754,40.6571092,-74.0015101,"(40.6571092, -74.0015101)"
7755,40.7260398,-73.7182869,"(40.7260398, -73.7182869)"
7756,40.7263574,-73.7638669,"(40.7263574, -73.7638669)"
7757,40.7448014,-73.9914181,"(40.7448014, -73.9914181)"
7758,40.6569792,-73.8894182,"(40.6569792, -73.8894182)"
7759,40.7509908,-73.9906233,"(40.7509908, -73.9906233)"
7760,40.6725324,-73.7711781,"(40.6725324, -73.7711781)"
7761,40.7535951,-73.9233734,"(40.7535951, -73.9233734)"
7762,40.7889153,-73.800405,"(40.7889153, -73.800405)"
7764,40.6736318,-73.9539999,"(40.6736318, -73.9539999)"
7765,40.7488634,-73.8927087,"(40.7488634, -73.8927087)"
7766,40.7336872,-73.92395,"(40.7336872, -73.92395)"
7767,40.7098995,-73.8393959,"(40.7098995, -73.8393959)"
7768,40.6174806,-74.025071,"(40.6174806, -74.025071)"
7769,40.6754631,-73.7338404,"(40.6754631, -73.7338404)"
7770,40.7132559,-74.009256,"(40.7132559, -74.009256)"
7771,40.7422546,-74.0007037,"(40.7422546, -74.0007037)"
7772,40.8760226,-73.8338592,"(40.8760226, -73.8338592)"
7774,40.8695471,-73.8797182,"(40.8695471, -73.8797182)"
7775,40.8833713,-73.8595535,"(40.8833713, -73.8595535)"
7776,40.8249455,-73.8205094,"(40.8249455, -73.8205094)"
7777,40.7419723,-73.8411542,"(40.7419723, -73.8411542)"
7778,40.7445614,-73.9307531,"(40.7445614, -73.9307531)"
7779,40.6070191,-73.9628837,"(40.6070191, -73.9628837)"
7780,40.8376538,-73.8999668,"(40.8376538, -73.8999668)"
7781,40.7892055,-73.9548156,"(40.7892055, -73.9548156)"
7782,40.7540925,-73.9920774,"(40.7540925, -73.9920774)"
7783,40.7164784,-73.9928214,"(40.7164784, -73.9928214)"
7784,40.7535158,-73.9887858,"(40.7535158, -73.9887858)"
7785,40.7537872,-73.9320212,"(40.7537872, -73.9320212)"
7786,40.6592308,-73.8932782,"(40.6592308, -73.8932782)"
7787,40.7465505,-73.8649017,"(40.7465505, -73.8649017)"
7788,40.6784553,-73.9496774,"(40.6784553, -73.9496774)"
7789,40.759308,-73.9652931,"(40.759308, -73.9652931)"
7790,40.8651448,-73.8720281,"(40.8651448, -73.8720281)"
7791,40.6286484,-74.0259567,"(40.6286484, -74.0259567)"
7793,40.6265568,-74.1795707,"(40.6265568, -74.1795707)"
7794,40.7881996,-73.9783579,"(40.7881996, -73.9783579)"
7795,40.76226,-73.7569828,"(40.76226, -73.7569828)"
7796,40.700108,-73.8326675,"(40.700108, -73.8326675)"
7797,40.7181415,-73.9552498,"(40.7181415, -73.9552498)"
7798,40.6668795,-73.9012647,"(40.6668795, -73.9012647)"
7799,40.7849752,-73.982638,"(40.7849752, -73.982638)"
7800,40.6667263,-73.9424445,"(40.6667263, -73.9424445)"
7801,40.7651388,-73.8194359,"(40.7651388, -73.8194359)"
7802,40.7629678,-73.9818929,"(40.7629678, -73.9818929)"
7805,40.7313806,-73.9737158,"(40.7313806, -73.9737158)"
7806,40.7582365,-73.9370088,"(40.7582365, -73.9370088)"
7807,40.6241708,-73.9704715,"(40.6241708, -73.9704715)"
7808,40.8550466,-73.8904408,"(40.8550466, -73.8904408)"
7809,40.7264365,-74.0056572,"(40.7264365, -74.0056572)"
7810,40.774292,-73.9512622,"(40.774292, -73.9512622)"
7811,40.6768131,-73.9192363,"(40.6768131, -73.9192363)"
7812,40.7018628,-73.9438243,"(40.7018628, -73.9438243)"
7813,40.7478946,-73.9891656,"(40.7478946, -73.9891656)"
7815,40.7260613,-73.9398064,"(40.7260613, -73.9398064)"
7816,40.7140618,-73.9529114,"(40.7140618, -73.9529114)"
7817,40.6130779,-74.122557,"(40.6130779, -74.122557)"
7818,40.6156473,-73.9178876,"(40.6156473, -73.9178876)"
7819,40.8197478,-73.9142613,"(40.8197478, -73.9142613)"
7821,40.6828756,-73.9144661,"(40.6828756, -73.9144661)"
7822,40.6516055,-74.0105088,"(40.6516055, -74.0105088)"
7823,40.7325834,-73.8680511,"(40.7325834, -73.8680511)"
7824,40.7545534,-73.7431647,"(40.7545534, -73.7431647)"
7825,40.6685789,-73.9867994,"(40.6685789, -73.9867994)"
7826,40.6379657,-73.9818872,"(40.6379657, -73.9818872)"
7827,40.6898634,-73.9514645,"(40.6898634, -73.9514645)"
7828,40.5875048,-73.9513445,"(40.5875048, -73.9513445)"
7829,40.740443,-73.9945943,"(40.740443, -73.9945943)"
7830,40.8423486,-73.8983515,"(40.8423486, -73.8983515)"
7831,40.7076233,-73.9621315,"(40.7076233, -73.9621315)"
7832,40.7090548,-73.9671047,"(40.7090548, -73.9671047)"
7833,40.7242673,-73.9848366,"(40.7242673, -73.9848366)"
7834,40.736669,-73.9973406,"(40.736669, -73.9973406)"
7835,40.7642812,-73.9985813,"(40.7642812, -73.9985813)"
7836,40.650493,-73.8979771,"(40.650493, -73.8979771)"
7837,40.5508155,-74.16571,"(40.5508155, -74.16571)"
7838,40.7647051,-73.8229713,"(40.7647051, -73.8229713)"
7840,40.8525638,-73.8832805,"(40.8525638, -73.8832805)"
7841,40.7494739,-73.7113304,"(40.7494739, -73.7113304)"
7842,40.7715984,-73.9089475,"(40.7715984, -73.9089475)"
7843,40.6437571,-74.0186513,"(40.6437571, -74.0186513)"
7844,40.7186457,-73.7662435,"(40.7186457, -73.7662435)"
7845,40.6892445,-73.9887208,"(40.6892445, -73.9887208)"
7846,40.753791,-73.7442778,"(40.753791, -73.7442778)"
7847,40.7589494,-73.9684806,"(40.7589494, -73.9684806)"
7848,40.6656136,-73.7356712,"(40.6656136, -73.7356712)"
7849,40.7295758,-73.8338215,"(40.7295758, -73.8338215)"
7850,40.7194802,-73.7455622,"(40.7194802, -73.7455622)"
7851,40.763547,-73.9693376,"(40.763547, -73.9693376)"
7852,40.6919944,-73.7611009,"(40.6919944, -73.7611009)"
7854,40.5879671,-73.9543397,"(40.5879671, -73.9543397)"
7855,40.6321502,-74.1652455,"(40.6321502, -74.1652455)"
7856,40.7783467,-73.7949232,"(40.7783467, -73.7949232)"
7858,40.7640141,-73.8812156,"(40.7640141, -73.8812156)"
7859,40.7835674,-73.7773216,"(40.7835674, -73.7773216)"
7860,40.7665729,-73.888456,"(40.7665729, -73.888456)"
7861,40.7140452,-73.9263299,"(40.7140452, -73.9263299)"
7862,40.8327659,-73.9458242,"(40.8327659, -73.9458242)"
7863,40.6487691,-73.9528206,"(40.6487691, -73.9528206)"
7864,40.7639984,-73.9960038,"(40.7639984, -73.9960038)"
7865,40.672643,-73.8728021,"(40.672643, -73.8728021)"
7866,40.6340612,-74.0041073,"(40.6340612, -74.0041073)"
7869,40.7526649,-73.8763164,"(40.7526649, -73.8763164)"
7870,40.7455568,-73.813675,"(40.7455568, -73.813675)"
7871,40.7483655,-73.9804027,"(40.7483655, -73.9804027)"
7872,40.6721508,-73.8431812,"(40.6721508, -73.8431812)"
7873,40.813799,-73.9498605,"(40.813799, -73.9498605)"
7874,40.8624119,-73.9224924,"(40.8624119, -73.9224924)"
7875,40.7608228,-73.9983142,"(40.7608228, -73.9983142)"
7876,40.806469,-73.946438,"(40.806469, -73.946438)"
7877,40.7687291,-73.8705499,"(40.7687291, -73.8705499)"
7878,40.7138774,-73.7540462,"(40.7138774, -73.7540462)"
7879,40.7443167,-73.9584585,"(40.7443167, -73.9584585)"
7880,40.9039335,-73.8479158,"(40.9039335, -73.8479158)"
7881,40.738552,-73.9996824,"(40.738552, -73.9996824)"
7882,40.7509045,-73.9806727,"(40.7509045, -73.9806727)"
7885,40.6509486,-73.9466746,"(40.6509486, -73.9466746)"
7886,40.7129497,-73.906921,"(40.7129497, -73.906921)"
7887,40.822562,-73.8710016,"(40.822562, -73.8710016)"
7888,40.5433352,-74.1642702,"(40.5433352, -74.1642702)"
7889,40.7236503,-73.991024,"(40.7236503, -73.991024)"
7890,40.7347373,-73.8722578,"(40.7347373, -73.8722578)"
7891,40.7496708,-73.9952973,"(40.7496708, -73.9952973)"
7892,40.7616074,-73.9903149,"(40.7616074, -73.9903149)"
7893,40.5806177,-74.1525287,"(40.5806177, -74.1525287)"
7894,40.7447605,-73.9951533,"(40.7447605, -73.9951533)"
7896,40.7139009,-73.9088099,"(40.7139009, -73.9088099)"
7897,40.6774132,-73.9303181,"(40.6774132, -73.9303181)"
7898,40.6649325,-73.8019481,"(40.6649325, -73.8019481)"
7901,40.6071903,-74.1624214,"(40.6071903, -74.1624214)"
7902,40.6010882,-73.9568299,"(40.6010882, -73.9568299)"
7903,40.8315029,-73.8880802,"(40.8315029, -73.8880802)"
7904,40.7380441,-73.9963374,"(40.7380441, -73.9963374)"
7905,40.771865,-73.8733422,"(40.771865, -73.8733422)"
7906,40.843767,-73.8655934,"(40.843767, -73.8655934)"
7907,40.592231,-73.7841347,"(40.592231, -73.7841347)"
7909,40.6251782,-73.961393,"(40.6251782, -73.961393)"
7910,40.7459308,-73.856292,"(40.7459308, -73.856292)"
7911,40.8625812,-73.9253736,"(40.8625812, -73.9253736)"
7912,40.7071535,-73.9314809,"(40.7071535, -73.9314809)"
7914,40.6076551,-74.0170205,"(40.6076551, -74.0170205)"
7915,40.7051887,-73.8000534,"(40.7051887, -73.8000534)"
7916,40.7460347,-73.9344002,"(40.7460347, -73.9344002)"
7917,40.6997084,-73.9571664,"(40.6997084, -73.9571664)"
7918,40.6655149,-73.9263799,"(40.6655149, -73.9263799)"
7919,40.8094083,-73.8802965,"(40.8094083, -73.8802965)"
7921,40.6632937,-73.8747519,"(40.6632937, -73.8747519)"
7922,40.8115084,-73.9464773,"(40.8115084, -73.9464773)"
7923,40.7036676,-73.9268932,"(40.7036676, -73.9268932)"
7924,40.6857966,-73.9116355,"(40.6857966, -73.9116355)"
7926,40.761391,-74.0017363,"(40.761391, -74.0017363)"
7927,40.6534438,-73.9363869,"(40.6534438, -73.9363869)"
7928,40.7514416,-73.9760491,"(40.7514416, -73.9760491)"
7929,40.696629,-73.8122142,"(40.696629, -73.8122142)"
7930,40.6894449,-73.9551212,"(40.6894449, -73.9551212)"
7931,40.7483111,-73.7095345,"(40.7483111, -73.7095345)"
7932,40.7590426,-73.774227,"(40.7590426, -73.774227)"
7933,40.7125975,-73.9988854,"(40.7125975, -73.9988854)"
7934,40.825456,-73.9131663,"(40.825456, -73.9131663)"
7935,40.5612781,-74.198444,"(40.5612781, -74.198444)"
7936,40.7254356,-73.9517381,"(40.7254356, -73.9517381)"
7937,40.7348217,-73.8668523,"(40.7348217, -73.8668523)"
7938,40.5591268,-74.1694734,"(40.5591268, -74.1694734)"
7939,40.7142083,-73.9281658,"(40.7142083, -73.9281658)"
7940,40.6877531,-73.7903844,"(40.6877531, -73.7903844)"
7941,40.7458384,-73.8234076,"(40.7458384, -73.8234076)"
7942,40.6229579,-73.9372265,"(40.6229579, -73.9372265)"
7943,40.841262,-73.9280394,"(40.841262, -73.9280394)"
7944,40.6385239,-73.9731855,"(40.6385239, -73.9731855)"
7945,40.6133395,-74.1191826,"(40.6133395, -74.1191826)"
7946,40.6675071,-73.8800645,"(40.6675071, -73.8800645)"
7947,40.7504936,-73.9717112,"(40.7504936, -73.9717112)"
7949,40.6959506,-73.8623681,"(40.6959506, -73.8623681)"
7950,40.753928,-73.9976034,"(40.753928, -73.9976034)"
7951,40.5652551,-74.1300887,"(40.5652551, -74.1300887)"
7953,40.737225,-73.8756955,"(40.737225, -73.8756955)"
7955,40.731779,-73.7701087,"(40.731779, -73.7701087)"
7956,40.6844232,-73.978388,"(40.6844232, -73.978388)"
7957,40.676144,-73.8930673,"(40.676144, -73.8930673)"
7958,40.7446279,-73.9852433,"(40.7446279, -73.9852433)"
7959,40.6680206,-73.9589278,"(40.6680206, -73.9589278)"
7960,40.6063818,-73.7547087,"(40.6063818, -73.7547087)"
7961,40.7952919,-73.8138898,"(40.7952919, -73.8138898)"
7963,40.7925479,-73.9410356,"(40.7925479, -73.9410356)"
7964,40.5935264,-73.9962647,"(40.5935264, -73.9962647)"
7965,40.7557604,-73.7393814,"(40.7557604, -73.7393814)"
7966,40.6407408,-74.0813073,"(40.6407408, -74.0813073)"
7967,40.7185558,-73.9882,"(40.7185558, -73.9882)"
7968,40.7038229,-73.8087892,"(40.7038229, -73.8087892)"
7970,40.7698899,-73.8804502,"(40.7698899, -73.8804502)"
7971,40.7199104,-73.8090389,"(40.7199104, -73.8090389)"
7973,40.7863977,-73.8059253,"(40.7863977, -73.8059253)"
7974,40.8653123,-73.9033237,"(40.8653123, -73.9033237)"
7976,40.6308078,-73.9233054,"(40.6308078, -73.9233054)"
7977,40.7852936,-73.9693348,"(40.7852936, -73.9693348)"
7978,40.8101939,-73.8863134,"(40.8101939, -73.8863134)"
7979,40.7685442,-73.9656926,"(40.7685442, -73.9656926)"
7981,40.7599831,-73.9648018,"(40.7599831, -73.9648018)"
7982,40.7150643,-73.9421611,"(40.7150643, -73.9421611)"
7983,40.8322167,-73.9034332,"(40.8322167, -73.9034332)"
7984,40.7162751,-73.879075,"(40.7162751, -73.879075)"
7985,40.6605095,-73.9628143,"(40.6605095, -73.9628143)"
7986,40.6073017,-73.9197094,"(40.6073017, -73.9197094)"
7987,40.6862336,-74.0004462,"(40.6862336, -74.0004462)"
7988,40.8739658,-73.9027507,"(40.8739658, -73.9027507)"
7989,40.6991055,-73.8027692,"(40.6991055, -73.8027692)"
7990,40.7128656,-73.9047713,"(40.7128656, -73.9047713)"
7991,40.8843999,-73.8523726,"(40.8843999, -73.8523726)"
7992,40.6022727,-73.7533553,"(40.6022727, -73.7533553)"
7993,40.8454299,-73.9139752,"(40.8454299, -73.9139752)"
7995,40.6038029,-73.9759688,"(40.6038029, -73.9759688)"
7996,40.7717376,-73.961243,"(40.7717376, -73.961243)"
7997,40.834597,-73.8610116,"(40.834597, -73.8610116)"
7998,40.8948734,-73.8565596,"(40.8948734, -73.8565596)"
7999,40.8614639,-73.9249989,"(40.8614639, -73.9249989)"
8000,40.8209858,-73.8916133,"(40.8209858, -73.8916133)"
8002,40.6728529,-73.9733844,"(40.6728529, -73.9733844)"
8003,40.8554321,-73.8438733,"(40.8554321, -73.8438733)"
8004,40.6633603,-73.9597381,"(40.6633603, -73.9597381)"
8005,40.8272005,-73.9366797,"(40.8272005, -73.9366797)"
8006,40.7816842,-73.8459383,"(40.7816842, -73.8459383)"
8007,40.654068,-74.0009947,"(40.654068, -74.0009947)"
8008,40.6151524,-74.0020315,"(40.6151524, -74.0020315)"
8009,40.685846,-73.9473101,"(40.685846, -73.9473101)"
8010,40.7227228,-73.9941519,"(40.7227228, -73.9941519)"
8011,40.7153053,-73.9604353,"(40.7153053, -73.9604353)"
8012,40.7090991,-73.9962116,"(40.7090991, -73.9962116)"
8013,40.7876856,-73.9750141,"(40.7876856, -73.9750141)"
8014,40.8269163,-73.8720302,"(40.8269163, -73.8720302)"
8015,40.9044739,-73.9071484,"(40.9044739, -73.9071484)"
8016,40.6448799,-74.0174913,"(40.6448799, -74.0174913)"
8017,40.7408961,-73.8996069,"(40.7408961, -73.8996069)"
8018,40.7424052,-73.7534717,"(40.7424052, -73.7534717)"
8019,40.8429388,-73.8953797,"(40.8429388, -73.8953797)"
8020,40.6361331,-73.9727361,"(40.6361331, -73.9727361)"
8021,40.7170347,-73.8220852,"(40.7170347, -73.8220852)"
8022,40.6454575,-74.0063674,"(40.6454575, -74.0063674)"
8023,40.7547072,-73.9916334,"(40.7547072, -73.9916334)"
8025,40.7626784,-73.9543321,"(40.7626784, -73.9543321)"
8026,40.7352933,-73.9878182,"(40.7352933, -73.9878182)"
8027,40.7113923,-74.0085993,"(40.7113923, -74.0085993)"
8028,40.7015733,-73.9312919,"(40.7015733, -73.9312919)"
8029,40.7647112,-73.8306857,"(40.7647112, -73.8306857)"
8030,40.690566,-73.9453483,"(40.690566, -73.9453483)"
8031,40.5760496,-73.973027,"(40.5760496, -73.973027)"
8032,40.7617894,-73.9574405,"(40.7617894, -73.9574405)"
8033,40.7586919,-73.9114883,"(40.7586919, -73.9114883)"
8034,40.7422352,-73.9932914,"(40.7422352, -73.9932914)"
8035,40.6152019,-74.1786812,"(40.6152019, -74.1786812)"
8036,40.7236259,-74.0047875,"(40.7236259, -74.0047875)"
8037,40.6405826,-73.9557162,"(40.6405826, -73.9557162)"
8038,40.6197146,-73.9445166,"(40.6197146, -73.9445166)"
8039,40.7877918,-73.9712223,"(40.7877918, -73.9712223)"
8040,40.7197624,-73.9447576,"(40.7197624, -73.9447576)"
8041,40.8631133,-73.9206117,"(40.8631133, -73.9206117)"
8042,40.839178,-73.9411352,"(40.839178, -73.9411352)"
8043,40.7336872,-73.92395,"(40.7336872, -73.92395)"
8045,40.7291862,-73.9872492,"(40.7291862, -73.9872492)"
8046,40.7314251,-73.9464009,"(40.7314251, -73.9464009)"
8047,40.5822908,-74.169057,"(40.5822908, -74.169057)"
8048,40.6556338,-73.9598617,"(40.6556338, -73.9598617)"
8049,40.7249516,-73.9949094,"(40.7249516, -73.9949094)"
8050,40.7098244,-74.0148247,"(40.7098244, -74.0148247)"
8051,40.8288365,-73.8216118,"(40.8288365, -73.8216118)"
8053,40.5958049,-73.7646462,"(40.5958049, -73.7646462)"
8055,40.5889546,-74.1675905,"(40.5889546, -74.1675905)"
8058,40.7434293,-73.9961278,"(40.7434293, -73.9961278)"
8059,40.7852471,-73.9535039,"(40.7852471, -73.9535039)"
8061,40.7130638,-73.9089048,"(40.7130638, -73.9089048)"
8062,40.7489334,-73.951638,"(40.7489334, -73.951638)"
8063,40.6686479,-73.9283482,"(40.6686479, -73.9283482)"
8064,40.7520753,-73.7210967,"(40.7520753, -73.7210967)"
8065,40.6226147,-73.986668,"(40.6226147, -73.986668)"
8067,40.761276,-73.9557002,"(40.761276, -73.9557002)"
8069,40.7217925,-73.9998521,"(40.7217925, -73.9998521)"
8070,40.8412779,-73.8635817,"(40.8412779, -73.8635817)"
8071,40.7412355,-73.8457263,"(40.7412355, -73.8457263)"
8072,40.7175904,-73.9499473,"(40.7175904, -73.9499473)"
8074,40.7476292,-73.9767362,"(40.7476292, -73.9767362)"
8075,40.7199041,-74.002601,"(40.7199041, -74.002601)"
8076,40.6385777,-73.9041314,"(40.6385777, -73.9041314)"
8077,40.7644907,-73.9303642,"(40.7644907, -73.9303642)"
8080,40.7525939,-73.8292945,"(40.7525939, -73.8292945)"
8082,40.7107357,-73.9618087,"(40.7107357, -73.9618087)"
8083,40.76132,-73.9170907,"(40.76132, -73.9170907)"
8084,40.6528558,-73.9459054,"(40.6528558, -73.9459054)"
8085,40.7768989,-73.9754586,"(40.7768989, -73.9754586)"
8086,40.7250834,-73.9953279,"(40.7250834, -73.9953279)"
8087,40.7260539,-73.9835337,"(40.7260539, -73.9835337)"
8088,40.6434847,-73.9449004,"(40.6434847, -73.9449004)"
8089,40.665256,-73.7353338,"(40.665256, -73.7353338)"
8091,40.6148313,-73.998372,"(40.6148313, -73.998372)"
8092,40.6377027,-74.1045688,"(40.6377027, -74.1045688)"
8093,40.6882933,-73.8318534,"(40.6882933, -73.8318534)"
8094,40.7610212,-73.8882564,"(40.7610212, -73.8882564)"
8095,40.6655483,-73.9536882,"(40.6655483, -73.9536882)"
8096,40.6761315,-73.9219014,"(40.6761315, -73.9219014)"
8097,40.6528029,-73.8638822,"(40.6528029, -73.8638822)"
8099,40.7738755,-73.9822257,"(40.7738755, -73.9822257)"
8100,40.676121,-73.9359976,"(40.676121, -73.9359976)"
8101,40.6107459,-74.063666,"(40.6107459, -74.063666)"
8102,40.7519423,-73.8322954,"(40.7519423, -73.8322954)"
8103,40.8733955,-73.9067,"(40.8733955, -73.9067)"
8104,40.6958092,-73.766255,"(40.6958092, -73.766255)"
8105,40.7056927,-74.003572,"(40.7056927, -74.003572)"
8106,40.7606005,-73.9643142,"(40.7606005, -73.9643142)"
8107,40.6898418,-73.8500701,"(40.6898418, -73.8500701)"
8108,40.7759769,-73.8277795,"(40.7759769, -73.8277795)"
8109,40.7750017,-73.9630861,"(40.7750017, -73.9630861)"
8110,40.85395,-73.8480121,"(40.85395, -73.8480121)"
8111,40.7522807,-73.9896919,"(40.7522807, -73.9896919)"
8112,40.8758744,-73.8498857,"(40.8758744, -73.8498857)"
8113,40.6732927,-73.9570211,"(40.6732927, -73.9570211)"
8114,40.6659692,-73.9285998,"(40.6659692, -73.9285998)"
8116,40.7511221,-73.9712634,"(40.7511221, -73.9712634)"
8117,40.6718727,-73.9546355,"(40.6718727, -73.9546355)"
8118,40.7902945,-73.9693903,"(40.7902945, -73.9693903)"
8119,40.6195715,-73.9335375,"(40.6195715, -73.9335375)"
8120,40.7633659,-73.982817,"(40.7633659, -73.982817)"
8121,40.8617006,-73.8913807,"(40.8617006, -73.8913807)"
8122,40.7140687,-73.9975038,"(40.7140687, -73.9975038)"
8124,40.6812303,-73.7363989,"(40.6812303, -73.7363989)"
8125,40.6950653,-73.7772565,"(40.6950653, -73.7772565)"
8126,40.7489156,-73.9373965,"(40.7489156, -73.9373965)"
8127,40.7034339,-73.740502,"(40.7034339, -73.740502)"
8128,40.5676287,-74.1126115,"(40.5676287, -74.1126115)"
8130,40.6685698,-73.9182622,"(40.6685698, -73.9182622)"
8131,40.6841576,-73.9690604,"(40.6841576, -73.9690604)"
8132,40.8670152,-73.9231089,"(40.8670152, -73.9231089)"
8133,40.7339885,-73.9522587,"(40.7339885, -73.9522587)"
8134,40.8507741,-73.9354247,"(40.8507741, -73.9354247)"
8135,40.6209768,-74.025363,"(40.6209768, -74.025363)"
8137,40.6528558,-73.9459054,"(40.6528558, -73.9459054)"
8138,40.7477648,-73.9829581,"(40.7477648, -73.9829581)"
8139,40.7371625,-73.8640475,"(40.7371625, -73.8640475)"
8140,40.6920516,-73.9825396,"(40.6920516, -73.9825396)"
8142,40.6366868,-73.941285,"(40.6366868, -73.941285)"
8143,40.6016379,-73.9518348,"(40.6016379, -73.9518348)"
8144,40.7000723,-73.9541223,"(40.7000723, -73.9541223)"
8145,40.7588717,-73.8206369,"(40.7588717, -73.8206369)"
8146,40.7076949,-74.0102002,"(40.7076949, -74.0102002)"
8147,40.8696942,-73.8662062,"(40.8696942, -73.8662062)"
8148,40.6944569,-73.9988741,"(40.6944569, -73.9988741)"
8149,40.619465,-74.0228769,"(40.619465, -74.0228769)"
8151,40.7966809,-73.9349137,"(40.7966809, -73.9349137)"
8152,40.702713,-73.9373173,"(40.702713, -73.9373173)"
8153,40.5895638,-73.9595125,"(40.5895638, -73.9595125)"
8154,40.733743,-74.0062928,"(40.733743, -74.0062928)"
8155,40.7478537,-73.9929082,"(40.7478537, -73.9929082)"
8156,40.6313368,-74.1477881,"(40.6313368, -74.1477881)"
8157,40.7122089,-73.9807128,"(40.7122089, -73.9807128)"
8158,40.8678804,-73.8930012,"(40.8678804, -73.8930012)"
8159,40.6441971,-73.9546652,"(40.6441971, -73.9546652)"
8160,40.7193491,-73.8426228,"(40.7193491, -73.8426228)"
8161,40.7390577,-73.86286,"(40.7390577, -73.86286)"
8163,40.6371985,-74.1256495,"(40.6371985, -74.1256495)"
8164,40.6521914,-73.7320736,"(40.6521914, -73.7320736)"
8165,40.7142298,-73.8164536,"(40.7142298, -73.8164536)"
8166,40.610216,-74.1201957,"(40.610216, -74.1201957)"
8167,40.6244109,-74.1770146,"(40.6244109, -74.1770146)"
8168,40.6661719,-73.7626389,"(40.6661719, -73.7626389)"
8169,40.8733642,-73.8870877,"(40.8733642, -73.8870877)"
8170,40.8007925,-73.9349169,"(40.8007925, -73.9349169)"
8171,40.6416092,-73.9635563,"(40.6416092, -73.9635563)"
8172,40.6907986,-73.9563571,"(40.6907986, -73.9563571)"
8173,40.758981,-73.9959428,"(40.758981, -73.9959428)"
8174,40.8285818,-73.8791708,"(40.8285818, -73.8791708)"
8175,40.6121211,-73.9190085,"(40.6121211, -73.9190085)"
8176,40.8891934,-73.8312982,"(40.8891934, -73.8312982)"
8177,40.6804767,-73.9222785,"(40.6804767, -73.9222785)"
8178,40.8537234,-73.9286911,"(40.8537234, -73.9286911)"
8179,40.7556569,-73.8844393,"(40.7556569, -73.8844393)"
8181,40.6246549,-73.9993192,"(40.6246549, -73.9993192)"
8182,40.8815498,-73.9064933,"(40.8815498, -73.9064933)"
8183,40.6315744,-73.9954605,"(40.6315744, -73.9954605)"
8184,40.5498825,-74.1674169,"(40.5498825, -74.1674169)"
8186,40.71728,-73.9954294,"(40.71728, -73.9954294)"
8187,40.7151446,-73.95637,"(40.7151446, -73.95637)"
8188,40.6320672,-73.9186024,"(40.6320672, -73.9186024)"
8194,40.6306327,-74.0092229,"(40.6306327, -74.0092229)"
8195,40.6368362,-74.1569376,"(40.6368362, -74.1569376)"
8196,40.8544707,-73.9100739,"(40.8544707, -73.9100739)"
8197,40.7098244,-74.0148247,"(40.7098244, -74.0148247)"
8198,40.6471153,-73.9433731,"(40.6471153, -73.9433731)"
8199,40.8905464,-73.8408684,"(40.8905464, -73.8408684)"
8201,40.5547731,-74.1170125,"(40.5547731, -74.1170125)"
8202,40.5862074,-73.934164,"(40.5862074, -73.934164)"
8203,40.6235929,-73.9757996,"(40.6235929, -73.9757996)"
8204,40.7624333,-73.8424668,"(40.7624333, -73.8424668)"
8205,40.7365766,-73.8540497,"(40.7365766, -73.8540497)"
8206,40.7581766,-73.924054,"(40.7581766, -73.924054)"
8207,40.838846,-73.8781619,"(40.838846, -73.8781619)"
8208,40.7914974,-73.9722319,"(40.7914974, -73.9722319)"
8209,40.6195715,-73.9335375,"(40.6195715, -73.9335375)"
8210,40.6899173,-73.7778939,"(40.6899173, -73.7778939)"
8211,40.7909397,-73.9472305,"(40.7909397, -73.9472305)"
8213,40.8101738,-73.9511673,"(40.8101738, -73.9511673)"
8214,40.5881398,-73.931783,"(40.5881398, -73.931783)"
8215,40.7624116,-73.9544246,"(40.7624116, -73.9544246)"
8216,40.8550466,-73.8904408,"(40.8550466, -73.8904408)"
8217,40.7679171,-73.9857147,"(40.7679171, -73.9857147)"
8218,40.6851915,-73.9770284,"(40.6851915, -73.9770284)"
8219,40.8970362,-73.9148054,"(40.8970362, -73.9148054)"
8220,40.7625764,-73.8017871,"(40.7625764, -73.8017871)"
8221,40.7526196,-73.9670687,"(40.7526196, -73.9670687)"
8222,40.6896864,-73.7409666,"(40.6896864, -73.7409666)"
8223,40.7534818,-73.9808885,"(40.7534818, -73.9808885)"
8225,40.6938865,-73.9992355,"(40.6938865, -73.9992355)"
8226,40.7006626,-73.9877415,"(40.7006626, -73.9877415)"
8227,40.7366908,-73.9931187,"(40.7366908, -73.9931187)"
8228,40.7628993,-73.7949382,"(40.7628993, -73.7949382)"
8230,40.7646168,-73.9583231,"(40.7646168, -73.9583231)"
8231,40.781688,-73.9489603,"(40.781688, -73.9489603)"
8232,40.790734,-73.8145598,"(40.790734, -73.8145598)"
8233,40.7269306,-73.9966591,"(40.7269306, -73.9966591)"
8235,40.6008436,-73.9381116,"(40.6008436, -73.9381116)"
8237,40.6328856,-73.9476978,"(40.6328856, -73.9476978)"
8238,40.7272875,-74.0006314,"(40.7272875, -74.0006314)"
8239,40.6775904,-73.7447811,"(40.6775904, -73.7447811)"
8240,40.8771397,-73.8752676,"(40.8771397, -73.8752676)"
8241,40.7660449,-73.983365,"(40.7660449, -73.983365)"
8242,40.6754368,-73.9779583,"(40.6754368, -73.9779583)"
8243,40.8793216,-73.8697937,"(40.8793216, -73.8697937)"
8244,40.7565272,-73.994019,"(40.7565272, -73.994019)"
8245,40.671645,-73.9625737,"(40.671645, -73.9625737)"
8246,40.694813,-73.9832638,"(40.694813, -73.9832638)"
8248,40.6393194,-73.9367931,"(40.6393194, -73.9367931)"
8249,40.7552245,-73.9613401,"(40.7552245, -73.9613401)"
8250,40.8750199,-73.8186057,"(40.8750199, -73.8186057)"
8251,40.6791872,-74.0156543,"(40.6791872, -74.0156543)"
8252,40.8234208,-73.8682757,"(40.8234208, -73.8682757)"
8253,40.6394461,-74.0269518,"(40.6394461, -74.0269518)"
8254,40.7577007,-73.9693944,"(40.7577007, -73.9693944)"
8255,40.5830298,-74.1038423,"(40.5830298, -74.1038423)"
8256,40.7816671,-73.9866887,"(40.7816671, -73.9866887)"
8257,40.7210624,-73.9981962,"(40.7210624, -73.9981962)"
8258,40.545212,-74.1608135,"(40.545212, -74.1608135)"
8259,40.7641132,-73.9884952,"(40.7641132, -73.9884952)"
8260,40.8355193,-73.8611145,"(40.8355193, -73.8611145)"
8261,40.8764759,-73.9044863,"(40.8764759, -73.9044863)"
8262,40.7670567,-73.8969321,"(40.7670567, -73.8969321)"
8263,40.8337595,-73.8192136,"(40.8337595, -73.8192136)"
8264,40.7476292,-73.9767362,"(40.7476292, -73.9767362)"
8265,40.8150304,-73.8614824,"(40.8150304, -73.8614824)"
8266,40.6245204,-73.9974855,"(40.6245204, -73.9974855)"
8267,40.6858944,-73.8652337,"(40.6858944, -73.8652337)"
8268,40.7467703,-73.8482681,"(40.7467703, -73.8482681)"
8269,40.709689,-73.9912506,"(40.709689, -73.9912506)"
8270,40.6635186,-73.9572076,"(40.6635186, -73.9572076)"
8272,40.6808708,-73.9988751,"(40.6808708, -73.9988751)"
8273,40.6056754,-73.9669612,"(40.6056754, -73.9669612)"
8274,40.6799355,-73.9138822,"(40.6799355, -73.9138822)"
8275,40.5911027,-73.9651429,"(40.5911027, -73.9651429)"
8276,40.8574269,-73.8911057,"(40.8574269, -73.8911057)"
8277,40.703227,-73.8205377,"(40.703227, -73.8205377)"
8278,40.8209797,-73.8938751,"(40.8209797, -73.8938751)"
8280,40.632206,-73.9095988,"(40.632206, -73.9095988)"
8281,40.7101668,-73.7320643,"(40.7101668, -73.7320643)"
8282,40.8196298,-73.9460661,"(40.8196298, -73.9460661)"
8284,40.6751087,-73.8097836,"(40.6751087, -73.8097836)"
8285,40.8355729,-73.8622924,"(40.8355729, -73.8622924)"
8286,40.742567,-73.7033452,"(40.742567, -73.7033452)"
8287,40.510817,-74.241981,"(40.510817, -74.241981)"
8288,40.6558328,-73.839046,"(40.6558328, -73.839046)"
8289,40.6229579,-73.9372265,"(40.6229579, -73.9372265)"
8290,40.7288339,-73.8247515,"(40.7288339, -73.8247515)"
8291,40.5947627,-73.9819782,"(40.5947627, -73.9819782)"
8292,40.8443435,-73.9147428,"(40.8443435, -73.9147428)"
8293,40.7240986,-73.9509778,"(40.7240986, -73.9509778)"
8294,40.6441204,-73.98906,"(40.6441204, -73.98906)"
8295,40.6393047,-73.9589671,"(40.6393047, -73.9589671)"
8297,40.7048304,-73.9663241,"(40.7048304, -73.9663241)"
8298,40.6141271,-74.1454917,"(40.6141271, -74.1454917)"
8300,40.6824939,-73.9796145,"(40.6824939, -73.9796145)"
8301,40.6071903,-74.1624214,"(40.6071903, -74.1624214)"
8302,40.5803434,-73.8415319,"(40.5803434, -73.8415319)"
8303,40.6808106,-73.8451979,"(40.6808106, -73.8451979)"
8304,40.7051481,-73.7956894,"(40.7051481, -73.7956894)"
8305,40.8037448,-73.9558605,"(40.8037448, -73.9558605)"
8307,40.8762797,-73.8600783,"(40.8762797, -73.8600783)"
8308,40.712504,-73.8469422,"(40.712504, -73.8469422)"
8309,40.6119531,-73.9681646,"(40.6119531, -73.9681646)"
8310,40.7140687,-73.9975038,"(40.7140687, -73.9975038)"
8312,40.7225157,-73.7333134,"(40.7225157, -73.7333134)"
8313,40.7764533,-73.9016619,"(40.7764533, -73.9016619)"
8314,40.8333663,-73.8513801,"(40.8333663, -73.8513801)"
8316,40.5967567,-73.9334126,"(40.5967567, -73.9334126)"
8317,40.6821057,-73.9090552,"(40.6821057, -73.9090552)"
8319,40.8701594,-73.8909872,"(40.8701594, -73.8909872)"
8321,40.7573389,-73.986013,"(40.7573389, -73.986013)"
8322,40.6794843,-73.9328974,"(40.6794843, -73.9328974)"
8323,40.7522807,-73.9896919,"(40.7522807, -73.9896919)"
8324,40.6148138,-74.0294019,"(40.6148138, -74.0294019)"
8325,40.7199533,-73.8134147,"(40.7199533, -73.8134147)"
8326,40.7042501,-74.0115702,"(40.7042501, -74.0115702)"
8327,40.7563515,-74.0054034,"(40.7563515, -74.0054034)"
8328,40.7599831,-73.9648018,"(40.7599831, -73.9648018)"
8329,40.6381209,-74.0247534,"(40.6381209, -74.0247534)"
8330,40.6933965,-73.7889315,"(40.6933965, -73.7889315)"
8331,40.6179234,-74.1557765,"(40.6179234, -74.1557765)"
8332,40.5792684,-73.9533413,"(40.5792684, -73.9533413)"
8333,40.6347404,-74.1111755,"(40.6347404, -74.1111755)"
8334,40.8928522,-73.8556633,"(40.8928522, -73.8556633)"
8335,40.8494529,-73.9059999,"(40.8494529, -73.9059999)"
8336,40.6558328,-73.839046,"(40.6558328, -73.839046)"
8337,40.7692226,-73.967306,"(40.7692226, -73.967306)"
8338,40.8280484,-73.8635727,"(40.8280484, -73.8635727)"
8339,40.8363929,-73.9158697,"(40.8363929, -73.9158697)"
8341,40.8583759,-73.896364,"(40.8583759, -73.896364)"
8342,40.640239,-73.9194608,"(40.640239, -73.9194608)"
8343,40.7098978,-73.8703215,"(40.7098978, -73.8703215)"
8344,40.6206882,-74.1100138,"(40.6206882, -74.1100138)"
8345,40.5191263,-74.197135,"(40.5191263, -74.197135)"
8346,40.7663521,-73.873013,"(40.7663521, -73.873013)"
8347,40.7422546,-74.0007037,"(40.7422546, -74.0007037)"
8348,40.7686469,-73.9698262,"(40.7686469, -73.9698262)"
8349,40.6731168,-73.8876141,"(40.6731168, -73.8876141)"
8350,40.7437832,-73.9735076,"(40.7437832, -73.9735076)"
8351,40.665837,-73.9425282,"(40.665837, -73.9425282)"
8353,40.707655,-73.9398375,"(40.707655, -73.9398375)"
8354,40.7829112,-73.9857705,"(40.7829112, -73.9857705)"
8355,40.7583771,-73.9943762,"(40.7583771, -73.9943762)"
8356,40.668669,-73.8683145,"(40.668669, -73.8683145)"
8357,40.6739972,-73.9278414,"(40.6739972, -73.9278414)"
8358,40.8133899,-73.9562587,"(40.8133899, -73.9562587)"
8359,40.6951153,-73.9118611,"(40.6951153, -73.9118611)"
8360,40.5105181,-74.2482769,"(40.5105181, -74.2482769)"
8362,40.7821423,-73.8248379,"(40.7821423, -73.8248379)"
8363,40.7260685,-73.9088906,"(40.7260685, -73.9088906)"
8364,40.6356495,-74.0768767,"(40.6356495, -74.0768767)"
8365,40.7197501,-73.9921609,"(40.7197501, -73.9921609)"
8366,40.7474405,-73.8857889,"(40.7474405, -73.8857889)"
8367,40.7584871,-73.9751333,"(40.7584871, -73.9751333)"
8369,40.7305643,-73.9905071,"(40.7305643, -73.9905071)"
8372,40.6902385,-73.9943603,"(40.6902385, -73.9943603)"
8373,40.8574211,-73.8999552,"(40.8574211, -73.8999552)"
8374,40.7556481,-73.94205,"(40.7556481, -73.94205)"
8375,40.8571285,-73.8807926,"(40.8571285, -73.8807926)"
8376,40.7564521,-73.9703154,"(40.7564521, -73.9703154)"
8378,40.5740047,-73.989687,"(40.5740047, -73.989687)"
8379,40.7390961,-73.9176128,"(40.7390961, -73.9176128)"
8380,40.6829686,-73.8282324,"(40.6829686, -73.8282324)"
8381,40.6845131,-73.9093801,"(40.6845131, -73.9093801)"
8382,40.7236503,-73.991024,"(40.7236503, -73.991024)"
8384,40.6159289,-74.0874148,"(40.6159289, -74.0874148)"
8385,40.5935526,-73.9846394,"(40.5935526, -73.9846394)"
8386,40.85214,-73.9206971,"(40.85214, -73.9206971)"
8387,40.846153,-73.9323244,"(40.846153, -73.9323244)"
8388,40.6600522,-73.9174184,"(40.6600522, -73.9174184)"
8389,40.766886,-73.823951,"(40.766886, -73.823951)"
8390,40.7596798,-73.8323482,"(40.7596798, -73.8323482)"
8391,40.6750723,-73.7889246,"(40.6750723, -73.7889246)"
8392,40.6368038,-73.9394113,"(40.6368038, -73.9394113)"
8393,40.6637286,-73.9538481,"(40.6637286, -73.9538481)"
8394,40.6940131,-73.8071297,"(40.6940131, -73.8071297)"
8395,40.6685062,-73.9256052,"(40.6685062, -73.9256052)"
8396,40.6833327,-73.9561132,"(40.6833327, -73.9561132)"
8397,40.749824,-73.9722023,"(40.749824, -73.9722023)"
8398,40.645629,-73.8889001,"(40.645629, -73.8889001)"
8399,40.7373607,-73.996839,"(40.7373607, -73.996839)"
8400,40.8142683,-73.9129533,"(40.8142683, -73.9129533)"
8401,40.6585778,-73.8906229,"(40.6585778, -73.8906229)"
8402,40.7327574,-73.9900269,"(40.7327574, -73.9900269)"
8403,40.7463333,-73.8963254,"(40.7463333, -73.8963254)"
8404,40.8310013,-73.8265168,"(40.8310013, -73.8265168)"
8405,40.7223002,-73.9971211,"(40.7223002, -73.9971211)"
8407,40.6840532,-73.981561,"(40.6840532, -73.981561)"
8408,40.7135539,-73.9808531,"(40.7135539, -73.9808531)"
8411,40.8091071,-73.9228869,"(40.8091071, -73.9228869)"
8412,40.6962166,-73.7435918,"(40.6962166, -73.7435918)"
8413,40.7527828,-73.8549779,"(40.7527828, -73.8549779)"
8414,40.7397514,-74.0025224,"(40.7397514, -74.0025224)"
8415,40.5876183,-73.936554,"(40.5876183, -73.936554)"
8416,40.7191331,-73.9763565,"(40.7191331, -73.9763565)"
8417,40.6541552,-73.8386356,"(40.6541552, -73.8386356)"
8418,40.8675505,-73.8615031,"(40.8675505, -73.8615031)"
8419,40.7678891,-73.9815125,"(40.7678891, -73.9815125)"
8420,40.6831278,-73.9791852,"(40.6831278, -73.9791852)"
8421,40.6575246,-73.9105484,"(40.6575246, -73.9105484)"
8422,40.8139415,-73.8901689,"(40.8139415, -73.8901689)"
8423,40.8712878,-73.8802357,"(40.8712878, -73.8802357)"
8424,40.7117175,-73.7902153,"(40.7117175, -73.7902153)"
8425,40.8972514,-73.8552487,"(40.8972514, -73.8552487)"
8426,40.7730328,-73.9821971,"(40.7730328, -73.9821971)"
8427,40.7353901,-73.9751095,"(40.7353901, -73.9751095)"
8428,40.7332923,-73.9871799,"(40.7332923, -73.9871799)"
8429,40.8269812,-73.8307911,"(40.8269812, -73.8307911)"
8430,40.862735,-73.9033202,"(40.862735, -73.9033202)"
8431,40.6463689,-74.0018342,"(40.6463689, -74.0018342)"
8432,40.8751963,-73.8885563,"(40.8751963, -73.8885563)"
8433,40.8182291,-73.9167886,"(40.8182291, -73.9167886)"
8434,40.6169975,-74.0655342,"(40.6169975, -74.0655342)"
8435,40.7972603,-73.9405186,"(40.7972603, -73.9405186)"
8436,40.6777079,-73.9858602,"(40.6777079, -73.9858602)"
8438,40.8523415,-73.9252516,"(40.8523415, -73.9252516)"
8439,40.6735712,-73.7335235,"(40.6735712, -73.7335235)"
8440,40.7602226,-73.967462,"(40.7602226, -73.967462)"
8441,40.8623094,-73.9098681,"(40.8623094, -73.9098681)"
8443,40.693211,-73.912556,"(40.693211, -73.912556)"
8444,40.7980656,-73.9755308,"(40.7980656, -73.9755308)"
8445,40.6876733,-73.8702746,"(40.6876733, -73.8702746)"
8446,40.7005823,-73.8077418,"(40.7005823, -73.8077418)"
8447,40.585343,-73.9415539,"(40.585343, -73.9415539)"
8448,40.6984351,-73.9033565,"(40.6984351, -73.9033565)"
8450,40.5757147,-73.9630091,"(40.5757147, -73.9630091)"
8451,40.7260468,-73.8240012,"(40.7260468, -73.8240012)"
8452,40.8251381,-73.9513948,"(40.8251381, -73.9513948)"
8453,40.5987611,-73.9779332,"(40.5987611, -73.9779332)"
8454,40.6757537,-73.971422,"(40.6757537, -73.971422)"
8455,40.5999092,-73.9466325,"(40.5999092, -73.9466325)"
8456,40.6176447,-74.0030257,"(40.6176447, -74.0030257)"
8457,40.8412963,-73.8827871,"(40.8412963, -73.8827871)"
8458,40.600135,-74.1130228,"(40.600135, -74.1130228)"
8459,40.7831914,-73.9844512,"(40.7831914, -73.9844512)"
8460,40.7139737,-73.979962,"(40.7139737, -73.979962)"
8461,40.8934115,-73.8573621,"(40.8934115, -73.8573621)"
8463,40.6678494,-73.9940342,"(40.6678494, -73.9940342)"
8464,40.8297535,-73.8737303,"(40.8297535, -73.8737303)"
8465,40.8082617,-73.9188059,"(40.8082617, -73.9188059)"
8466,40.7323234,-73.9546088,"(40.7323234, -73.9546088)"
8467,40.6412326,-73.9084047,"(40.6412326, -73.9084047)"
8468,40.7484685,-73.9924606,"(40.7484685, -73.9924606)"
8469,40.8672579,-73.9293418,"(40.8672579, -73.9293418)"
8470,40.6138389,-73.9814363,"(40.6138389, -73.9814363)"
8471,40.6397083,-74.1390833,"(40.6397083, -74.1390833)"
8472,40.7631284,-73.8312493,"(40.7631284, -73.8312493)"
8473,40.7359534,-73.7147376,"(40.7359534, -73.7147376)"
8474,40.6721508,-73.8431812,"(40.6721508, -73.8431812)"
8475,40.7363624,-73.7931038,"(40.7363624, -73.7931038)"
8476,40.6175896,-73.9638107,"(40.6175896, -73.9638107)"
8478,40.6951321,-73.8123031,"(40.6951321, -73.8123031)"
8479,40.7091579,-73.8410666,"(40.7091579, -73.8410666)"
8480,40.7291862,-73.9872492,"(40.7291862, -73.9872492)"
8481,40.7387549,-74.0054958,"(40.7387549, -74.0054958)"
8482,40.727873,-73.9291223,"(40.727873, -73.9291223)"
8484,40.7533873,-73.996304,"(40.7533873, -73.996304)"
8485,40.8588491,-73.8859519,"(40.8588491, -73.8859519)"
8486,40.5645369,-74.1316997,"(40.5645369, -74.1316997)"
8487,40.7477508,-73.9808504,"(40.7477508, -73.9808504)"
8488,40.7420646,-73.8245213,"(40.7420646, -73.8245213)"
8489,40.6346161,-74.0235199,"(40.6346161, -74.0235199)"
8490,40.6148713,-73.8216397,"(40.6148713, -73.8216397)"
8491,40.6885849,-73.8044699,"(40.6885849, -73.8044699)"
8492,40.8452223,-73.8661181,"(40.8452223, -73.8661181)"
8493,40.5967567,-73.9334126,"(40.5967567, -73.9334126)"
8494,40.6812357,-73.9287277,"(40.6812357, -73.9287277)"
8495,40.7654813,-73.9136994,"(40.7654813, -73.9136994)"
8496,40.7074685,-73.7886921,"(40.7074685, -73.7886921)"
8497,40.6725324,-73.7711781,"(40.6725324, -73.7711781)"
8498,40.7502418,-73.998596,"(40.7502418, -73.998596)"
8499,40.5822717,-73.986118,"(40.5822717, -73.986118)"
8500,40.8264231,-73.8586728,"(40.8264231, -73.8586728)"
8501,40.7855588,-73.7958579,"(40.7855588, -73.7958579)"
8502,40.7299972,-73.8414683,"(40.7299972, -73.8414683)"
8503,40.7519917,-73.9312651,"(40.7519917, -73.9312651)"
8504,40.8542925,-73.9002599,"(40.8542925, -73.9002599)"
8505,40.6259834,-74.0015202,"(40.6259834, -74.0015202)"
8506,40.6960346,-73.9845292,"(40.6960346, -73.9845292)"
8507,40.7616096,-73.9707499,"(40.7616096, -73.9707499)"
8508,40.7056278,-73.9155117,"(40.7056278, -73.9155117)"
8509,40.7120705,-73.9969484,"(40.7120705, -73.9969484)"
8510,40.7643229,-73.977196,"(40.7643229, -73.977196)"
8511,40.8255551,-73.843246,"(40.8255551, -73.843246)"
8512,40.7914974,-73.9722319,"(40.7914974, -73.9722319)"
8515,40.6576664,-74.0009227,"(40.6576664, -74.0009227)"
8516,40.6940516,-73.8280091,"(40.6940516, -73.8280091)"
8517,40.7704288,-73.923632,"(40.7704288, -73.923632)"
8518,40.7017656,-73.8079259,"(40.7017656, -73.8079259)"
8519,40.7102608,-73.9559045,"(40.7102608, -73.9559045)"
8520,40.6697253,-73.8609622,"(40.6697253, -73.8609622)"
8521,40.7024868,-73.8598005,"(40.7024868, -73.8598005)"
8522,40.8305827,-73.8273743,"(40.8305827, -73.8273743)"
8523,40.8798042,-73.8649998,"(40.8798042, -73.8649998)"
8525,40.8897477,-73.9129015,"(40.8897477, -73.9129015)"
8527,40.7497883,-73.9877686,"(40.7497883, -73.9877686)"
8528,40.7037516,-73.7991488,"(40.7037516, -73.7991488)"
8530,40.6169975,-74.0655342,"(40.6169975, -74.0655342)"
8533,40.6151303,-73.9942226,"(40.6151303, -73.9942226)"
8535,40.6593223,-73.7593365,"(40.6593223, -73.7593365)"
8536,40.7159383,-73.9446133,"(40.7159383, -73.9446133)"
8538,40.6814763,-73.7277536,"(40.6814763, -73.7277536)"
8539,40.6413641,-73.9417818,"(40.6413641, -73.9417818)"
8540,40.6610289,-73.884924,"(40.6610289, -73.884924)"
8541,40.8398736,-73.8901731,"(40.8398736, -73.8901731)"
8542,40.6060169,-74.0139121,"(40.6060169, -74.0139121)"
8543,40.6845131,-73.9093801,"(40.6845131, -73.9093801)"
8544,40.8137456,-73.9313928,"(40.8137456, -73.9313928)"
8545,40.7452378,-73.9376959,"(40.7452378, -73.9376959)"
8546,40.5782346,-73.9915655,"(40.5782346, -73.9915655)"
8547,40.6526925,-73.8638088,"(40.6526925, -73.8638088)"
8548,40.7961577,-73.9476454,"(40.7961577, -73.9476454)"
8549,40.680015,-73.8774282,"(40.680015, -73.8774282)"
8551,40.7290865,-73.9813249,"(40.7290865, -73.9813249)"
8552,40.7263617,-73.848534,"(40.7263617, -73.848534)"
8553,40.8703866,-73.8819765,"(40.8703866, -73.8819765)"
8554,40.5748995,-74.091094,"(40.5748995, -74.091094)"
8555,40.8235478,-73.9553848,"(40.8235478, -73.9553848)"
8556,40.5304018,-74.2050859,"(40.5304018, -74.2050859)"
8557,40.8622592,-73.8958844,"(40.8622592, -73.8958844)"
8558,40.8831331,-73.8820877,"(40.8831331, -73.8820877)"
8559,40.8246333,-73.9105876,"(40.8246333, -73.9105876)"
8560,40.6263946,-74.1333312,"(40.6263946, -74.1333312)"
8561,40.7621051,-73.8354248,"(40.7621051, -73.8354248)"
8562,40.5873051,-73.9603492,"(40.5873051, -73.9603492)"
8563,40.6448554,-73.9228497,"(40.6448554, -73.9228497)"
8564,40.7502939,-73.9948425,"(40.7502939, -73.9948425)"
8565,40.7577007,-73.9693944,"(40.7577007, -73.9693944)"
8566,40.7534818,-73.9808885,"(40.7534818, -73.9808885)"
8568,40.8624442,-73.8971422,"(40.8624442, -73.8971422)"
8570,40.6572088,-73.9002951,"(40.6572088, -73.9002951)"
8571,40.7852936,-73.9693348,"(40.7852936, -73.9693348)"
8572,40.7396752,-73.9345761,"(40.7396752, -73.9345761)"
8573,40.828331,-73.8502025,"(40.828331, -73.8502025)"
8574,40.7216438,-73.9891302,"(40.7216438, -73.9891302)"
8575,40.842349,-73.9311822,"(40.842349, -73.9311822)"
8576,40.7232788,-73.9825242,"(40.7232788, -73.9825242)"
8577,40.8442462,-73.9337142,"(40.8442462, -73.9337142)"
8580,40.7559505,-73.9907272,"(40.7559505, -73.9907272)"
8581,40.8032165,-73.9525305,"(40.8032165, -73.9525305)"
8582,40.688232,-73.9331013,"(40.688232, -73.9331013)"
8585,40.8654764,-73.8577329,"(40.8654764, -73.8577329)"
8586,40.7303203,-74.0046869,"(40.7303203, -74.0046869)"
8587,40.7589235,-73.9996896,"(40.7589235, -73.9996896)"
8588,40.6750958,-73.975031,"(40.6750958, -73.975031)"
8589,40.7014547,-73.9896203,"(40.7014547, -73.9896203)"
8590,40.7938182,-73.9401063,"(40.7938182, -73.9401063)"
8591,40.8319276,-73.85104,"(40.8319276, -73.85104)"
8592,40.6745213,-73.7360757,"(40.6745213, -73.7360757)"
8593,40.6791818,-73.9273563,"(40.6791818, -73.9273563)"
8594,40.757961,-73.7856623,"(40.757961, -73.7856623)"
8595,40.8788516,-73.855719,"(40.8788516, -73.855719)"
8596,40.7583059,-74.0001372,"(40.7583059, -74.0001372)"
8597,40.8653624,-73.8704197,"(40.8653624, -73.8704197)"
8598,40.5733575,-74.1002745,"(40.5733575, -74.1002745)"
8599,40.6741459,-74.006006,"(40.6741459, -74.006006)"
8600,40.7703133,-73.8760236,"(40.7703133, -73.8760236)"
8601,40.6693691,-73.895223,"(40.6693691, -73.895223)"
8602,40.7798112,-73.9503374,"(40.7798112, -73.9503374)"
8603,40.6463789,-73.97084,"(40.6463789, -73.97084)"
8604,40.7526127,-73.7922882,"(40.7526127, -73.7922882)"
8605,40.6679201,-73.9478974,"(40.6679201, -73.9478974)"
8607,40.7067007,-74.0160467,"(40.7067007, -74.0160467)"
8608,40.6770794,-73.986311,"(40.6770794, -73.986311)"
8609,40.7443167,-73.9584585,"(40.7443167, -73.9584585)"
8610,40.6130779,-74.122557,"(40.6130779, -74.122557)"
8611,40.673975,-73.9856988,"(40.673975, -73.9856988)"
8612,40.8789244,-73.9047866,"(40.8789244, -73.9047866)"
8613,40.7336333,-74.0027856,"(40.7336333, -74.0027856)"
8614,40.7608574,-73.9610689,"(40.7608574, -73.9610689)"
8615,40.6798312,-73.9582932,"(40.6798312, -73.9582932)"
8616,40.763971,-73.8101038,"(40.763971, -73.8101038)"
8617,40.74478,-73.9758819,"(40.74478, -73.9758819)"
8618,40.6718727,-73.9546355,"(40.6718727, -73.9546355)"
8619,40.8654303,-73.8673609,"(40.8654303, -73.8673609)"
8620,40.5433352,-74.1642702,"(40.5433352, -74.1642702)"
8621,40.6984529,-73.7818794,"(40.6984529, -73.7818794)"
8622,40.5478534,-74.1716218,"(40.5478534, -74.1716218)"
8623,40.718268,-74.0070525,"(40.718268, -74.0070525)"
8624,40.7585944,-73.8745114,"(40.7585944, -73.8745114)"
8626,40.6798312,-73.9582932,"(40.6798312, -73.9582932)"
8627,40.6830208,-73.8124724,"(40.6830208, -73.8124724)"
8628,40.7401151,-73.9822131,"(40.7401151, -73.9822131)"
8629,40.8833713,-73.8595535,"(40.8833713, -73.8595535)"
8630,40.7583059,-74.0001372,"(40.7583059, -74.0001372)"
8631,40.698536,-73.9942911,"(40.698536, -73.9942911)"
8632,40.7658262,-73.8237264,"(40.7658262, -73.8237264)"
8633,40.6970534,-73.7573287,"(40.6970534, -73.7573287)"
8634,40.7126973,-73.9005944,"(40.7126973, -73.9005944)"
8635,40.6840525,-73.9774579,"(40.6840525, -73.9774579)"
8636,40.6763291,-73.8654621,"(40.6763291, -73.8654621)"
8637,40.788358,-73.9745227,"(40.788358, -73.9745227)"
8639,40.7466024,-73.7650163,"(40.7466024, -73.7650163)"
8640,40.6566109,-73.9309021,"(40.6566109, -73.9309021)"
8641,40.7684013,-73.7375377,"(40.7684013, -73.7375377)"
8642,40.7653102,-73.9913324,"(40.7653102, -73.9913324)"
8644,40.7078931,-73.7867214,"(40.7078931, -73.7867214)"
8645,40.8294782,-73.9312248,"(40.8294782, -73.9312248)"
8646,40.6443254,-74.0180605,"(40.6443254, -74.0180605)"
8647,40.7066776,-73.7914647,"(40.7066776, -73.7914647)"
8648,40.8960825,-73.8669163,"(40.8960825, -73.8669163)"
8649,40.7666208,-73.8388909,"(40.7666208, -73.8388909)"
8650,40.7163152,-73.8193769,"(40.7163152, -73.8193769)"
8652,40.8786453,-73.871598,"(40.8786453, -73.871598)"
8653,40.8493212,-73.9337309,"(40.8493212, -73.9337309)"
8655,40.622374,-73.9647195,"(40.622374, -73.9647195)"
8656,40.5769818,-73.9815654,"(40.5769818, -73.9815654)"
8657,40.6469039,-73.9635678,"(40.6469039, -73.9635678)"
8658,40.7375562,-73.8508811,"(40.7375562, -73.8508811)"
8659,40.6360244,-74.1347701,"(40.6360244, -74.1347701)"
8660,40.7986151,-73.9437427,"(40.7986151, -73.9437427)"
8662,40.6909277,-73.920658,"(40.6909277, -73.920658)"
8663,40.8668088,-73.9309982,"(40.8668088, -73.9309982)"
8664,40.884868,-73.890804,"(40.884868, -73.890804)"
8665,40.7697071,-73.789307,"(40.7697071, -73.789307)"
8669,40.6830971,-73.8057517,"(40.6830971, -73.8057517)"
8670,40.6395088,-74.1075442,"(40.6395088, -74.1075442)"
8671,40.615781,-73.9999424,"(40.615781, -73.9999424)"
8672,40.82965,-73.9443813,"(40.82965, -73.9443813)"
8675,40.6340258,-73.9502297,"(40.6340258, -73.9502297)"
8677,40.8115127,-73.8905269,"(40.8115127, -73.8905269)"
8678,40.7891175,-73.8163302,"(40.7891175, -73.8163302)"
8679,40.8534742,-73.9064496,"(40.8534742, -73.9064496)"
8681,40.760927,-73.9945276,"(40.760927, -73.9945276)"
8683,40.6656874,-73.93976,"(40.6656874, -73.93976)"
8684,40.834079,-73.8528131,"(40.834079, -73.8528131)"
8687,40.7118451,-73.8597598,"(40.7118451, -73.8597598)"
8688,40.6819714,-73.9288675,"(40.6819714, -73.9288675)"
8689,40.8406104,-73.8541865,"(40.8406104, -73.8541865)"
8690,40.6097466,-73.9313467,"(40.6097466, -73.9313467)"
8691,40.7479752,-73.7599787,"(40.7479752, -73.7599787)"
8692,40.7704335,-73.9601102,"(40.7704335, -73.9601102)"
8693,40.7463024,-73.9716588,"(40.7463024, -73.9716588)"
8695,40.7723943,-73.9327821,"(40.7723943, -73.9327821)"
8696,40.5552055,-74.2133022,"(40.5552055, -74.2133022)"
8697,40.6320129,-74.0131754,"(40.6320129, -74.0131754)"
8698,40.699279,-73.9047835,"(40.699279, -73.9047835)"
8700,40.8767247,-73.9066592,"(40.8767247, -73.9066592)"
8702,40.6560853,-74.0058422,"(40.6560853, -74.0058422)"
8703,40.7381709,-73.7135048,"(40.7381709, -73.7135048)"
8704,40.7616905,-73.7328208,"(40.7616905, -73.7328208)"
8705,40.8645253,-73.9266187,"(40.8645253, -73.9266187)"
8707,40.7610362,-73.9870157,"(40.7610362, -73.9870157)"
8708,40.8249712,-73.9222759,"(40.8249712, -73.9222759)"
8711,40.7440332,-74.003118,"(40.7440332, -74.003118)"
8712,40.6317239,-74.09592,"(40.6317239, -74.09592)"
8714,40.7256734,-74.0057798,"(40.7256734, -74.0057798)"
8715,40.7027447,-73.8973128,"(40.7027447, -73.8973128)"
8716,40.5801543,-73.9587082,"(40.5801543, -73.9587082)"
8717,40.7409163,-73.9522573,"(40.7409163, -73.9522573)"
8718,40.7637977,-73.8082308,"(40.7637977, -73.8082308)"
8719,40.7141241,-73.8207717,"(40.7141241, -73.8207717)"
8720,40.760405,-73.9874743,"(40.760405, -73.9874743)"
8721,40.8395649,-73.8779835,"(40.8395649, -73.8779835)"
8722,40.6130061,-74.1587617,"(40.6130061, -74.1587617)"
8723,40.6251048,-74.1487686,"(40.6251048, -74.1487686)"
8724,40.7609285,-73.969133,"(40.7609285, -73.969133)"
8725,40.7484375,-73.9845604,"(40.7484375, -73.9845604)"
8726,40.6668416,-73.7894084,"(40.6668416, -73.7894084)"
8727,40.7217265,-74.0053068,"(40.7217265, -74.0053068)"
8728,40.762025,-74.0011515,"(40.762025, -74.0011515)"
8729,40.5836578,-73.9865462,"(40.5836578, -73.9865462)"
8730,40.6722386,-73.8053938,"(40.6722386, -73.8053938)"
8731,40.5795709,-73.9622041,"(40.5795709, -73.9622041)"
8734,40.7416232,-73.9937353,"(40.7416232, -73.9937353)"
8735,40.9049995,-73.8466545,"(40.9049995, -73.8466545)"
8736,40.7101767,-74.0011362,"(40.7101767, -74.0011362)"
8737,40.6343616,-74.1194291,"(40.6343616, -74.1194291)"
8738,40.7316801,-73.7415899,"(40.7316801, -73.7415899)"
8739,40.755392,-73.8282803,"(40.755392, -73.8282803)"
8740,40.6876692,-73.8116913,"(40.6876692, -73.8116913)"
8741,40.637264,-73.9897889,"(40.637264, -73.9897889)"
8742,40.7400796,-73.8996833,"(40.7400796, -73.8996833)"
8743,40.7093641,-73.9942915,"(40.7093641, -73.9942915)"
8744,40.6396757,-73.9310421,"(40.6396757, -73.9310421)"
8745,40.5455985,-74.1725659,"(40.5455985, -74.1725659)"
8746,40.6825097,-73.9763154,"(40.6825097, -73.9763154)"
8747,40.6783578,-73.788907,"(40.6783578, -73.788907)"
8748,40.5992491,-74.0014332,"(40.5992491, -74.0014332)"
8750,40.884185,-73.8336182,"(40.884185, -73.8336182)"
8751,40.5493733,-74.1526553,"(40.5493733, -74.1526553)"
8752,40.7597284,-73.8454909,"(40.7597284, -73.8454909)"
8753,40.696197,-73.9887629,"(40.696197, -73.9887629)"
8754,40.74274,-73.8928196,"(40.74274, -73.8928196)"
8755,40.7596199,-73.9619648,"(40.7596199, -73.9619648)"
8756,40.6909209,-73.7622912,"(40.6909209, -73.7622912)"
8757,40.6570957,-73.9502486,"(40.6570957, -73.9502486)"
8758,40.7609373,-73.9712411,"(40.7609373, -73.9712411)"
8759,40.6719975,-73.8774104,"(40.6719975, -73.8774104)"
8761,40.7749666,-73.9567966,"(40.7749666, -73.9567966)"
8762,40.7677643,-73.9129383,"(40.7677643, -73.9129383)"
8764,40.8468635,-73.9014132,"(40.8468635, -73.9014132)"
8765,40.7542791,-73.9090109,"(40.7542791, -73.9090109)"
8766,40.6371956,-74.0077862,"(40.6371956, -74.0077862)"
8767,40.749824,-73.9722023,"(40.749824, -73.9722023)"
8768,40.86832,-73.8331589,"(40.86832, -73.8331589)"
8769,40.9010398,-73.8968799,"(40.9010398, -73.8968799)"
8770,40.7846103,-73.9698334,"(40.7846103, -73.9698334)"
8771,40.6528929,-73.8667311,"(40.6528929, -73.8667311)"
8772,40.6251048,-74.1487686,"(40.6251048, -74.1487686)"
8773,40.5970318,-74.0933639,"(40.5970318, -74.0933639)"
8774,40.757961,-73.7856623,"(40.757961, -73.7856623)"
8776,40.773642,-73.9598555,"(40.773642, -73.9598555)"
8777,40.8392323,-73.9455442,"(40.8392323, -73.9455442)"
8778,40.6775904,-73.7447811,"(40.6775904, -73.7447811)"
8779,40.6790964,-73.7982136,"(40.6790964, -73.7982136)"
8780,40.7158555,-73.9949534,"(40.7158555, -73.9949534)"
8781,40.7483111,-73.7095345,"(40.7483111, -73.7095345)"
8784,40.7992577,-73.9390504,"(40.7992577, -73.9390504)"
8785,40.7771936,-73.9522385,"(40.7771936, -73.9522385)"
8786,40.6788292,-73.8881561,"(40.6788292, -73.8881561)"
8788,40.6541334,-73.9123297,"(40.6541334, -73.9123297)"
8789,40.70208,-73.879036,"(40.70208, -73.879036)"
8790,40.759308,-73.9652931,"(40.759308, -73.9652931)"
8791,40.7915623,-73.9684724,"(40.7915623, -73.9684724)"
8792,40.659204,-73.9099875,"(40.659204, -73.9099875)"
8793,40.8441785,-73.897427,"(40.8441785, -73.897427)"
8794,40.6698646,-73.9505022,"(40.6698646, -73.9505022)"
8795,40.7579729,-73.9855364,"(40.7579729, -73.9855364)"
8797,40.5956614,-73.9931332,"(40.5956614, -73.9931332)"
8798,40.7838299,-73.9778249,"(40.7838299, -73.9778249)"
8800,40.7416105,-73.8829444,"(40.7416105, -73.8829444)"
8801,40.6788706,-73.9216458,"(40.6788706, -73.9216458)"
8802,40.5946211,-73.9974189,"(40.5946211, -73.9974189)"
8803,40.6201606,-74.0769561,"(40.6201606, -74.0769561)"
8804,40.7236414,-73.8422266,"(40.7236414, -73.8422266)"
8805,40.7193963,-74.0018831,"(40.7193963, -74.0018831)"
8806,40.8481201,-73.9308839,"(40.8481201, -73.9308839)"
8808,40.7577322,-73.9968524,"(40.7577322, -73.9968524)"
8809,40.7543484,-73.9769721,"(40.7543484, -73.9769721)"
8810,40.7088222,-73.7518429,"(40.7088222, -73.7518429)"
8811,40.8654303,-73.8673609,"(40.8654303, -73.8673609)"
8812,40.7705293,-73.980111,"(40.7705293, -73.980111)"
8814,40.7520807,-73.8818938,"(40.7520807, -73.8818938)"
8815,40.9038668,-73.9031121,"(40.9038668, -73.9031121)"
8816,40.7324007,-73.7656001,"(40.7324007, -73.7656001)"
8818,40.6432449,-73.9487599,"(40.6432449, -73.9487599)"
8819,40.806081,-73.9653084,"(40.806081, -73.9653084)"
8820,40.7388307,-73.9831481,"(40.7388307, -73.9831481)"
8821,40.762025,-74.0011515,"(40.762025, -74.0011515)"
8822,40.6412469,-73.9933628,"(40.6412469, -73.9933628)"
8823,40.7729859,-73.9461941,"(40.7729859, -73.9461941)"
8825,40.6783447,-73.9854275,"(40.6783447, -73.9854275)"
8826,40.716518,-73.7742484,"(40.716518, -73.7742484)"
8827,40.5952645,-74.0696466,"(40.5952645, -74.0696466)"
8828,40.6012042,-74.0650758,"(40.6012042, -74.0650758)"
8829,40.7997827,-73.9681976,"(40.7997827, -73.9681976)"
8831,40.6837777,-73.7697441,"(40.6837777, -73.7697441)"
8832,40.731659,-73.9854447,"(40.731659, -73.9854447)"
8833,40.727095,-73.9915539,"(40.727095, -73.9915539)"
8834,40.8626793,-73.9090397,"(40.8626793, -73.9090397)"
8835,40.7475064,-73.7827979,"(40.7475064, -73.7827979)"
8836,40.5752608,-73.9688912,"(40.5752608, -73.9688912)"
8837,40.7387575,-74.0081048,"(40.7387575, -74.0081048)"
8838,40.8266951,-73.9076472,"(40.8266951, -73.9076472)"
8839,40.7545048,-73.9656962,"(40.7545048, -73.9656962)"
8840,40.6830971,-73.8057517,"(40.6830971, -73.8057517)"
8841,40.5560433,-74.2007922,"(40.5560433, -74.2007922)"
8842,40.7610398,-73.9753742,"(40.7610398, -73.9753742)"
8844,40.7658552,-73.9145003,"(40.7658552, -73.9145003)"
8845,40.7473315,-73.7557993,"(40.7473315, -73.7557993)"
8846,40.6929384,-73.8777598,"(40.6929384, -73.8777598)"
8847,40.7219956,-74.0029727,"(40.7219956, -74.0029727)"
8848,40.7521904,-73.9934636,"(40.7521904, -73.9934636)"
8849,40.6358784,-73.9750349,"(40.6358784, -73.9750349)"
8850,40.8735669,-73.8185175,"(40.8735669, -73.8185175)"
8852,40.7349628,-73.9797897,"(40.7349628, -73.9797897)"
8853,40.6208475,-74.0267714,"(40.6208475, -74.0267714)"
8854,40.658974,-73.744218,"(40.658974, -73.744218)"
8855,40.758981,-73.9959428,"(40.758981, -73.9959428)"
8856,40.7771543,-73.9208622,"(40.7771543, -73.9208622)"
8858,40.6941279,-73.9057969,"(40.6941279, -73.9057969)"
8859,40.8557581,-73.885433,"(40.8557581, -73.885433)"
8860,40.7220991,-73.7777101,"(40.7220991, -73.7777101)"
8861,40.8782895,-73.8700582,"(40.8782895, -73.8700582)"
8862,40.6322129,-73.8921577,"(40.6322129, -73.8921577)"
8864,40.7578281,-73.9930696,"(40.7578281, -73.9930696)"
8865,40.7303695,-73.9138714,"(40.7303695, -73.9138714)"
8866,40.7180184,-73.9999567,"(40.7180184, -73.9999567)"
8867,40.6445538,-73.9276606,"(40.6445538, -73.9276606)"
8868,40.7965332,-73.9759553,"(40.7965332, -73.9759553)"
8869,40.8927532,-73.8577324,"(40.8927532, -73.8577324)"
8870,40.6606564,-73.8857861,"(40.6606564, -73.8857861)"
8871,40.711121,-73.797406,"(40.711121, -73.797406)"
8872,40.8020241,-73.9496815,"(40.8020241, -73.9496815)"
8873,40.7261864,-73.9894289,"(40.7261864, -73.9894289)"
8874,40.6843388,-73.9147563,"(40.6843388, -73.9147563)"
8875,40.8340971,-73.9498224,"(40.8340971, -73.9498224)"
8876,40.706767,-74.0125084,"(40.706767, -74.0125084)"
8877,40.8802593,-73.8767805,"(40.8802593, -73.8767805)"
8880,40.7597782,-73.8631747,"(40.7597782, -73.8631747)"
8881,40.7161366,-73.8184852,"(40.7161366, -73.8184852)"
8882,40.6947605,-73.8248086,"(40.6947605, -73.8248086)"
8883,40.8856931,-73.8616389,"(40.8856931, -73.8616389)"
8884,40.7197624,-73.9447576,"(40.7197624, -73.9447576)"
8885,40.5758727,-73.959474,"(40.5758727, -73.959474)"
8887,40.8481201,-73.9308839,"(40.8481201, -73.9308839)"
8888,40.7973092,-73.9344544,"(40.7973092, -73.9344544)"
8890,40.7549047,-73.8738794,"(40.7549047, -73.8738794)"
8891,40.7185558,-73.9882,"(40.7185558, -73.9882)"
8892,40.8068492,-73.9697267,"(40.8068492, -73.9697267)"
8894,40.7623396,-73.9151582,"(40.7623396, -73.9151582)"
8895,40.7155647,-73.7575823,"(40.7155647, -73.7575823)"
8897,40.7862082,-73.83456,"(40.7862082, -73.83456)"
8898,40.6778626,-73.9386241,"(40.6778626, -73.9386241)"
8899,40.7381347,-74.0041751,"(40.7381347, -74.0041751)"
8900,40.8756831,-73.9083783,"(40.8756831, -73.9083783)"
8901,40.8820151,-73.8661995,"(40.8820151, -73.8661995)"
8902,40.721473,-73.9838235,"(40.721473, -73.9838235)"
8904,40.7358968,-73.892311,"(40.7358968, -73.892311)"
8905,40.7244356,-73.8692939,"(40.7244356, -73.8692939)"
8906,40.7294827,-73.9720896,"(40.7294827, -73.9720896)"
8908,40.8361093,-73.9223713,"(40.8361093, -73.9223713)"
8910,40.6998478,-73.9910308,"(40.6998478, -73.9910308)"
8911,40.7788219,-73.953985,"(40.7788219, -73.953985)"
8912,40.6673162,-73.9368243,"(40.6673162, -73.9368243)"
8913,40.6721508,-73.8431812,"(40.6721508, -73.8431812)"
8914,40.7557562,-73.964786,"(40.7557562, -73.964786)"
8915,40.5569501,-74.1388499,"(40.5569501, -74.1388499)"
8916,40.7125314,-74.0076652,"(40.7125314, -74.0076652)"
8917,40.7034151,-73.8214786,"(40.7034151, -73.8214786)"
8918,40.877334,-73.8853163,"(40.877334, -73.8853163)"
8919,40.7869399,-73.9792864,"(40.7869399, -73.9792864)"
8921,40.7608228,-73.9983142,"(40.7608228, -73.9983142)"
8922,40.7368829,-73.9056354,"(40.7368829, -73.9056354)"
8923,40.741214,-73.8427593,"(40.741214, -73.8427593)"
8924,40.7115699,-74.0157846,"(40.7115699, -74.0157846)"
8925,40.7388307,-73.9831481,"(40.7388307, -73.9831481)"
8926,40.7061424,-73.831765,"(40.7061424, -73.831765)"
8927,40.6120433,-73.978469,"(40.6120433, -73.978469)"
8928,40.642134,-73.9293532,"(40.642134, -73.9293532)"
8930,40.6815047,-73.9742282,"(40.6815047, -73.9742282)"
8931,40.6275854,-73.9711148,"(40.6275854, -73.9711148)"
8932,40.8221642,-73.9424112,"(40.8221642, -73.9424112)"
8933,40.6811367,-73.9556676,"(40.6811367, -73.9556676)"
8934,40.7599125,-73.9588098,"(40.7599125, -73.9588098)"
8935,40.7589746,-73.9189996,"(40.7589746, -73.9189996)"
8936,40.7004921,-73.9014133,"(40.7004921, -73.9014133)"
8937,40.8120773,-73.8868051,"(40.8120773, -73.8868051)"
8938,40.6085727,-73.955334,"(40.6085727, -73.955334)"
8939,40.7470784,-73.9813415,"(40.7470784, -73.9813415)"
8940,40.74478,-73.9758819,"(40.74478, -73.9758819)"
8942,40.6526435,-73.9497689,"(40.6526435, -73.9497689)"
8943,40.736562,-74.0010934,"(40.736562, -74.0010934)"
8944,40.6839024,-73.7443062,"(40.6839024, -73.7443062)"
8945,40.7400652,-73.9259547,"(40.7400652, -73.9259547)"
8946,40.7826332,-73.9511983,"(40.7826332, -73.9511983)"
8947,40.6981167,-73.9775324,"(40.6981167, -73.9775324)"
8948,40.8149501,-73.8210638,"(40.8149501, -73.8210638)"
8949,40.7525634,-73.7432726,"(40.7525634, -73.7432726)"
8951,40.7440581,-73.8467918,"(40.7440581, -73.8467918)"
8952,40.6516965,-73.9496688,"(40.6516965, -73.9496688)"
8954,40.7562867,-73.8607202,"(40.7562867, -73.8607202)"
8955,40.681143,-73.7811861,"(40.681143, -73.7811861)"
8956,40.6448799,-74.0174913,"(40.6448799, -74.0174913)"
8957,40.6271038,-74.1251333,"(40.6271038, -74.1251333)"
8958,40.7661526,-73.9197778,"(40.7661526, -73.9197778)"
8960,40.753791,-73.7442778,"(40.753791, -73.7442778)"
8962,40.7139131,-73.8300825,"(40.7139131, -73.8300825)"
8964,40.6687091,-73.9173068,"(40.6687091, -73.9173068)"
8965,40.6515625,-73.9342697,"(40.6515625, -73.9342697)"
8967,40.6146211,-73.9686568,"(40.6146211, -73.9686568)"
8968,40.6212199,-74.148404,"(40.6212199, -74.148404)"
8969,40.5260785,-74.1875836,"(40.5260785, -74.1875836)"
8971,40.6594524,-73.8984572,"(40.6594524, -73.8984572)"
8972,40.8773934,-73.8664909,"(40.8773934, -73.8664909)"
8973,40.8252875,-73.9049211,"(40.8252875, -73.9049211)"
8974,40.719,-73.8865195,"(40.719, -73.8865195)"
8975,40.7546882,-73.9953547,"(40.7546882, -73.9953547)"
8976,40.6789429,-73.8344619,"(40.6789429, -73.8344619)"
8977,40.7766534,-73.770304,"(40.7766534, -73.770304)"
8978,40.7426801,-73.8395099,"(40.7426801, -73.8395099)"
8979,40.7815251,-73.9604141,"(40.7815251, -73.9604141)"
8980,40.7168135,-73.9977634,"(40.7168135, -73.9977634)"
8981,40.6727536,-73.9543177,"(40.6727536, -73.9543177)"
8983,40.8674755,-73.8974019,"(40.8674755, -73.8974019)"
8984,40.6038348,-74.0689388,"(40.6038348, -74.0689388)"
8985,40.6839362,-73.9122725,"(40.6839362, -73.9122725)"
8986,40.6206071,-73.9585967,"(40.6206071, -73.9585967)"
8987,40.7642781,-73.9730158,"(40.7642781, -73.9730158)"
8988,40.7713942,-73.9821578,"(40.7713942, -73.9821578)"
8989,40.7100129,-73.7947294,"(40.7100129, -73.7947294)"
8990,40.6596509,-73.7738282,"(40.6596509, -73.7738282)"
8991,40.6898733,-73.8428113,"(40.6898733, -73.8428113)"
8992,40.6339982,-74.0972671,"(40.6339982, -74.0972671)"
8993,40.6040288,-73.952294,"(40.6040288, -73.952294)"
8994,40.5847573,-73.9471151,"(40.5847573, -73.9471151)"
8995,40.6987748,-73.9951458,"(40.6987748, -73.9951458)"
8996,40.760229,-73.9615205,"(40.760229, -73.9615205)"
8999,40.7147294,-73.9420676,"(40.7147294, -73.9420676)"
9001,40.7491432,-73.9156009,"(40.7491432, -73.9156009)"
9002,40.6059354,-74.0004574,"(40.6059354, -74.0004574)"
9003,40.7080347,-73.8525973,"(40.7080347, -73.8525973)"
9005,40.7286583,-73.8632602,"(40.7286583, -73.8632602)"
9006,40.7679637,-73.9116817,"(40.7679637, -73.9116817)"
9007,40.8220183,-73.9536697,"(40.8220183, -73.9536697)"
9010,40.5860907,-73.8225195,"(40.5860907, -73.8225195)"
9011,40.7396318,-73.9222492,"(40.7396318, -73.9222492)"
9012,40.7483098,-73.8259851,"(40.7483098, -73.8259851)"
9013,40.6417272,-73.9926457,"(40.6417272, -73.9926457)"
9014,40.6435221,-74.0761506,"(40.6435221, -74.0761506)"
9015,40.8383229,-73.9127375,"(40.8383229, -73.9127375)"
9016,40.849322,-73.9451361,"(40.849322, -73.9451361)"
9017,40.6373915,-73.9103665,"(40.6373915, -73.9103665)"
9018,40.7168135,-73.9977634,"(40.7168135, -73.9977634)"
9019,40.7653631,-73.8278647,"(40.7653631, -73.8278647)"
9020,40.5503019,-74.1696849,"(40.5503019, -74.1696849)"
9022,40.6801624,-73.893187,"(40.6801624, -73.893187)"
9023,40.6574827,-73.7697628,"(40.6574827, -73.7697628)"
9024,40.760405,-73.9874743,"(40.760405, -73.9874743)"
9025,40.7578101,-73.945831,"(40.7578101, -73.945831)"
9026,40.6833031,-73.9172671,"(40.6833031, -73.9172671)"
9027,40.8326963,-73.9497125,"(40.8326963, -73.9497125)"
9028,40.7587064,-73.937918,"(40.7587064, -73.937918)"
9029,40.7098113,-73.9918374,"(40.7098113, -73.9918374)"
9031,40.6711137,-73.9780606,"(40.6711137, -73.9780606)"
9032,40.8107645,-73.9525902,"(40.8107645, -73.9525902)"
9034,40.8611095,-73.8902754,"(40.8611095, -73.8902754)"
9035,40.6787891,-73.8442543,"(40.6787891, -73.8442543)"
9036,40.7317497,-73.8812948,"(40.7317497, -73.8812948)"
9037,40.7444161,-73.8860972,"(40.7444161, -73.8860972)"
9038,40.6613192,-73.9426871,"(40.6613192, -73.9426871)"
9039,40.7249587,-73.8524119,"(40.7249587, -73.8524119)"
9040,40.8138832,-73.9118122,"(40.8138832, -73.9118122)"
9041,40.6109553,-74.0087664,"(40.6109553, -74.0087664)"
9042,40.7057228,-73.9070934,"(40.7057228, -73.9070934)"
9043,40.6941097,-73.8973622,"(40.6941097, -73.8973622)"
9044,40.6924592,-73.7268654,"(40.6924592, -73.7268654)"
9045,40.8045868,-73.9478121,"(40.8045868, -73.9478121)"
9046,40.6792635,-73.780089,"(40.6792635, -73.780089)"
9047,40.8819391,-73.836987,"(40.8819391, -73.836987)"
9048,40.7570213,-74.004927,"(40.7570213, -74.004927)"
9049,40.6870802,-73.913891,"(40.6870802, -73.913891)"
9050,40.892515,-73.8454246,"(40.892515, -73.8454246)"
9051,40.8344254,-73.8792541,"(40.8344254, -73.8792541)"
9052,40.8555543,-73.8875661,"(40.8555543, -73.8875661)"
9053,40.7602328,-73.8118652,"(40.7602328, -73.8118652)"
9054,40.7464029,-73.9797248,"(40.7464029, -73.9797248)"
9055,40.7199532,-74.0085823,"(40.7199532, -74.0085823)"
9056,40.5958224,-73.9837207,"(40.5958224, -73.9837207)"
9057,40.7640559,-73.9922423,"(40.7640559, -73.9922423)"
9058,40.60175,-73.9508012,"(40.60175, -73.9508012)"
9059,40.7014547,-73.9896203,"(40.7014547, -73.9896203)"
9060,40.7684391,-73.9199556,"(40.7684391, -73.9199556)"
9061,40.8064149,-73.9422623,"(40.8064149, -73.9422623)"
9063,40.756487,-73.9400388,"(40.756487, -73.9400388)"
9064,40.7260983,-73.9194256,"(40.7260983, -73.9194256)"
9065,40.666692,-73.8117233,"(40.666692, -73.8117233)"
9066,40.7379972,-73.8509721,"(40.7379972, -73.8509721)"
9067,40.8966893,-73.8451038,"(40.8966893, -73.8451038)"
9068,40.7226606,-73.8676595,"(40.7226606, -73.8676595)"
9069,40.5965113,-73.9078755,"(40.5965113, -73.9078755)"
9070,40.7433963,-73.8375431,"(40.7433963, -73.8375431)"
9072,40.6799492,-73.8497246,"(40.6799492, -73.8497246)"
9073,40.5880771,-74.1612623,"(40.5880771, -74.1612623)"
9074,40.7636578,-73.9734636,"(40.7636578, -73.9734636)"
9075,40.761131,-73.812267,"(40.761131, -73.812267)"
9076,40.8084473,-73.9449951,"(40.8084473, -73.9449951)"
9077,40.6782272,-73.973202,"(40.6782272, -73.973202)"
9078,40.6816605,-73.7278212,"(40.6816605, -73.7278212)"
9079,40.7707422,-73.9945485,"(40.7707422, -73.9945485)"
9080,40.755251,-73.9986609,"(40.755251, -73.9986609)"
9082,40.5834503,-73.9503862,"(40.5834503, -73.9503862)"
9083,40.7225802,-73.9404817,"(40.7225802, -73.9404817)"
9084,40.7527231,-73.9967877,"(40.7527231, -73.9967877)"
9085,40.7113256,-73.9472431,"(40.7113256, -73.9472431)"
9086,40.7254761,-73.7655773,"(40.7254761, -73.7655773)"
9087,40.7616851,-73.7603059,"(40.7616851, -73.7603059)"
9088,40.7690047,-73.99235,"(40.7690047, -73.99235)"
9089,40.6721609,-73.9872096,"(40.6721609, -73.9872096)"
9091,40.7357781,-73.7465392,"(40.7357781, -73.7465392)"
9092,40.6087467,-73.95828,"(40.6087467, -73.95828)"
9093,40.7104641,-73.9866216,"(40.7104641, -73.9866216)"
9095,40.8958056,-73.8967071,"(40.8958056, -73.8967071)"
9096,40.7610398,-73.9753742,"(40.7610398, -73.9753742)"
9097,40.8356261,-73.8520689,"(40.8356261, -73.8520689)"
9098,40.6739992,-73.9822776,"(40.6739992, -73.9822776)"
9099,40.6319237,-73.9666599,"(40.6319237, -73.9666599)"
9100,40.767373,-73.9500574,"(40.767373, -73.9500574)"
9101,40.6946808,-73.8142752,"(40.6946808, -73.8142752)"
9102,40.6148138,-74.0294019,"(40.6148138, -74.0294019)"
9103,40.83933,-73.8990319,"(40.83933, -73.8990319)"
9104,40.7644548,-73.831773,"(40.7644548, -73.831773)"
9105,40.6611218,-73.9201276,"(40.6611218, -73.9201276)"
9106,40.5223655,-74.2167331,"(40.5223655, -74.2167331)"
9108,40.7256184,-73.8510251,"(40.7256184, -73.8510251)"
9109,40.6687978,-73.9311201,"(40.6687978, -73.9311201)"
9110,40.7266659,-73.9830898,"(40.7266659, -73.9830898)"
9111,40.8126657,-73.90633,"(40.8126657, -73.90633)"
9112,40.5772528,-74.102973,"(40.5772528, -74.102973)"
9113,40.7646844,-73.9917874,"(40.7646844, -73.9917874)"
9114,40.7640141,-73.8812156,"(40.7640141, -73.8812156)"
9115,40.7502089,-74.0023315,"(40.7502089, -74.0023315)"
9116,40.6903513,-73.8410758,"(40.6903513, -73.8410758)"
9118,40.7679637,-73.9116817,"(40.7679637, -73.9116817)"
9119,40.7293073,-73.9103759,"(40.7293073, -73.9103759)"
9120,40.8188024,-73.9560203,"(40.8188024, -73.9560203)"
9121,40.8486082,-73.9139674,"(40.8486082, -73.9139674)"
9122,40.8069405,-73.9137468,"(40.8069405, -73.9137468)"
9123,40.6607702,-73.9197423,"(40.6607702, -73.9197423)"
9124,40.6367041,-73.9903727,"(40.6367041, -73.9903727)"
9125,40.6643768,-73.9237498,"(40.6643768, -73.9237498)"
9127,40.6525008,-73.9246392,"(40.6525008, -73.9246392)"
9128,40.7184155,-73.9616204,"(40.7184155, -73.9616204)"
9130,40.8016648,-73.9132226,"(40.8016648, -73.9132226)"
9131,40.611235,-73.987776,"(40.611235, -73.987776)"
9132,40.7155896,-73.9339793,"(40.7155896, -73.9339793)"
9133,40.5904732,-73.811609,"(40.5904732, -73.811609)"
9135,40.6402629,-74.019025,"(40.6402629, -74.019025)"
9137,40.7230964,-73.9440842,"(40.7230964, -73.9440842)"
9138,40.7533681,-73.974648,"(40.7533681, -73.974648)"
9140,40.716299,-74.0164386,"(40.716299, -74.0164386)"
9141,40.8358843,-73.8833965,"(40.8358843, -73.8833965)"
9142,40.7491578,-73.8694258,"(40.7491578, -73.8694258)"
9147,40.6674727,-73.7938654,"(40.6674727, -73.7938654)"
9148,40.7697419,-73.9821185,"(40.7697419, -73.9821185)"
9149,40.6563078,-73.9986701,"(40.6563078, -73.9986701)"
9150,40.7672019,-73.8878164,"(40.7672019, -73.8878164)"
9151,40.759626,-73.9954735,"(40.759626, -73.9954735)"
9152,40.5779945,-73.9596347,"(40.5779945, -73.9596347)"
9153,40.7077238,-73.7963163,"(40.7077238, -73.7963163)"
9154,40.7781828,-73.9484213,"(40.7781828, -73.9484213)"
9155,40.5797344,-74.1142267,"(40.5797344, -74.1142267)"
9156,40.69296,-73.9310519,"(40.69296, -73.9310519)"
9157,40.802916,-73.9202825,"(40.802916, -73.9202825)"
9158,40.8325597,-73.885379,"(40.8325597, -73.885379)"
9159,40.6521655,-74.0099287,"(40.6521655, -74.0099287)"
9160,40.6956431,-73.9973819,"(40.6956431, -73.9973819)"
9161,40.583106,-73.9541414,"(40.583106, -73.9541414)"
9162,40.7199725,-73.9928968,"(40.7199725, -73.9928968)"
9163,40.8718753,-73.8416254,"(40.8718753, -73.8416254)"
9164,40.7692262,-73.984765,"(40.7692262, -73.984765)"
9165,40.6558272,-73.9433549,"(40.6558272, -73.9433549)"
9166,40.7001691,-73.9092037,"(40.7001691, -73.9092037)"
9167,40.6862935,-73.9852599,"(40.6862935, -73.9852599)"
9168,40.821446,-73.9503786,"(40.821446, -73.9503786)"
9169,40.7144934,-74.0135921,"(40.7144934, -74.0135921)"
9170,40.7303203,-74.0046869,"(40.7303203, -74.0046869)"
9171,40.7236497,-73.9852841,"(40.7236497, -73.9852841)"
9172,40.6768941,-73.9000457,"(40.6768941, -73.9000457)"
9173,40.828303,-73.8829509,"(40.828303, -73.8829509)"
9174,40.6774056,-73.9830482,"(40.6774056, -73.9830482)"
9175,40.8773934,-73.8664909,"(40.8773934, -73.8664909)"
9177,40.7456822,-73.9721247,"(40.7456822, -73.9721247)"
9178,40.774066,-73.7522136,"(40.774066, -73.7522136)"
9179,40.69492,-73.8045631,"(40.69492, -73.8045631)"
9180,40.699628,-73.9238321,"(40.699628, -73.9238321)"
9181,40.7490544,-73.9522118,"(40.7490544, -73.9522118)"
9183,40.7765625,-73.9527048,"(40.7765625, -73.9527048)"
9184,40.8774757,-73.8366002,"(40.8774757, -73.8366002)"
9185,40.8999905,-73.8530036,"(40.8999905, -73.8530036)"
9186,40.7199817,-73.9787192,"(40.7199817, -73.9787192)"
9188,40.8808719,-73.8260395,"(40.8808719, -73.8260395)"
9189,40.749824,-73.9722023,"(40.749824, -73.9722023)"
9190,40.7365373,-73.8560987,"(40.7365373, -73.8560987)"
9191,40.8142701,-73.9153413,"(40.8142701, -73.9153413)"
9192,40.7305919,-73.9924085,"(40.7305919, -73.9924085)"
9193,40.6699207,-73.9188878,"(40.6699207, -73.9188878)"
9194,40.688922,-73.9991472,"(40.688922, -73.9991472)"
9195,40.6263638,-73.9189984,"(40.6263638, -73.9189984)"
9196,40.7530095,-73.8654011,"(40.7530095, -73.8654011)"
9197,40.6840525,-73.9774579,"(40.6840525, -73.9774579)"
9198,40.6631828,-73.9624487,"(40.6631828, -73.9624487)"
9199,40.7291123,-74.0106725,"(40.7291123, -74.0106725)"
9200,40.7067235,-74.0067808,"(40.7067235, -74.0067808)"
9201,40.5783751,-73.9388668,"(40.5783751, -73.9388668)"
9202,40.7497247,-73.9836217,"(40.7497247, -73.9836217)"
9204,40.6408367,-74.0184306,"(40.6408367, -74.0184306)"
9205,40.7643654,-73.9616083,"(40.7643654, -73.9616083)"
9207,40.7530712,-73.792377,"(40.7530712, -73.792377)"
9208,40.7566543,-73.9785667,"(40.7566543, -73.9785667)"
9209,40.7131354,-74.0040581,"(40.7131354, -74.0040581)"
9210,40.7301174,-73.8623119,"(40.7301174, -73.8623119)"
9211,40.8630903,-73.8894514,"(40.8630903, -73.8894514)"
9213,40.741023,-73.978615,"(40.741023, -73.978615)"
9214,40.6897366,-73.9761037,"(40.6897366, -73.9761037)"
9215,40.9002644,-73.8864424,"(40.9002644, -73.8864424)"
9216,40.8391702,-73.8362823,"(40.8391702, -73.8362823)"
9217,40.635836,-73.9534278,"(40.635836, -73.9534278)"
9218,40.8461403,-73.9342328,"(40.8461403, -73.9342328)"
9219,40.642384,-73.9253821,"(40.642384, -73.9253821)"
9221,40.7994585,-73.9515291,"(40.7994585, -73.9515291)"
9222,40.8069664,-73.9116661,"(40.8069664, -73.9116661)"
9223,40.6552018,-73.8935477,"(40.6552018, -73.8935477)"
9224,40.7296864,-73.9986037,"(40.7296864, -73.9986037)"
9225,40.6703577,-73.9887132,"(40.6703577, -73.9887132)"
9226,40.7601531,-73.9987944,"(40.7601531, -73.9987944)"
9228,40.6962166,-73.7435918,"(40.6962166, -73.7435918)"
9229,40.5992503,-73.9526071,"(40.5992503, -73.9526071)"
9230,40.6627363,-73.9571216,"(40.6627363, -73.9571216)"
9231,40.6084351,-74.1554375,"(40.6084351, -74.1554375)"
9232,40.794651,-73.9717827,"(40.794651, -73.9717827)"
9233,40.794651,-73.9717827,"(40.794651, -73.9717827)"
9234,40.7350689,-74.0019702,"(40.7350689, -74.0019702)"
9235,40.8410766,-73.9397674,"(40.8410766, -73.9397674)"
9236,40.8120773,-73.8868051,"(40.8120773, -73.8868051)"
9237,40.6113698,-73.9734846,"(40.6113698, -73.9734846)"
9238,40.7887905,-73.7844219,"(40.7887905, -73.7844219)"
9239,40.8500513,-73.8578093,"(40.8500513, -73.8578093)"
9240,40.8292339,-73.8755055,"(40.8292339, -73.8755055)"
9241,40.7472362,-73.9933594,"(40.7472362, -73.9933594)"
9242,40.6847487,-73.8311195,"(40.6847487, -73.8311195)"
9243,40.7266237,-73.9064473,"(40.7266237, -73.9064473)"
9244,40.7726551,-73.9555525,"(40.7726551, -73.9555525)"
9245,40.738552,-73.9996824,"(40.738552, -73.9996824)"
9246,40.7150726,-73.8272082,"(40.7150726, -73.8272082)"
9247,40.8255314,-73.8230804,"(40.8255314, -73.8230804)"
9248,40.7193963,-74.0018831,"(40.7193963, -74.0018831)"
9249,40.7411807,-73.9422828,"(40.7411807, -73.9422828)"
9250,40.7567104,-73.9864571,"(40.7567104, -73.9864571)"
9251,40.7355382,-74.0033414,"(40.7355382, -74.0033414)"
9253,40.7851513,-73.9406208,"(40.7851513, -73.9406208)"
9254,40.8891934,-73.8312982,"(40.8891934, -73.8312982)"
9255,40.6113133,-73.9516693,"(40.6113133, -73.9516693)"
9256,40.6863048,-73.7939082,"(40.6863048, -73.7939082)"
9257,40.736562,-74.0010934,"(40.736562, -74.0010934)"
9258,40.8664489,-73.9304888,"(40.8664489, -73.9304888)"
9259,40.7515762,-73.8558359,"(40.7515762, -73.8558359)"
9260,40.7293696,-73.9839983,"(40.7293696, -73.9839983)"
9261,40.7808553,-73.8459871,"(40.7808553, -73.8459871)"
9262,40.6000066,-73.9994562,"(40.6000066, -73.9994562)"
9263,40.7489737,-74.0032374,"(40.7489737, -74.0032374)"
9264,40.685846,-73.9473101,"(40.685846, -73.9473101)"
9265,40.7593996,-73.7729155,"(40.7593996, -73.7729155)"
9266,40.8346811,-73.9444241,"(40.8346811, -73.9444241)"
9267,40.7071825,-73.9210571,"(40.7071825, -73.9210571)"
9268,40.7934263,-73.8109733,"(40.7934263, -73.8109733)"
9269,40.5682558,-74.1054715,"(40.5682558, -74.1054715)"
9270,40.8773479,-73.8454599,"(40.8773479, -73.8454599)"
9271,40.5798042,-73.9718339,"(40.5798042, -73.9718339)"
9272,40.7823164,-73.9485012,"(40.7823164, -73.9485012)"
9273,40.7130039,-73.7823656,"(40.7130039, -73.7823656)"
9275,40.7373342,-73.8803322,"(40.7373342, -73.8803322)"
9276,40.7415484,-73.8710935,"(40.7415484, -73.8710935)"
9277,40.7354542,-73.9170371,"(40.7354542, -73.9170371)"
9278,40.7534647,-73.7914157,"(40.7534647, -73.7914157)"
9280,40.7578088,-73.9735237,"(40.7578088, -73.9735237)"
9281,40.8610613,-73.8520918,"(40.8610613, -73.8520918)"
9282,40.6671982,-73.7790801,"(40.6671982, -73.7790801)"
9283,40.7296534,-74.0022045,"(40.7296534, -74.0022045)"
9285,40.8283901,-73.916906,"(40.8283901, -73.916906)"
9286,40.7864519,-73.8078559,"(40.7864519, -73.8078559)"
9287,40.8050573,-73.9390342,"(40.8050573, -73.9390342)"
9288,40.6509444,-73.9059696,"(40.6509444, -73.9059696)"
9289,40.7434293,-73.9961278,"(40.7434293, -73.9961278)"
9291,40.6685096,-73.7662498,"(40.6685096, -73.7662498)"
9293,40.7044031,-73.8144393,"(40.7044031, -73.8144393)"
9294,40.7021331,-73.8044409,"(40.7021331, -73.8044409)"
9296,40.7697502,-73.9606016,"(40.7697502, -73.9606016)"
9297,40.7100831,-73.8644454,"(40.7100831, -73.8644454)"
9298,40.661037,-73.9974301,"(40.661037, -73.9974301)"
9299,40.6482654,-73.9058004,"(40.6482654, -73.9058004)"
9300,40.6978882,-73.9946049,"(40.6978882, -73.9946049)"
9301,40.6819714,-73.9288675,"(40.6819714, -73.9288675)"
9303,40.688922,-73.9991472,"(40.688922, -73.9991472)"
9304,40.6493836,-73.8699429,"(40.6493836, -73.8699429)"
9305,40.6714688,-73.8810776,"(40.6714688, -73.8810776)"
9306,40.7557604,-73.7393814,"(40.7557604, -73.7393814)"
9307,40.6303847,-73.8949996,"(40.6303847, -73.8949996)"
9309,40.5967449,-73.9852652,"(40.5967449, -73.9852652)"
9310,40.5704201,-74.1207438,"(40.5704201, -74.1207438)"
9311,40.7679171,-73.9857147,"(40.7679171, -73.9857147)"
9312,40.6358771,-74.1675066,"(40.6358771, -74.1675066)"
9313,40.7244428,-73.9151054,"(40.7244428, -73.9151054)"
9314,40.6347036,-74.1065385,"(40.6347036, -74.1065385)"
9317,40.7293104,-73.9978857,"(40.7293104, -73.9978857)"
9318,40.7439442,-73.9836267,"(40.7439442, -73.9836267)"
9319,40.6861166,-73.8699099,"(40.6861166, -73.8699099)"
9321,40.8050324,-73.9568204,"(40.8050324, -73.9568204)"
9322,40.7018972,-73.8949555,"(40.7018972, -73.8949555)"
9323,40.71728,-73.9954294,"(40.71728, -73.9954294)"
9325,40.7558074,-73.9864031,"(40.7558074, -73.9864031)"
9326,40.715356,-73.9977202,"(40.715356, -73.9977202)"
9327,40.7546033,-73.9335616,"(40.7546033, -73.9335616)"
9328,40.7528149,-73.9813723,"(40.7528149, -73.9813723)"
9330,40.7325834,-73.8680511,"(40.7325834, -73.8680511)"
9331,40.7557807,-74.0019852,"(40.7557807, -74.0019852)"
9334,40.7127591,-73.9022428,"(40.7127591, -73.9022428)"
9335,40.6155977,-74.1171948,"(40.6155977, -74.1171948)"
9336,40.7549047,-73.8738794,"(40.7549047, -73.8738794)"
9338,40.6849841,-73.7906095,"(40.6849841, -73.7906095)"
9340,40.7267792,-73.9889851,"(40.7267792, -73.9889851)"
9341,40.7865477,-73.9525532,"(40.7865477, -73.9525532)"
9342,40.7233076,-74.00298,"(40.7233076, -74.00298)"
9343,40.6503924,-74.0084977,"(40.6503924, -74.0084977)"
9344,40.8786453,-73.871598,"(40.8786453, -73.871598)"
9345,40.7605247,-73.9799732,"(40.7605247, -73.9799732)"
9346,40.6442514,-74.0887383,"(40.6442514, -74.0887383)"
9347,40.665256,-73.7353338,"(40.665256, -73.7353338)"
9348,40.6816856,-73.8715626,"(40.6816856, -73.8715626)"
9349,40.6520696,-74.00675,"(40.6520696, -74.00675)"
9350,40.6456658,-74.0097367,"(40.6456658, -74.0097367)"
9352,40.8187571,-73.9597705,"(40.8187571, -73.9597705)"
9353,40.8338622,-73.9482914,"(40.8338622, -73.9482914)"
9354,40.5883828,-73.9505374,"(40.5883828, -73.9505374)"
9355,40.7197394,-73.7857328,"(40.7197394, -73.7857328)"
9356,40.761391,-74.0017363,"(40.761391, -74.0017363)"
9357,40.756302,-73.9200604,"(40.756302, -73.9200604)"
9358,40.6291902,-74.1055786,"(40.6291902, -74.1055786)"
9359,40.6217937,-73.9700187,"(40.6217937, -73.9700187)"
9360,40.8105319,-73.9620549,"(40.8105319, -73.9620549)"
9361,40.7241363,-73.9926041,"(40.7241363, -73.9926041)"
9362,40.6871994,-73.8424426,"(40.6871994, -73.8424426)"
9363,40.8802593,-73.8767805,"(40.8802593, -73.8767805)"
9364,40.7328333,-73.9741445,"(40.7328333, -73.9741445)"
9365,40.731779,-73.7701087,"(40.731779, -73.7701087)"
9366,40.6035865,-73.9778271,"(40.6035865, -73.9778271)"
9367,40.615693,-73.9936499,"(40.615693, -73.9936499)"
9368,40.7372519,-73.9179831,"(40.7372519, -73.9179831)"
9370,40.6961687,-73.8044909,"(40.6961687, -73.8044909)"
9371,40.7344418,-73.7217767,"(40.7344418, -73.7217767)"
9372,40.7013995,-73.9580705,"(40.7013995, -73.9580705)"
9373,40.7244966,-73.7246817,"(40.7244966, -73.7246817)"
9374,40.6406064,-73.9832305,"(40.6406064, -73.9832305)"
9375,40.8149606,-73.8172885,"(40.8149606, -73.8172885)"
9376,40.7496708,-73.9952973,"(40.7496708, -73.9952973)"
9377,40.6104432,-73.9259256,"(40.6104432, -73.9259256)"
9378,40.7643501,-73.8259432,"(40.7643501, -73.8259432)"
9380,40.8836329,-73.8851644,"(40.8836329, -73.8851644)"
9382,40.8400212,-73.8786585,"(40.8400212, -73.8786585)"
9383,40.6921563,-73.9852802,"(40.6921563, -73.9852802)"
9384,40.6110621,-73.8971299,"(40.6110621, -73.8971299)"
9385,40.766359,-73.8875543,"(40.766359, -73.8875543)"
9386,40.7642891,-73.9556159,"(40.7642891, -73.9556159)"
9387,40.8522843,-73.8715829,"(40.8522843, -73.8715829)"
9388,40.6448524,-73.9111168,"(40.6448524, -73.9111168)"
9389,40.6896311,-73.9274026,"(40.6896311, -73.9274026)"
9390,40.7502418,-73.998596,"(40.7502418, -73.998596)"
9391,40.8267875,-73.8909065,"(40.8267875, -73.8909065)"
9393,40.7268134,-73.7414898,"(40.7268134, -73.7414898)"
9394,40.6962991,-73.8747495,"(40.6962991, -73.8747495)"
9395,40.7427877,-73.882632,"(40.7427877, -73.882632)"
9397,40.8441075,-73.8861506,"(40.8441075, -73.8861506)"
9398,40.6696554,-73.9925272,"(40.6696554, -73.9925272)"
9399,40.8185601,-73.9273161,"(40.8185601, -73.9273161)"
9400,40.6752559,-73.7320603,"(40.6752559, -73.7320603)"
9401,40.6148771,-73.9320979,"(40.6148771, -73.9320979)"
9403,40.7429104,-73.9928041,"(40.7429104, -73.9928041)"
9404,40.7464029,-73.9797248,"(40.7464029, -73.9797248)"
9405,40.6339973,-73.9477726,"(40.6339973, -73.9477726)"
9406,40.7089265,-73.7773184,"(40.7089265, -73.7773184)"
9407,40.5739728,-74.1699179,"(40.5739728, -74.1699179)"
9408,40.7609926,-73.990759,"(40.7609926, -73.990759)"
9409,40.6942103,-73.7852218,"(40.6942103, -73.7852218)"
9410,40.7318931,-74.0037886,"(40.7318931, -74.0037886)"
9411,40.6187991,-73.9834881,"(40.6187991, -73.9834881)"
9412,40.771612,-73.9904543,"(40.771612, -73.9904543)"
9413,40.7242353,-73.9977848,"(40.7242353, -73.9977848)"
9414,40.7365615,-73.9890159,"(40.7365615, -73.9890159)"
9415,40.8596442,-73.8998217,"(40.8596442, -73.8998217)"
9416,40.7460347,-73.9344002,"(40.7460347, -73.9344002)"
9417,40.6778239,-73.9163545,"(40.6778239, -73.9163545)"
9418,40.6892997,-73.874054,"(40.6892997, -73.874054)"
9419,40.7491627,-73.889904,"(40.7491627, -73.889904)"
9420,40.7542804,-73.8975005,"(40.7542804, -73.8975005)"
9421,40.6413265,-74.0070804,"(40.6413265, -74.0070804)"
9422,40.7685887,-73.8357807,"(40.7685887, -73.8357807)"
9423,40.645475,-74.0928623,"(40.645475, -74.0928623)"
9424,40.8106267,-73.9582726,"(40.8106267, -73.9582726)"
9425,40.6787376,-73.8988676,"(40.6787376, -73.8988676)"
9426,40.7305404,-73.9506483,"(40.7305404, -73.9506483)"
9427,40.7254507,-73.8377671,"(40.7254507, -73.8377671)"
9428,40.693593,-73.8297052,"(40.693593, -73.8297052)"
9429,40.6506433,-73.9215997,"(40.6506433, -73.9215997)"
9431,40.7412355,-73.8457263,"(40.7412355, -73.8457263)"
9432,40.6367879,-73.740563,"(40.6367879, -73.740563)"
9433,40.7571441,-73.8270918,"(40.7571441, -73.8270918)"
9434,40.6089369,-74.1256553,"(40.6089369, -74.1256553)"
9435,40.7631398,-73.9133956,"(40.7631398, -73.9133956)"
9436,40.6116055,-73.9197042,"(40.6116055, -73.9197042)"
9437,40.693434,-73.9659044,"(40.693434, -73.9659044)"
9438,40.8278116,-73.9259293,"(40.8278116, -73.9259293)"
9439,40.74478,-73.9758819,"(40.74478, -73.9758819)"
9440,40.6692457,-73.8012789,"(40.6692457, -73.8012789)"
9467,40.7420646,-73.8245213,"(40.7420646, -73.8245213)"
9470,40.6964274,-73.8132704,"(40.6964274, -73.8132704)"
9543,40.6047651,-74.0274479,"(40.6047651, -74.0274479)"
9553,40.626319,-74.1797202,"(40.626319, -74.1797202)"
9554,40.7245846,-73.9729493,"(40.7245846, -73.9729493)"
9565,40.6276429,-73.8902159,"(40.6276429, -73.8902159)"
9568,40.7014547,-73.9896203,"(40.7014547, -73.9896203)"
9571,40.8386358,-73.9334722,"(40.8386358, -73.9334722)"
9575,40.5336039,-74.2242513,"(40.5336039, -74.2242513)"
9576,40.6966162,-73.8162064,"(40.6966162, -73.8162064)"
9577,40.7090779,-74.0140563,"(40.7090779, -74.0140563)"
9579,40.690993,-73.9893083,"(40.690993, -73.9893083)"
9580,40.6034741,-73.9788283,"(40.6034741, -73.9788283)"
9581,40.6689987,-73.8047976,"(40.6689987, -73.8047976)"
9583,40.6517972,-73.9477442,"(40.6517972, -73.9477442)"
9584,40.5865013,-74.1045498,"(40.5865013, -74.1045498)"
9585,40.6659178,-73.9254639,"(40.6659178, -73.9254639)"
9586,40.6942755,-73.9018516,"(40.6942755, -73.9018516)"
9587,40.5648069,-74.1154645,"(40.5648069, -74.1154645)"
9588,40.6440027,-73.8758266,"(40.6440027, -73.8758266)"
9589,40.6396523,-74.0755049,"(40.6396523, -74.0755049)"
9590,40.65104,-74.0110961,"(40.65104, -74.0110961)"
9591,40.6908223,-73.9366109,"(40.6908223, -73.9366109)"
9592,40.5901544,-73.9840137,"(40.5901544, -73.9840137)"
9593,40.6320129,-74.0131754,"(40.6320129, -74.0131754)"
9594,40.7529363,-73.9854869,"(40.7529363, -73.9854869)"
9595,40.763645,-73.9776872,"(40.763645, -73.9776872)"
9596,40.7569423,-73.8722188,"(40.7569423, -73.8722188)"
9598,40.7104641,-73.9866216,"(40.7104641, -73.9866216)"
9600,40.5860675,-73.9842307,"(40.5860675, -73.9842307)"
9601,40.7302836,-73.8482364,"(40.7302836, -73.8482364)"
9603,40.5919291,-73.9576748,"(40.5919291, -73.9576748)"
9604,40.8084378,-73.8868077,"(40.8084378, -73.8868077)"
9605,40.6056732,-74.0309361,"(40.6056732, -74.0309361)"
9606,40.5583351,-74.1442186,"(40.5583351, -74.1442186)"
9607,40.7044031,-73.8144393,"(40.7044031, -73.8144393)"
9608,40.6679546,-73.8700642,"(40.6679546, -73.8700642)"
9609,40.7047994,-73.8621117,"(40.7047994, -73.8621117)"
9610,40.8212629,-73.9460792,"(40.8212629, -73.9460792)"
9611,40.8728912,-73.8806921,"(40.8728912, -73.8806921)"
9613,40.6911938,-73.9977679,"(40.6911938, -73.9977679)"
9614,40.637108,-73.8933748,"(40.637108, -73.8933748)"
9615,40.7546224,-73.9971269,"(40.7546224, -73.9971269)"
9616,40.757586,-73.8866847,"(40.757586, -73.8866847)"
9618,40.6409147,-73.9736422,"(40.6409147, -73.9736422)"
9619,40.7551396,-73.9221192,"(40.7551396, -73.9221192)"
9621,40.6862876,-73.9694885,"(40.6862876, -73.9694885)"
9622,40.589301,-74.1672205,"(40.589301, -74.1672205)"
9623,40.7584515,-73.893473,"(40.7584515, -73.893473)"
9624,40.679254,-73.8187058,"(40.679254, -73.8187058)"
9625,40.75892,-73.7746859,"(40.75892, -73.7746859)"
9626,40.6669528,-73.7663266,"(40.6669528, -73.7663266)"
9627,40.8701843,-73.8855166,"(40.8701843, -73.8855166)"
9628,40.8255299,-73.9059361,"(40.8255299, -73.9059361)"
9629,40.7152351,-74.0054181,"(40.7152351, -74.0054181)"
9630,40.7094848,-73.9940233,"(40.7094848, -73.9940233)"
9631,40.6999378,-73.9118079,"(40.6999378, -73.9118079)"
9632,40.779998,-73.9769018,"(40.779998, -73.9769018)"
9633,40.7342733,-73.8625956,"(40.7342733, -73.8625956)"
9634,40.7023333,-73.7661239,"(40.7023333, -73.7661239)"
9636,40.6813145,-73.947631,"(40.6813145, -73.947631)"
9637,40.7589782,-73.9939358,"(40.7589782, -73.9939358)"
9638,40.7427065,-73.9845256,"(40.7427065, -73.9845256)"
9639,40.7304423,-73.9803395,"(40.7304423, -73.9803395)"
9641,40.5886305,-73.9679705,"(40.5886305, -73.9679705)"
9642,40.8467631,-73.9337768,"(40.8467631, -73.9337768)"
9643,40.7211721,-73.9965764,"(40.7211721, -73.9965764)"
9644,40.6460174,-74.0057837,"(40.6460174, -74.0057837)"
9645,40.6605938,-73.9313269,"(40.6605938, -73.9313269)"
9646,40.6026699,-74.1840896,"(40.6026699, -74.1840896)"
9648,40.5899805,-73.9931275,"(40.5899805, -73.9931275)"
9649,40.8311405,-73.8797696,"(40.8311405, -73.8797696)"
9650,40.6767521,-73.9183063,"(40.6767521, -73.9183063)"
9651,40.7313511,-73.9825546,"(40.7313511, -73.9825546)"
9652,40.7329414,-73.9203819,"(40.7329414, -73.9203819)"
9653,40.6059516,-74.0760061,"(40.6059516, -74.0760061)"
9654,40.5646695,-74.1155902,"(40.5646695, -74.1155902)"
9655,40.6932662,-73.8240625,"(40.6932662, -73.8240625)"
9656,40.7165417,-73.9969843,"(40.7165417, -73.9969843)"
9657,40.6132456,-74.1552911,"(40.6132456, -74.1552911)"
9658,40.7942333,-73.9469462,"(40.7942333, -73.9469462)"
9659,40.8185601,-73.9273161,"(40.8185601, -73.9273161)"
9660,40.8703607,-73.9044192,"(40.8703607, -73.9044192)"
9661,40.6706265,-73.8955418,"(40.6706265, -73.8955418)"
9662,40.6652567,-73.739252,"(40.6652567, -73.739252)"
9663,40.8966893,-73.8451038,"(40.8966893, -73.8451038)"
9664,40.6114632,-73.9243649,"(40.6114632, -73.9243649)"
9665,40.7535377,-73.8868974,"(40.7535377, -73.8868974)"
9668,40.7477508,-73.9808504,"(40.7477508, -73.9808504)"
9669,40.7722094,-73.9821793,"(40.7722094, -73.9821793)"
9670,40.6691258,-73.7436852,"(40.6691258, -73.7436852)"
9671,40.738325,-73.8855916,"(40.738325, -73.8855916)"
9672,40.7303695,-73.9138714,"(40.7303695, -73.9138714)"
9673,40.7470222,-74.004652,"(40.7470222, -74.004652)"
9674,40.7445322,-73.9888703,"(40.7445322, -73.9888703)"
9675,40.6741716,-73.9788239,"(40.6741716, -73.9788239)"
9676,40.8150745,-73.919466,"(40.8150745, -73.919466)"
9677,40.7556581,-73.9456775,"(40.7556581, -73.9456775)"
9678,40.6604526,-73.867181,"(40.6604526, -73.867181)"
9679,40.8046692,-73.9321824,"(40.8046692, -73.9321824)"
9680,40.6829568,-73.9978727,"(40.6829568, -73.9978727)"
9681,40.7735301,-73.9853308,"(40.7735301, -73.9853308)"
9682,40.6139292,-74.1640838,"(40.6139292, -74.1640838)"
9683,40.6667525,-73.7799356,"(40.6667525, -73.7799356)"
9684,40.7284969,-73.7468556,"(40.7284969, -73.7468556)"
9685,40.7629131,-73.9697999,"(40.7629131, -73.9697999)"
9686,40.6339982,-74.0972671,"(40.6339982, -74.0972671)"
9687,40.7652399,-73.7768847,"(40.7652399, -73.7768847)"
9688,40.7014547,-73.9896203,"(40.7014547, -73.9896203)"
9689,40.8411882,-73.9321417,"(40.8411882, -73.9321417)"
9690,40.7603642,-73.9737646,"(40.7603642, -73.9737646)"
9691,40.6796556,-73.8855553,"(40.6796556, -73.8855553)"
9692,40.6775631,-73.9330796,"(40.6775631, -73.9330796)"
9693,40.6569792,-73.8894182,"(40.6569792, -73.8894182)"
9694,40.6168708,-74.1441938,"(40.6168708, -74.1441938)"
9696,40.6834728,-73.999726,"(40.6834728, -73.999726)"
9697,40.7702901,-73.8173172,"(40.7702901, -73.8173172)"
9698,40.5673935,-74.1522826,"(40.5673935, -74.1522826)"
9699,40.817176,-73.9460573,"(40.817176, -73.9460573)"
9700,40.5610915,-74.1698275,"(40.5610915, -74.1698275)"
9701,40.740343,-73.8249847,"(40.740343, -73.8249847)"
9702,40.750999,-73.9487997,"(40.750999, -73.9487997)"
9703,40.6528558,-73.9459054,"(40.6528558, -73.9459054)"
9704,40.7428752,-73.9339378,"(40.7428752, -73.9339378)"
9705,40.6497155,-73.9512919,"(40.6497155, -73.9512919)"
9706,40.6219951,-73.9949208,"(40.6219951, -73.9949208)"
9707,40.7315183,-73.7715348,"(40.7315183, -73.7715348)"
9708,40.7878593,-73.9516098,"(40.7878593, -73.9516098)"
9710,40.7071305,-73.9032574,"(40.7071305, -73.9032574)"
9712,40.642134,-73.9293532,"(40.642134, -73.9293532)"
9713,40.7242849,-73.9755935,"(40.7242849, -73.9755935)"
9714,40.6963525,-73.940706,"(40.6963525, -73.940706)"
9715,40.6229635,-74.0118335,"(40.6229635, -74.0118335)"
9716,40.6017957,-73.9725665,"(40.6017957, -73.9725665)"
9717,40.820189,-73.8906752,"(40.820189, -73.8906752)"
9718,40.6690936,-73.8971015,"(40.6690936, -73.8971015)"
9719,40.6841675,-73.9293087,"(40.6841675, -73.9293087)"
9720,40.7199351,-73.9787516,"(40.7199351, -73.9787516)"
9721,40.7244966,-73.7246817,"(40.7244966, -73.7246817)"
9722,40.7573389,-73.986013,"(40.7573389, -73.986013)"
9723,40.8077723,-73.9454833,"(40.8077723, -73.9454833)"
9724,40.7578281,-73.9930696,"(40.7578281, -73.9930696)"
9725,40.6208269,-74.0818918,"(40.6208269, -74.0818918)"
9726,40.7509045,-73.9806727,"(40.7509045, -73.9806727)"
9727,40.7972169,-73.9699144,"(40.7972169, -73.9699144)"
9728,40.546964,-74.1582846,"(40.546964, -74.1582846)"
9729,40.6980388,-73.9628402,"(40.6980388, -73.9628402)"
9730,40.7583771,-73.9943762,"(40.7583771, -73.9943762)"
9731,40.6903113,-73.9988005,"(40.6903113, -73.9988005)"
9732,40.6984873,-73.9214352,"(40.6984873, -73.9214352)"
9733,40.7583771,-73.9943762,"(40.7583771, -73.9943762)"
9734,40.642134,-73.9293532,"(40.642134, -73.9293532)"
9735,40.7214535,-73.8439779,"(40.7214535, -73.8439779)"
9737,40.6590942,-73.7402817,"(40.6590942, -73.7402817)"
9738,40.6526435,-73.9497689,"(40.6526435, -73.9497689)"
9739,40.76974,-73.9627027,"(40.76974, -73.9627027)"
9740,40.6422535,-73.9274145,"(40.6422535, -73.9274145)"
9741,40.7601164,-73.9848356,"(40.7601164, -73.9848356)"
9742,40.6580065,-73.8740698,"(40.6580065, -73.8740698)"
9743,40.8436376,-73.8540136,"(40.8436376, -73.8540136)"
9744,40.6347677,-73.9353599,"(40.6347677, -73.9353599)"
9745,40.6349117,-74.0101603,"(40.6349117, -74.0101603)"
9746,40.600883,-73.958681,"(40.600883, -73.958681)"
9747,40.8094569,-73.9094448,"(40.8094569, -73.9094448)"
9748,40.8209858,-73.8916133,"(40.8209858, -73.8916133)"
9749,40.6462644,-73.912686,"(40.6462644, -73.912686)"
9751,40.6475736,-74.0874238,"(40.6475736, -74.0874238)"
9752,40.6438124,-73.9839756,"(40.6438124, -73.9839756)"
9753,40.746355,-73.9161602,"(40.746355, -73.9161602)"
9754,40.6366396,-73.9796825,"(40.6366396, -73.9796825)"
9755,40.6663098,-73.7916994,"(40.6663098, -73.7916994)"
9757,40.8128153,-73.9418016,"(40.8128153, -73.9418016)"
9759,40.6025755,-73.9433137,"(40.6025755, -73.9433137)"
9760,40.8782381,-73.9214213,"(40.8782381, -73.9214213)"
9761,40.6441352,-73.9344103,"(40.6441352, -73.9344103)"
9762,40.8356216,-73.9278576,"(40.8356216, -73.9278576)"
9763,40.5140563,-74.2417733,"(40.5140563, -74.2417733)"
9764,40.8725024,-73.9021454,"(40.8725024, -73.9021454)"
9765,40.6829709,-73.976665,"(40.6829709, -73.976665)"
9766,40.7640559,-73.9922423,"(40.7640559, -73.9922423)"
9767,40.7216331,-73.9935279,"(40.7216331, -73.9935279)"
9768,40.6989727,-73.957019,"(40.6989727, -73.957019)"
9769,40.6909168,-73.7281786,"(40.6909168, -73.7281786)"
9770,40.7768767,-73.9493719,"(40.7768767, -73.9493719)"
9771,40.7273845,-73.9518233,"(40.7273845, -73.9518233)"
9772,40.8627384,-73.8417665,"(40.8627384, -73.8417665)"
9773,40.8319738,-73.9234891,"(40.8319738, -73.9234891)"
9774,40.6367952,-74.1547757,"(40.6367952, -74.1547757)"
9775,40.6839359,-73.8711869,"(40.6839359, -73.8711869)"
9776,40.8182116,-73.96143,"(40.8182116, -73.96143)"
9777,40.7299258,-73.9120743,"(40.7299258, -73.9120743)"
9778,40.7580726,-73.8820347,"(40.7580726, -73.8820347)"
9780,40.6767799,-73.9834738,"(40.6767799, -73.9834738)"
9781,40.8550978,-73.9368917,"(40.8550978, -73.9368917)"
9782,40.7197861,-73.9985245,"(40.7197861, -73.9985245)"
9783,40.6833771,-73.7604251,"(40.6833771, -73.7604251)"
9784,40.7275681,-73.9292693,"(40.7275681, -73.9292693)"
9785,40.7171751,-74.0128675,"(40.7171751, -74.0128675)"
9786,40.6466864,-73.9541265,"(40.6466864, -73.9541265)"
9787,40.6837777,-73.7697441,"(40.6837777, -73.7697441)"
9788,40.7323159,-74.0005124,"(40.7323159, -74.0005124)"
9789,40.7146219,-73.9011579,"(40.7146219, -73.9011579)"
9791,40.8312111,-73.8508718,"(40.8312111, -73.8508718)"
9792,40.6936625,-73.8521639,"(40.6936625, -73.8521639)"
9794,40.5878104,-74.0985068,"(40.5878104, -74.0985068)"
9795,40.8105319,-73.9620549,"(40.8105319, -73.9620549)"
9797,40.6687978,-73.9311201,"(40.6687978, -73.9311201)"
9798,40.8383616,-73.9249165,"(40.8383616, -73.9249165)"
9799,40.7749592,-73.9588943,"(40.7749592, -73.9588943)"
9800,40.8729592,-73.8749391,"(40.8729592, -73.8749391)"
9801,40.744669,-73.9316841,"(40.744669, -73.9316841)"
9802,40.7808576,-73.9588149,"(40.7808576, -73.9588149)"
9803,40.7489737,-74.0032374,"(40.7489737, -74.0032374)"
9804,40.7597301,-73.9916833,"(40.7597301, -73.9916833)"
9805,40.6725954,-73.8822616,"(40.6725954, -73.8822616)"
9806,40.6107459,-74.063666,"(40.6107459, -74.063666)"
9807,40.7131721,-73.7857198,"(40.7131721, -73.7857198)"
9808,40.6422352,-74.002544,"(40.6422352, -74.002544)"
9809,40.6914567,-73.8851569,"(40.6914567, -73.8851569)"
9810,40.6522743,-73.842053,"(40.6522743, -73.842053)"
9811,40.6503881,-73.958708,"(40.6503881, -73.958708)"
9812,40.7646435,-73.9165884,"(40.7646435, -73.9165884)"
9814,40.6639246,-73.8996038,"(40.6639246, -73.8996038)"
9815,40.7441866,-73.9918693,"(40.7441866, -73.9918693)"
9816,40.6969863,-73.9352238,"(40.6969863, -73.9352238)"
9817,40.6466639,-74.0889325,"(40.6466639, -74.0889325)"
9818,40.6505183,-73.9235855,"(40.6505183, -73.9235855)"
9819,40.7149962,-73.9285112,"(40.7149962, -73.9285112)"
9821,40.6917177,-73.9240539,"(40.6917177, -73.9240539)"
9822,40.701529,-73.9895629,"(40.701529, -73.9895629)"
9823,40.6714571,-73.9141707,"(40.6714571, -73.9141707)"
9824,40.6377555,-74.0072062,"(40.6377555, -74.0072062)"
9825,40.7125314,-74.0076652,"(40.7125314, -74.0076652)"
9826,40.7710377,-73.8341189,"(40.7710377, -73.8341189)"
9829,40.6576643,-73.8970434,"(40.6576643, -73.8970434)"
9830,40.7171751,-74.0128675,"(40.7171751, -74.0128675)"
9832,40.8504859,-73.9221268,"(40.8504859, -73.9221268)"
9833,40.8460925,-73.9447488,"(40.8460925, -73.9447488)"
9834,40.768595,-73.9852164,"(40.768595, -73.9852164)"
9835,40.6018539,-73.9498756,"(40.6018539, -73.9498756)"
9836,40.7640562,-73.9647563,"(40.7640562, -73.9647563)"
9837,40.6650745,-73.9965685,"(40.6650745, -73.9965685)"
9838,40.8733829,-73.8893729,"(40.8733829, -73.8893729)"
9839,40.7294318,-73.978027,"(40.7294318, -73.978027)"
9840,40.8596434,-73.9053311,"(40.8596434, -73.9053311)"
9842,40.7640559,-73.9922423,"(40.7640559, -73.9922423)"
9843,40.6404324,-73.9661729,"(40.6404324, -73.9661729)"
9844,40.8380117,-73.8732802,"(40.8380117, -73.8732802)"
9845,40.7413566,-73.989127,"(40.7413566, -73.989127)"
9847,40.7016174,-73.8306296,"(40.7016174, -73.8306296)"
9849,40.8103186,-73.9436244,"(40.8103186, -73.9436244)"
9851,40.7676137,-73.9499947,"(40.7676137, -73.9499947)"
9852,40.7591044,-73.9921418,"(40.7591044, -73.9921418)"
9853,40.6774056,-73.9830482,"(40.6774056, -73.9830482)"
9854,40.8310577,-73.9058416,"(40.8310577, -73.9058416)"
9855,40.7688772,-73.9489716,"(40.7688772, -73.9489716)"
9856,40.7831465,-73.978327,"(40.7831465, -73.978327)"
9857,40.7565375,-73.8760673,"(40.7565375, -73.8760673)"
9858,40.6396438,-74.0088242,"(40.6396438, -74.0088242)"
9859,40.7504323,-73.9353234,"(40.7504323, -73.9353234)"
9860,40.6898305,-73.9786242,"(40.6898305, -73.9786242)"
9862,40.6072565,-73.9672737,"(40.6072565, -73.9672737)"
9864,40.7686302,-73.935822,"(40.7686302, -73.935822)"
9865,40.6836583,-73.9078777,"(40.6836583, -73.9078777)"
9866,40.6548824,-73.9618804,"(40.6548824, -73.9618804)"
9867,40.7493471,-73.8258452,"(40.7493471, -73.8258452)"
9868,40.8338557,-73.8246339,"(40.8338557, -73.8246339)"
9870,40.7602226,-73.967462,"(40.7602226, -73.967462)"
9871,40.8773934,-73.8664909,"(40.8773934, -73.8664909)"
9874,40.7401151,-73.9822131,"(40.7401151, -73.9822131)"
9875,40.8381061,-73.8350092,"(40.8381061, -73.8350092)"
9876,40.8493101,-73.8848007,"(40.8493101, -73.8848007)"
9877,40.7267706,-73.8954105,"(40.7267706, -73.8954105)"
9878,40.751453,-73.9781533,"(40.751453, -73.9781533)"
9880,40.753113,-73.9337003,"(40.753113, -73.9337003)"
9881,40.5890362,-74.0898783,"(40.5890362, -74.0898783)"
9882,40.5949692,-74.1923231,"(40.5949692, -74.1923231)"
9883,40.642547,-74.0166511,"(40.642547, -74.0166511)"
9884,40.7929327,-73.9479007,"(40.7929327, -73.9479007)"
9885,40.5921873,-73.9776941,"(40.5921873, -73.9776941)"
9886,40.6656729,-73.9960494,"(40.6656729, -73.9960494)"
9887,40.6983238,-73.9622533,"(40.6983238, -73.9622533)"
9888,40.7684391,-73.9199556,"(40.7684391, -73.9199556)"
9889,40.783844,-73.9799879,"(40.783844, -73.9799879)"
9890,40.7565272,-73.994019,"(40.7565272, -73.994019)"
9891,40.757961,-73.7856623,"(40.757961, -73.7856623)"
9892,40.7200441,-73.999062,"(40.7200441, -73.999062)"
9893,40.5961831,-73.9973858,"(40.5961831, -73.9973858)"
9894,40.674555,-73.9996611,"(40.674555, -73.9996611)"
9896,40.6725296,-73.9502515,"(40.6725296, -73.9502515)"
9897,40.6474292,-73.9791171,"(40.6474292, -73.9791171)"
9899,40.6529272,-73.9593299,"(40.6529272, -73.9593299)"
9900,40.7759231,-73.9531674,"(40.7759231, -73.9531674)"
9901,40.7236503,-73.991024,"(40.7236503, -73.991024)"
9902,40.8119355,-73.8877265,"(40.8119355, -73.8877265)"
9903,40.7594056,-73.9851029,"(40.7594056, -73.9851029)"
9904,40.5908509,-73.9674438,"(40.5908509, -73.9674438)"
9906,40.7063609,-73.9052567,"(40.7063609, -73.9052567)"
9907,40.7324263,-73.8539,"(40.7324263, -73.8539)"
9908,40.748732,-73.9379056,"(40.748732, -73.9379056)"
9909,40.8356902,-73.9373836,"(40.8356902, -73.9373836)"
9911,40.7327574,-73.9900269,"(40.7327574, -73.9900269)"
9912,40.740061,-73.7898821,"(40.740061, -73.7898821)"
9913,40.7053507,-73.9624863,"(40.7053507, -73.9624863)"
9914,40.6407689,-74.0947511,"(40.6407689, -74.0947511)"
9915,40.7087102,-73.7790469,"(40.7087102, -73.7790469)"
9916,40.8793216,-73.8697937,"(40.8793216, -73.8697937)"
9917,40.6305808,-73.8859004,"(40.6305808, -73.8859004)"
9918,40.7233899,-73.9562745,"(40.7233899, -73.9562745)"
9919,40.6354937,-74.0095587,"(40.6354937, -74.0095587)"
9920,40.8398267,-73.9325606,"(40.8398267, -73.9325606)"
9921,40.6794861,-73.9468176,"(40.6794861, -73.9468176)"
9922,40.7381106,-73.9253976,"(40.7381106, -73.9253976)"
9923,40.859607,-73.907775,"(40.859607, -73.907775)"
9924,40.711919,-73.8712771,"(40.711919, -73.8712771)"
9925,40.749824,-73.9722023,"(40.749824, -73.9722023)"
9926,40.6695546,-73.9449618,"(40.6695546, -73.9449618)"
9927,40.6824037,-73.7518042,"(40.6824037, -73.7518042)"
9928,40.7647112,-73.8306857,"(40.7647112, -73.8306857)"
9930,40.8449733,-73.9024678,"(40.8449733, -73.9024678)"
9931,40.7667442,-73.9259648,"(40.7667442, -73.9259648)"
9932,40.7627943,-73.8355747,"(40.7627943, -73.8355747)"
9933,40.7472966,-73.974044,"(40.7472966, -73.974044)"
9935,40.877334,-73.8853163,"(40.877334, -73.8853163)"
9936,40.6329963,-73.9978131,"(40.6329963, -73.9978131)"
9937,40.5860907,-73.8225195,"(40.5860907, -73.8225195)"
9938,40.8142683,-73.9129533,"(40.8142683, -73.9129533)"
9939,40.5775496,-74.1272508,"(40.5775496, -74.1272508)"
9940,40.8780222,-73.9024048,"(40.8780222, -73.9024048)"
9941,40.5966172,-73.9765079,"(40.5966172, -73.9765079)"
9942,40.719058,-74.0124422,"(40.719058, -74.0124422)"
9943,40.6756852,-74.0011831,"(40.6756852, -74.0011831)"
9944,40.8357057,-73.8887453,"(40.8357057, -73.8887453)"
9945,40.8278116,-73.9259293,"(40.8278116, -73.9259293)"
9946,40.6596509,-73.7738282,"(40.6596509, -73.7738282)"
9947,40.7606005,-73.9643142,"(40.7606005, -73.9643142)"
9948,40.7551702,-73.8890891,"(40.7551702, -73.8890891)"
9949,40.5480522,-74.2104943,"(40.5480522, -74.2104943)"
9950,40.7454836,-73.7193523,"(40.7454836, -73.7193523)"
9951,40.6960346,-73.9845292,"(40.6960346, -73.9845292)"
9953,40.665256,-73.7353338,"(40.665256, -73.7353338)"
9954,40.5798042,-73.9718339,"(40.5798042, -73.9718339)"
9955,40.718847,-73.7600307,"(40.718847, -73.7600307)"
9956,40.6428925,-74.113852,"(40.6428925, -74.113852)"
9957,40.742258,-73.9776727,"(40.742258, -73.9776727)"
9958,40.6178527,-73.9880665,"(40.6178527, -73.9880665)"
9959,40.750218,-73.979056,"(40.750218, -73.979056)"
9960,40.7153731,-73.958224,"(40.7153731, -73.958224)"
9961,40.74478,-73.9758819,"(40.74478, -73.9758819)"
9962,40.7528008,-73.9792862,"(40.7528008, -73.9792862)"
9963,40.6961518,-73.8090925,"(40.6961518, -73.8090925)"
9964,40.7489156,-73.9373965,"(40.7489156, -73.9373965)"
9965,40.7654191,-73.9838236,"(40.7654191, -73.9838236)"
9966,40.8856931,-73.8616389,"(40.8856931, -73.8616389)"
9968,40.7291123,-74.0106725,"(40.7291123, -74.0106725)"
9969,40.7005823,-73.8077418,"(40.7005823, -73.8077418)"
9970,40.7425234,-73.949232,"(40.7425234, -73.949232)"
9971,40.73361,-73.9238405,"(40.73361, -73.9238405)"
9972,40.7055782,-73.8709431,"(40.7055782, -73.8709431)"
9974,40.7306541,-73.9830707,"(40.7306541, -73.9830707)"
9975,40.6991603,-73.7995413,"(40.6991603, -73.7995413)"
9976,40.6569792,-73.8894182,"(40.6569792, -73.8894182)"
9977,40.8212926,-73.9579119,"(40.8212926, -73.9579119)"
9979,40.885314,-73.9081263,"(40.885314, -73.9081263)"
9981,40.6364952,-73.9870003,"(40.6364952, -73.9870003)"
9982,40.7602507,-73.9696243,"(40.7602507, -73.9696243)"
9983,40.703373,-73.7591811,"(40.703373, -73.7591811)"
9984,40.6642022,-73.8122118,"(40.6642022, -73.8122118)"
9985,40.8225107,-73.8875353,"(40.8225107, -73.8875353)"
9986,40.7170936,-73.8262977,"(40.7170936, -73.8262977)"
9987,40.7726551,-73.9555525,"(40.7726551, -73.9555525)"
9988,40.7595273,-73.999242,"(40.7595273, -73.999242)"
9989,40.8544772,-73.9012465,"(40.8544772, -73.9012465)"
9990,40.702159,-73.9493782,"(40.702159, -73.9493782)"
9991,40.618602,-73.9324615,"(40.618602, -73.9324615)"
9992,40.6618355,-73.8931046,"(40.6618355, -73.8931046)"
9993,40.8666127,-73.8903603,"(40.8666127, -73.8903603)"
9994,40.6521168,-73.8998342,"(40.6521168, -73.8998342)"
9995,40.6527885,-73.919961,"(40.6527885, -73.919961)"
9996,40.7563226,-73.852285,"(40.7563226, -73.852285)"
9997,40.7629537,-73.8319573,"(40.7629537, -73.8319573)"
9999,40.6907986,-73.9563571,"(40.6907986, -73.9563571)"
