,latitude,longitude,location
1,40.85053,-73.905136,"(40.85053, -73.905136)"
2,40.785732,-73.97645,"(40.785732, -73.97645)"
3,40.66077,-73.91975,"(40.66077, -73.91975)"
4,40.84893,-73.890465,"(40.84893, -73.890465)"
5,40.67689,-73.981674,"(40.67689, -73.981674)"
6,40.688904,-73.980934,"(40.688904, -73.980934)"
7,40.621235,-74.09776,"(40.621235, -74.09776)"
8,40.663483,-73.9627,"(40.663483, -73.9627)"
10,40.735386,-73.783585,"(40.735386, -73.783585)"
11,40.67228,-73.978714,"(40.67228, -73.978714)"
12,40.693127,-73.83134,"(40.693127, -73.83134)"
13,40.760838,-73.71589,"(40.760838, -73.71589)"
14,40.717922,-73.80377,"(40.717922, -73.80377)"
15,40.64311,-74.016075,"(40.64311, -74.016075)"
16,40.701813,-73.80888,"(40.701813, -73.80888)"
17,40.779488,-73.920135,"(40.779488, -73.920135)"
18,40.60574,-74.17009,"(40.60574, -74.17009)"
19,40.73136,-73.98257,"(40.73136, -73.98257)"
20,40.83609,-73.87039,"(40.83609, -73.87039)"
21,40.721485,-73.984825,"(40.721485, -73.984825)"
22,40.761173,-73.95789,"(40.761173, -73.95789)"
23,40.85083,-73.889336,"(40.85083, -73.889336)"
24,40.678394,-74.01169,"(40.678394, -74.01169)"
25,40.741386,-73.72489,"(40.741386, -73.72489)"
26,40.889683,-73.85266,"(40.889683, -73.85266)"
27,40.584297,-74.15796,"(40.584297, -74.15796)"
28,40.70145,-73.989624,"(40.70145, -73.989624)"
29,40.77099,-73.99092,"(40.77099, -73.99092)"
30,40.765182,-73.81414,"(40.765182, -73.81414)"
31,40.746067,-73.88365,"(40.746067, -73.88365)"
32,40.677628,-73.89733,"(40.677628, -73.89733)"
33,40.683544,-74.00176,"(40.683544, -74.00176)"
34,40.85098,-73.93857,"(40.85098, -73.93857)"
35,40.65034,-73.97462,"(40.65034, -73.97462)"
36,40.65633,-73.916176,"(40.65633, -73.916176)"
37,40.570465,-74.10977,"(40.570465, -74.10977)"
39,40.619423,-73.91921,"(40.619423, -73.91921)"
40,40.72766,-74.001396,"(40.72766, -74.001396)"
41,40.711597,-73.85819,"(40.711597, -73.85819)"
42,40.771015,-73.9136,"(40.771015, -73.9136)"
43,40.62189,-74.02874,"(40.62189, -74.02874)"
44,40.873737,-73.90593,"(40.873737, -73.90593)"
45,40.793186,-73.94057,"(40.793186, -73.94057)"
46,40.75455,-73.74317,"(40.75455, -73.74317)"
47,40.6949,-73.953285,"(40.6949, -73.953285)"
48,40.828407,-73.84392,"(40.828407, -73.84392)"
49,40.674603,-73.80526,"(40.674603, -73.80526)"
50,40.66255,-73.90893,"(40.66255, -73.90893)"
52,40.771656,-73.95319,"(40.771656, -73.95319)"
53,40.778805,-73.974075,"(40.778805, -73.974075)"
54,40.67944,-73.89714,"(40.67944, -73.89714)"
55,40.730137,-73.92693,"(40.730137, -73.92693)"
56,40.771713,-73.94713,"(40.771713, -73.94713)"
58,40.71705,-73.82324,"(40.71705, -73.82324)"
59,40.66659,-73.89239,"(40.66659, -73.89239)"
60,40.757484,-73.9896,"(40.757484, -73.9896)"
61,40.70739,-73.94827,"(40.70739, -73.94827)"
62,40.737953,-73.85109,"(40.737953, -73.85109)"
63,40.843903,-73.927284,"(40.843903, -73.927284)"
64,40.783306,-73.952805,"(40.783306, -73.952805)"
65,40.677483,-73.93033,"(40.677483, -73.93033)"
66,40.73177,-73.866714,"(40.73177, -73.866714)"
68,40.63333,-73.92069,"(40.63333, -73.92069)"
69,40.57322,-74.106995,"(40.57322, -74.106995)"
70,40.699997,-73.95723,"(40.699997, -73.95723)"
71,40.666725,-73.86977,"(40.666725, -73.86977)"
72,40.74209,-73.854324,"(40.74209, -73.854324)"
73,40.625042,-73.99534,"(40.625042, -73.99534)"
74,40.607685,-74.13892,"(40.607685, -74.13892)"
75,40.83539,-73.887825,"(40.83539, -73.887825)"
76,40.628654,-73.99517,"(40.628654, -73.99517)"
77,40.83489,-73.93776,"(40.83489, -73.93776)"
78,40.582615,-73.986275,"(40.582615, -73.986275)"
79,40.834476,-73.89659,"(40.834476, -73.89659)"
80,40.741047,-73.91818,"(40.741047, -73.91818)"
81,40.69875,-73.923515,"(40.69875, -73.923515)"
82,40.683594,-73.80345,"(40.683594, -73.80345)"
83,40.67538,-73.9082,"(40.67538, -73.9082)"
85,40.63529,-73.958206,"(40.63529, -73.958206)"
86,40.769352,-73.77198,"(40.769352, -73.77198)"
87,40.757698,-73.9694,"(40.757698, -73.9694)"
88,40.787224,-73.95417,"(40.787224, -73.95417)"
89,40.709682,-73.89891,"(40.709682, -73.89891)"
90,40.8517,-73.888596,"(40.8517, -73.888596)"
91,40.825935,-73.85913,"(40.825935, -73.85913)"
92,40.7177,-73.979904,"(40.7177, -73.979904)"
93,40.890675,-73.89777,"(40.890675, -73.89777)"
94,40.786476,-73.81628,"(40.786476, -73.81628)"
95,40.636242,-74.01237,"(40.636242, -74.01237)"
96,40.75863,-73.78057,"(40.75863, -73.78057)"
97,40.84519,-73.9112,"(40.84519, -73.9112)"
98,40.623974,-74.14903,"(40.623974, -74.14903)"
99,40.86697,-73.837326,"(40.86697, -73.837326)"
100,40.770554,-73.83551,"(40.770554, -73.83551)"
101,40.709614,-73.814545,"(40.709614, -73.814545)"
102,40.738388,-73.80674,"(40.738388, -73.80674)"
104,40.737648,-73.980385,"(40.737648, -73.980385)"
105,40.770256,-73.91586,"(40.770256, -73.91586)"
106,40.798256,-73.82744,"(40.798256, -73.82744)"
107,40.848118,-73.93089,"(40.848118, -73.93089)"
108,40.787857,-73.96745,"(40.787857, -73.96745)"
109,40.75939,-73.98508,"(40.75939, -73.98508)"
110,40.62095,-73.9555,"(40.62095, -73.9555)"
111,40.758347,-73.979,"(40.758347, -73.979)"
112,40.68811,-73.819336,"(40.68811, -73.819336)"
113,40.764515,-73.83149,"(40.764515, -73.83149)"
114,40.845886,-73.913506,"(40.845886, -73.913506)"
115,40.757034,-73.87133,"(40.757034, -73.87133)"
116,40.73329,-73.81751,"(40.73329, -73.81751)"
117,40.812744,-73.937645,"(40.812744, -73.937645)"
118,40.868893,-73.92289,"(40.868893, -73.92289)"
119,40.606403,-74.00714,"(40.606403, -74.00714)"
120,40.641125,-73.94563,"(40.641125, -73.94563)"
121,40.753387,-73.99631,"(40.753387, -73.99631)"
122,40.659107,-73.99576,"(40.659107, -73.99576)"
123,40.639175,-74.121826,"(40.639175, -74.121826)"
124,40.668495,-73.925606,"(40.668495, -73.925606)"
125,40.768024,-73.97029,"(40.768024, -73.97029)"
126,40.747112,-73.96894,"(40.747112, -73.96894)"
127,40.62734,-73.94126,"(40.62734, -73.94126)"
128,40.821667,-73.915184,"(40.821667, -73.915184)"
130,40.830563,-73.87091,"(40.830563, -73.87091)"
131,40.714584,-73.961525,"(40.714584, -73.961525)"
132,40.597794,-73.99626,"(40.597794, -73.99626)"
133,40.87314,-73.90572,"(40.87314, -73.90572)"
134,40.728657,-73.863266,"(40.728657, -73.863266)"
135,40.8047,-73.91243,"(40.8047, -73.91243)"
136,40.870056,-73.83222,"(40.870056, -73.83222)"
137,40.64461,-73.9267,"(40.64461, -73.9267)"
138,40.69775,-73.81393,"(40.69775, -73.81393)"
139,40.71975,-73.992165,"(40.71975, -73.992165)"
140,40.62737,-73.89969,"(40.62737, -73.89969)"
141,40.627052,-74.16485,"(40.627052, -74.16485)"
142,40.641808,-73.99429,"(40.641808, -73.99429)"
143,40.638836,-73.92317,"(40.638836, -73.92317)"
144,40.665257,-73.735344,"(40.665257, -73.735344)"
145,40.673107,-73.99959,"(40.673107, -73.99959)"
146,40.843777,-73.90947,"(40.843777, -73.90947)"
147,40.71123,-73.85575,"(40.71123, -73.85575)"
148,40.74876,-73.817116,"(40.74876, -73.817116)"
150,40.598476,-73.93141,"(40.598476, -73.93141)"
151,40.630234,-74.01685,"(40.630234, -74.01685)"
152,40.767838,-73.99604,"(40.767838, -73.99604)"
153,40.722496,-73.940414,"(40.722496, -73.940414)"
154,40.615383,-74.01613,"(40.615383, -74.01613)"
155,40.748344,-73.99025,"(40.748344, -73.99025)"
156,40.68231,-73.84495,"(40.68231, -73.84495)"
157,40.73744,-73.79575,"(40.73744, -73.79575)"
158,40.7006,-73.94301,"(40.7006, -73.94301)"
159,40.852486,-73.927704,"(40.852486, -73.927704)"
161,40.711678,-73.964966,"(40.711678, -73.964966)"
162,40.769115,-73.98856,"(40.769115, -73.98856)"
163,40.686905,-73.94463,"(40.686905, -73.94463)"
164,40.713276,-73.76483,"(40.713276, -73.76483)"
165,40.743195,-73.93673,"(40.743195, -73.93673)"
166,40.747105,-73.96709,"(40.747105, -73.96709)"
167,40.83661,-73.92234,"(40.83661, -73.92234)"
168,40.867474,-73.89741,"(40.867474, -73.89741)"
169,40.759842,-73.83186,"(40.759842, -73.83186)"
170,40.668648,-73.92835,"(40.668648, -73.92835)"
171,40.764587,-73.9819,"(40.764587, -73.9819)"
172,40.756653,-73.97858,"(40.756653, -73.97858)"
173,40.680664,-73.902626,"(40.680664, -73.902626)"
174,40.829697,-73.91313,"(40.829697, -73.91313)"
175,40.719246,-73.811455,"(40.719246, -73.811455)"
176,40.602116,-74.167656,"(40.602116, -74.167656)"
177,40.637676,-73.8925,"(40.637676, -73.8925)"
178,40.674778,-73.765625,"(40.674778, -73.765625)"
179,40.80897,-73.94833,"(40.80897, -73.94833)"
180,40.617004,-74.02623,"(40.617004, -74.02623)"
181,40.61652,-73.98586,"(40.61652, -73.98586)"
182,40.626644,-74.12854,"(40.626644, -74.12854)"
183,40.70861,-73.817,"(40.70861, -73.817)"
184,40.684986,-73.881676,"(40.684986, -73.881676)"
185,40.76019,-73.9586,"(40.76019, -73.9586)"
186,40.590633,-73.94976,"(40.590633, -73.94976)"
187,40.614063,-74.01393,"(40.614063, -74.01393)"
188,40.592556,-73.98153,"(40.592556, -73.98153)"
189,40.66061,-73.911194,"(40.66061, -73.911194)"
190,40.753304,-73.912575,"(40.753304, -73.912575)"
191,40.76161,-73.97076,"(40.76161, -73.97076)"
192,40.72895,-73.9922,"(40.72895, -73.9922)"
193,40.636818,-74.15794,"(40.636818, -74.15794)"
194,40.698753,-73.89726,"(40.698753, -73.89726)"
195,40.76906,-73.961105,"(40.76906, -73.961105)"
196,40.633793,-74.01134,"(40.633793, -74.01134)"
198,40.71082,-73.73179,"(40.71082, -73.73179)"
199,40.715076,-73.95189,"(40.715076, -73.95189)"
200,40.810997,-73.905846,"(40.810997, -73.905846)"
202,40.67146,-73.99103,"(40.67146, -73.99103)"
203,40.5839,-73.93874,"(40.5839, -73.93874)"
204,40.695114,-73.93194,"(40.695114, -73.93194)"
205,40.76099,-73.97332,"(40.76099, -73.97332)"
206,40.699776,-73.831795,"(40.699776, -73.831795)"
207,40.63544,-73.97912,"(40.63544, -73.97912)"
209,40.786247,-73.83092,"(40.786247, -73.83092)"
210,40.665974,-73.74061,"(40.665974, -73.74061)"
211,40.74788,-73.97543,"(40.74788, -73.97543)"
212,40.624638,-74.03941,"(40.624638, -74.03941)"
214,40.768467,-73.90607,"(40.768467, -73.90607)"
215,40.67931,-73.79172,"(40.67931, -73.79172)"
216,40.754093,-73.99209,"(40.754093, -73.99209)"
217,40.823074,-73.8918,"(40.823074, -73.8918)"
218,40.52864,-74.21685,"(40.52864, -74.21685)"
219,40.57397,-74.16992,"(40.57397, -74.16992)"
220,40.61112,-74.127594,"(40.61112, -74.127594)"
221,40.6294,-73.974525,"(40.6294, -73.974525)"
222,40.722897,-73.91386,"(40.722897, -73.91386)"
223,40.68892,-73.99915,"(40.68892, -73.99915)"
224,40.68473,-74.00102,"(40.68473, -74.00102)"
225,40.75425,-73.827835,"(40.75425, -73.827835)"
227,40.669544,-73.917145,"(40.669544, -73.917145)"
228,40.757523,-73.82914,"(40.757523, -73.82914)"
229,40.765675,-73.97624,"(40.765675, -73.97624)"
230,40.840786,-73.9232,"(40.840786, -73.9232)"
231,40.896687,-73.84511,"(40.896687, -73.84511)"
232,40.680016,-73.87743,"(40.680016, -73.87743)"
233,40.666393,-73.764465,"(40.666393, -73.764465)"
234,40.796795,-73.94718,"(40.796795, -73.94718)"
235,40.781666,-73.986694,"(40.781666, -73.986694)"
236,40.781944,-73.94568,"(40.781944, -73.94568)"
237,40.631615,-74.016335,"(40.631615, -74.016335)"
238,40.72575,-73.93216,"(40.72575, -73.93216)"
240,40.83594,-73.94745,"(40.83594, -73.94745)"
241,40.654488,-73.89521,"(40.654488, -73.89521)"
242,40.723442,-73.93899,"(40.723442, -73.93899)"
243,40.669857,-73.95051,"(40.669857, -73.95051)"
244,40.738518,-73.80001,"(40.738518, -73.80001)"
245,40.878643,-73.871605,"(40.878643, -73.871605)"
246,40.634674,-74.03239,"(40.634674, -74.03239)"
247,40.84103,-73.94463,"(40.84103, -73.94463)"
248,40.635967,-73.96437,"(40.635967, -73.96437)"
249,40.610474,-74.08659,"(40.610474, -74.08659)"
250,40.75226,-73.8324,"(40.75226, -73.8324)"
251,40.64254,-73.87652,"(40.64254, -73.87652)"
252,40.839798,-73.873604,"(40.839798, -73.873604)"
253,40.604084,-74.08521,"(40.604084, -74.08521)"
254,40.804344,-73.92158,"(40.804344, -73.92158)"
255,40.645077,-73.87866,"(40.645077, -73.87866)"
256,40.67591,-73.89492,"(40.67591, -73.89492)"
257,40.76235,-73.778984,"(40.76235, -73.778984)"
258,40.580082,-73.83627,"(40.580082, -73.83627)"
259,40.66031,-73.95909,"(40.66031, -73.95909)"
260,40.679737,-73.76162,"(40.679737, -73.76162)"
261,40.734768,-73.87459,"(40.734768, -73.87459)"
262,40.84827,-73.88312,"(40.84827, -73.88312)"
263,40.843204,-73.91196,"(40.843204, -73.91196)"
264,40.66614,-73.82326,"(40.66614, -73.82326)"
265,40.744522,-73.98695,"(40.744522, -73.98695)"
266,40.75194,-73.832306,"(40.75194, -73.832306)"
267,40.876408,-73.90381,"(40.876408, -73.90381)"
268,40.822712,-73.903145,"(40.822712, -73.903145)"
269,40.76896,-73.81559,"(40.76896, -73.81559)"
270,40.740078,-73.99485,"(40.740078, -73.99485)"
271,40.747204,-73.99711,"(40.747204, -73.99711)"
272,40.87892,-73.90479,"(40.87892, -73.90479)"
273,40.61074,-74.09583,"(40.61074, -74.09583)"
274,40.726006,-73.75173,"(40.726006, -73.75173)"
275,40.679005,-73.86469,"(40.679005, -73.86469)"
276,40.792435,-73.934265,"(40.792435, -73.934265)"
277,40.73602,-73.78099,"(40.73602, -73.78099)"
278,40.566967,-74.11328,"(40.566967, -74.11328)"
280,40.84772,-73.92204,"(40.84772, -73.92204)"
281,40.644897,-74.00696,"(40.644897, -74.00696)"
282,40.74289,-73.882835,"(40.74289, -73.882835)"
283,40.59415,-74.086586,"(40.59415, -74.086586)"
284,40.759346,-73.91981,"(40.759346, -73.91981)"
285,40.704067,-73.93861,"(40.704067, -73.93861)"
286,40.831905,-73.826675,"(40.831905, -73.826675)"
287,40.788906,-73.93765,"(40.788906, -73.93765)"
288,40.675735,-73.89686,"(40.675735, -73.89686)"
289,40.640842,-74.01843,"(40.640842, -74.01843)"
290,40.84932,-73.945145,"(40.84932, -73.945145)"
291,40.67295,-73.92517,"(40.67295, -73.92517)"
292,40.76399,-73.80891,"(40.76399, -73.80891)"
293,40.60803,-73.960045,"(40.60803, -73.960045)"
294,40.69626,-73.97446,"(40.69626, -73.97446)"
295,40.70302,-73.727776,"(40.70302, -73.727776)"
296,40.55136,-74.145905,"(40.55136, -74.145905)"
297,40.583042,-74.096176,"(40.583042, -74.096176)"
298,40.807556,-73.919235,"(40.807556, -73.919235)"
299,40.71617,-73.95952,"(40.71617, -73.95952)"
300,40.641186,-73.98572,"(40.641186, -73.98572)"
301,40.730366,-73.91388,"(40.730366, -73.91388)"
302,40.707977,-74.00801,"(40.707977, -74.00801)"
303,40.629314,-74.08521,"(40.629314, -74.08521)"
304,40.718735,-73.78885,"(40.718735, -73.78885)"
305,40.711536,-73.94494,"(40.711536, -73.94494)"
306,40.75895,-73.83192,"(40.75895, -73.83192)"
307,40.758358,-73.980644,"(40.758358, -73.980644)"
308,40.740566,-73.9945,"(40.740566, -73.9945)"
309,40.77008,-73.94784,"(40.77008, -73.94784)"
310,40.65319,-73.96622,"(40.65319, -73.96622)"
311,40.67921,-73.91375,"(40.67921, -73.91375)"
313,40.60322,-73.95338,"(40.60322, -73.95338)"
314,40.663788,-73.734024,"(40.663788, -73.734024)"
315,40.76025,-73.969635,"(40.76025, -73.969635)"
316,40.759624,-73.99548,"(40.759624, -73.99548)"
317,40.749294,-73.86086,"(40.749294, -73.86086)"
318,40.850693,-73.85051,"(40.850693, -73.85051)"
319,40.714634,-73.75133,"(40.714634, -73.75133)"
320,40.655743,-73.85908,"(40.655743, -73.85908)"
321,40.71425,-73.95165,"(40.71425, -73.95165)"
322,40.81588,-73.96056,"(40.81588, -73.96056)"
323,40.863422,-73.926445,"(40.863422, -73.926445)"
324,40.700592,-73.85457,"(40.700592, -73.85457)"
325,40.65434,-73.94704,"(40.65434, -73.94704)"
326,40.771626,-73.87611,"(40.771626, -73.87611)"
327,40.70164,-73.80698,"(40.70164, -73.80698)"
328,40.68418,-73.78298,"(40.68418, -73.78298)"
329,40.74649,-74.001335,"(40.74649, -74.001335)"
330,40.843735,-73.895905,"(40.843735, -73.895905)"
331,40.75667,-73.828804,"(40.75667, -73.828804)"
332,40.601696,-73.82098,"(40.601696, -73.82098)"
333,40.74833,-73.896095,"(40.74833, -73.896095)"
334,40.79058,-73.83811,"(40.79058, -73.83811)"
335,40.69674,-73.76292,"(40.69674, -73.76292)"
336,40.70196,-73.944016,"(40.70196, -73.944016)"
337,40.644627,-74.0791,"(40.644627, -74.0791)"
338,40.613377,-73.955284,"(40.613377, -73.955284)"
339,40.709442,-73.9607,"(40.709442, -73.9607)"
340,40.709293,-73.8757,"(40.709293, -73.8757)"
341,40.704006,-73.7668,"(40.704006, -73.7668)"
342,40.63727,-73.91394,"(40.63727, -73.91394)"
343,40.737785,-73.93496,"(40.737785, -73.93496)"
344,40.67399,-73.73506,"(40.67399, -73.73506)"
345,40.86766,-73.854706,"(40.86766, -73.854706)"
346,40.886467,-73.85107,"(40.886467, -73.85107)"
347,40.67312,-73.96072,"(40.67312, -73.96072)"
348,40.774323,-73.96149,"(40.774323, -73.96149)"
349,40.86235,-73.89997,"(40.86235, -73.89997)"
350,40.74807,-73.75865,"(40.74807, -73.75865)"
351,40.60073,-73.90163,"(40.60073, -73.90163)"
352,40.673622,-73.972855,"(40.673622, -73.972855)"
353,40.733536,-73.87035,"(40.733536, -73.87035)"
354,40.719864,-73.94486,"(40.719864, -73.94486)"
355,40.89845,-73.85431,"(40.89845, -73.85431)"
356,40.62036,-74.1317,"(40.62036, -74.1317)"
357,40.764187,-73.86258,"(40.764187, -73.86258)"
358,40.708508,-73.84858,"(40.708508, -73.84858)"
359,40.77039,-73.954124,"(40.77039, -73.954124)"
360,40.752556,-73.92972,"(40.752556, -73.92972)"
361,40.728218,-73.90613,"(40.728218, -73.90613)"
362,40.683506,-73.97594,"(40.683506, -73.97594)"
363,40.71207,-73.996956,"(40.71207, -73.996956)"
364,40.63069,-74.03694,"(40.63069, -74.03694)"
365,40.709225,-73.843155,"(40.709225, -73.843155)"
366,40.58588,-73.823204,"(40.58588, -73.823204)"
367,40.593327,-73.964645,"(40.593327, -73.964645)"
369,40.670967,-73.7701,"(40.670967, -73.7701)"
370,40.717594,-73.99634,"(40.717594, -73.99634)"
371,40.844177,-73.90292,"(40.844177, -73.90292)"
372,40.667366,-73.77181,"(40.667366, -73.77181)"
373,40.883553,-73.83476,"(40.883553, -73.83476)"
374,40.826027,-73.878586,"(40.826027, -73.878586)"
375,40.89466,-73.86137,"(40.89466, -73.86137)"
376,40.60496,-73.94377,"(40.60496, -73.94377)"
377,40.713448,-73.99757,"(40.713448, -73.99757)"
378,40.68662,-73.82319,"(40.68662, -73.82319)"
379,40.814102,-73.940865,"(40.814102, -73.940865)"
380,40.748302,-73.97835,"(40.748302, -73.97835)"
381,40.766685,-73.892136,"(40.766685, -73.892136)"
382,40.761806,-73.86826,"(40.761806, -73.86826)"
383,40.697742,-73.928535,"(40.697742, -73.928535)"
384,40.766876,-73.97908,"(40.766876, -73.97908)"
385,40.579826,-73.97622,"(40.579826, -73.97622)"
387,40.6918,-73.9346,"(40.6918, -73.9346)"
388,40.86885,-73.907234,"(40.86885, -73.907234)"
389,40.732346,-73.98495,"(40.732346, -73.98495)"
390,40.75587,-73.972824,"(40.75587, -73.972824)"
391,40.673573,-73.902084,"(40.673573, -73.902084)"
392,40.8385,-73.86073,"(40.8385, -73.86073)"
394,40.714622,-73.829704,"(40.714622, -73.829704)"
395,40.847324,-73.90375,"(40.847324, -73.90375)"
396,40.683388,-73.79259,"(40.683388, -73.79259)"
397,40.76591,-73.96341,"(40.76591, -73.96341)"
398,40.820137,-73.89029,"(40.820137, -73.89029)"
399,40.829964,-73.93667,"(40.829964, -73.93667)"
400,40.63406,-74.00411,"(40.63406, -74.00411)"
401,40.789017,-73.80213,"(40.789017, -73.80213)"
402,40.710957,-73.951126,"(40.710957, -73.951126)"
403,40.602825,-73.94113,"(40.602825, -73.94113)"
404,40.71621,-73.74454,"(40.71621, -73.74454)"
405,40.63958,-73.903915,"(40.63958, -73.903915)"
406,40.646503,-74.02322,"(40.646503, -74.02322)"
407,40.69783,-73.93677,"(40.69783, -73.93677)"
409,40.823845,-73.896866,"(40.823845, -73.896866)"
410,40.798504,-73.967125,"(40.798504, -73.967125)"
411,40.809616,-73.85323,"(40.809616, -73.85323)"
412,40.719517,-73.994385,"(40.719517, -73.994385)"
413,40.75911,-74.00019,"(40.75911, -74.00019)"
414,40.693592,-73.75122,"(40.693592, -73.75122)"
415,40.631317,-74.14766,"(40.631317, -74.14766)"
416,40.729298,-73.95085,"(40.729298, -73.95085)"
417,40.810276,-73.94738,"(40.810276, -73.94738)"
418,40.636147,-73.99097,"(40.636147, -73.99097)"
419,40.610714,-73.95575,"(40.610714, -73.95575)"
420,40.694576,-73.95615,"(40.694576, -73.95615)"
421,40.68792,-73.810814,"(40.68792, -73.810814)"
422,40.754875,-73.96853,"(40.754875, -73.96853)"
423,40.724907,-73.99233,"(40.724907, -73.99233)"
424,40.85611,-73.88252,"(40.85611, -73.88252)"
425,40.680233,-73.94039,"(40.680233, -73.94039)"
426,40.727386,-73.894936,"(40.727386, -73.894936)"
427,40.709026,-73.81333,"(40.709026, -73.81333)"
429,40.594536,-74.077156,"(40.594536, -74.077156)"
430,40.70608,-73.86882,"(40.70608, -73.86882)"
431,40.722977,-74.005066,"(40.722977, -74.005066)"
432,40.753624,-73.96944,"(40.753624, -73.96944)"
433,40.598236,-74.07277,"(40.598236, -74.07277)"
434,40.640785,-73.905106,"(40.640785, -73.905106)"
435,40.72765,-73.8925,"(40.72765, -73.8925)"
436,40.83611,-73.90698,"(40.83611, -73.90698)"
437,40.77039,-73.91771,"(40.77039, -73.91771)"
438,40.718796,-73.819855,"(40.718796, -73.819855)"
439,40.608494,-73.97593,"(40.608494, -73.97593)"
440,40.71001,-73.79474,"(40.71001, -73.79474)"
441,40.606453,-73.76096,"(40.606453, -73.76096)"
442,40.854465,-73.865616,"(40.854465, -73.865616)"
443,40.599457,-73.99279,"(40.599457, -73.99279)"
444,40.745068,-73.93826,"(40.745068, -73.93826)"
445,40.832695,-73.94972,"(40.832695, -73.94972)"
446,40.78782,-73.83917,"(40.78782, -73.83917)"
447,40.70503,-73.82008,"(40.70503, -73.82008)"
448,40.707348,-73.75109,"(40.707348, -73.75109)"
449,40.68845,-73.96892,"(40.68845, -73.96892)"
450,40.76781,-73.96202,"(40.76781, -73.96202)"
451,40.66661,-73.876144,"(40.66661, -73.876144)"
452,40.711033,-73.7281,"(40.711033, -73.7281)"
453,40.67983,-73.9583,"(40.67983, -73.9583)"
454,40.73664,-73.86584,"(40.73664, -73.86584)"
455,40.670612,-73.80557,"(40.670612, -73.80557)"
457,40.58764,-73.964005,"(40.58764, -73.964005)"
458,40.613163,-73.95719,"(40.613163, -73.95719)"
459,40.713634,-73.94595,"(40.713634, -73.94595)"
460,40.733505,-73.886635,"(40.733505, -73.886635)"
461,40.656273,-73.90731,"(40.656273, -73.90731)"
462,40.84446,-73.90416,"(40.84446, -73.90416)"
463,40.7018,-73.80658,"(40.7018, -73.80658)"
464,40.820114,-73.908195,"(40.820114, -73.908195)"
465,40.750645,-73.94566,"(40.750645, -73.94566)"
466,40.80939,-73.88042,"(40.80939, -73.88042)"
467,40.57316,-74.114815,"(40.57316, -74.114815)"
468,40.801,-73.94621,"(40.801, -73.94621)"
469,40.84506,-73.916855,"(40.84506, -73.916855)"
470,40.845528,-73.835304,"(40.845528, -73.835304)"
471,40.666233,-73.761,"(40.666233, -73.761)"
472,40.657253,-74.00477,"(40.657253, -74.00477)"
473,40.804066,-73.93267,"(40.804066, -73.93267)"
474,40.771385,-73.95648,"(40.771385, -73.95648)"
475,40.628494,-73.9713,"(40.628494, -73.9713)"
476,40.753036,-73.94062,"(40.753036, -73.94062)"
477,40.70158,-73.95028,"(40.70158, -73.95028)"
478,40.757847,-73.91661,"(40.757847, -73.91661)"
479,40.687435,-73.94007,"(40.687435, -73.94007)"
480,40.73579,-73.98537,"(40.73579, -73.98537)"
481,40.746902,-73.834694,"(40.746902, -73.834694)"
482,40.632633,-74.01254,"(40.632633, -74.01254)"
483,40.75048,-73.758804,"(40.75048, -73.758804)"
484,40.63778,-74.01794,"(40.63778, -74.01794)"
485,40.829098,-73.836494,"(40.829098, -73.836494)"
486,40.86265,-73.90918,"(40.86265, -73.90918)"
488,40.76816,-73.982475,"(40.76816, -73.982475)"
490,40.766193,-73.98325,"(40.766193, -73.98325)"
491,40.904915,-73.898705,"(40.904915, -73.898705)"
492,40.72707,-73.75457,"(40.72707, -73.75457)"
493,40.643745,-73.97009,"(40.643745, -73.97009)"
494,40.72626,-73.90117,"(40.72626, -73.90117)"
495,40.756763,-73.96716,"(40.756763, -73.96716)"
497,40.68484,-73.80607,"(40.68484, -73.80607)"
498,40.83819,-73.88747,"(40.83819, -73.88747)"
499,40.728188,-73.98673,"(40.728188, -73.98673)"
500,40.70139,-73.783424,"(40.70139, -73.783424)"
501,40.598312,-73.96119,"(40.598312, -73.96119)"
502,40.696663,-73.98085,"(40.696663, -73.98085)"
503,40.828114,-73.93107,"(40.828114, -73.93107)"
504,40.607876,-73.92554,"(40.607876, -73.92554)"
507,40.746746,-73.70786,"(40.746746, -73.70786)"
508,40.701794,-73.80634,"(40.701794, -73.80634)"
509,40.746967,-73.87712,"(40.746967, -73.87712)"
510,40.632034,-73.94683,"(40.632034, -73.94683)"
511,40.736275,-73.95852,"(40.736275, -73.95852)"
513,40.59911,-74.12564,"(40.59911, -74.12564)"
514,40.599255,-73.9894,"(40.599255, -73.9894)"
515,40.728947,-73.92793,"(40.728947, -73.92793)"
516,40.6253,-74.15029,"(40.6253, -74.15029)"
517,40.723087,-73.75655,"(40.723087, -73.75655)"
518,40.735165,-73.99163,"(40.735165, -73.99163)"
519,40.737694,-73.88224,"(40.737694, -73.88224)"
520,40.72154,-73.75541,"(40.72154, -73.75541)"
521,40.84541,-73.891136,"(40.84541, -73.891136)"
522,40.703285,-73.93428,"(40.703285, -73.93428)"
523,40.842644,-73.85181,"(40.842644, -73.85181)"
524,40.625206,-74.14956,"(40.625206, -74.14956)"
525,40.72283,-73.74817,"(40.72283, -73.74817)"
526,40.696033,-73.98453,"(40.696033, -73.98453)"
527,40.69382,-73.72694,"(40.69382, -73.72694)"
528,40.739193,-73.90128,"(40.739193, -73.90128)"
529,40.60018,-74.064644,"(40.60018, -74.064644)"
530,40.814224,-73.8826,"(40.814224, -73.8826)"
531,40.651276,-73.94003,"(40.651276, -73.94003)"
532,40.610447,-73.98497,"(40.610447, -73.98497)"
533,40.71025,-73.799866,"(40.71025, -73.799866)"
534,40.580856,-73.93806,"(40.580856, -73.93806)"
535,40.736145,-73.92651,"(40.736145, -73.92651)"
536,40.756645,-73.974365,"(40.756645, -73.974365)"
537,40.595932,-73.75963,"(40.595932, -73.75963)"
538,40.687977,-73.99974,"(40.687977, -73.99974)"
539,40.78722,-73.952065,"(40.78722, -73.952065)"
541,40.606884,-74.06872,"(40.606884, -74.06872)"
542,40.66068,-73.93982,"(40.66068, -73.93982)"
543,40.77592,-73.95317,"(40.77592, -73.95317)"
544,40.76311,-73.962524,"(40.76311, -73.962524)"
545,40.74549,-73.95318,"(40.74549, -73.95318)"
546,40.702675,-73.99382,"(40.702675, -73.99382)"
548,40.87926,-73.86962,"(40.87926, -73.86962)"
549,40.711617,-73.94426,"(40.711617, -73.94426)"
550,40.737785,-73.93496,"(40.737785, -73.93496)"
551,40.74629,-73.766945,"(40.74629, -73.766945)"
552,40.855877,-73.89581,"(40.855877, -73.89581)"
553,40.69977,-73.98294,"(40.69977, -73.98294)"
554,40.635098,-73.964226,"(40.635098, -73.964226)"
555,40.56213,-74.11819,"(40.56213, -74.11819)"
556,40.5609,-74.16901,"(40.5609, -74.16901)"
557,40.616413,-74.103516,"(40.616413, -74.103516)"
558,40.81231,-73.91648,"(40.81231, -73.91648)"
559,40.636845,-73.983055,"(40.636845, -73.983055)"
560,40.5953,-74.1619,"(40.5953, -74.1619)"
561,40.840145,-73.932526,"(40.840145, -73.932526)"
562,40.71975,-73.738205,"(40.71975, -73.738205)"
563,40.662727,-73.74787,"(40.662727, -73.74787)"
564,40.69349,-73.95595,"(40.69349, -73.95595)"
565,40.711163,-73.84329,"(40.711163, -73.84329)"
566,40.714966,-73.812485,"(40.714966, -73.812485)"
567,40.680695,-74.002975,"(40.680695, -74.002975)"
568,40.640625,-74.014984,"(40.640625, -74.014984)"
569,40.758587,-73.98509,"(40.758587, -73.98509)"
570,40.842514,-73.871544,"(40.842514, -73.871544)"
571,40.723732,-73.75935,"(40.723732, -73.75935)"
572,40.62079,-74.04048,"(40.62079, -74.04048)"
573,40.726357,-73.76388,"(40.726357, -73.76388)"
574,40.65217,-73.96141,"(40.65217, -73.96141)"
575,40.688667,-73.87548,"(40.688667, -73.87548)"
576,40.724754,-73.753975,"(40.724754, -73.753975)"
577,40.76747,-73.75961,"(40.76747, -73.75961)"
578,40.642372,-73.957466,"(40.642372, -73.957466)"
579,40.760117,-73.87753,"(40.760117, -73.87753)"
580,40.6224,-73.936646,"(40.6224, -73.936646)"
581,40.8338,-73.88903,"(40.8338, -73.88903)"
582,40.864605,-73.92325,"(40.864605, -73.92325)"
583,40.66252,-73.84071,"(40.66252, -73.84071)"
584,40.755264,-73.88817,"(40.755264, -73.88817)"
585,40.72766,-73.92938,"(40.72766, -73.92938)"
586,40.76079,-73.935936,"(40.76079, -73.935936)"
587,40.855007,-73.92959,"(40.855007, -73.92959)"
588,40.842937,-73.895386,"(40.842937, -73.895386)"
589,40.82918,-73.871544,"(40.82918, -73.871544)"
590,40.678543,-73.949684,"(40.678543, -73.949684)"
591,40.598312,-73.96119,"(40.598312, -73.96119)"
592,40.826622,-73.930984,"(40.826622, -73.930984)"
593,40.693905,-73.94892,"(40.693905, -73.94892)"
594,40.78175,-73.98107,"(40.78175, -73.98107)"
595,40.622726,-74.03137,"(40.622726, -74.03137)"
596,40.597904,-73.756035,"(40.597904, -73.756035)"
597,40.737785,-73.93496,"(40.737785, -73.93496)"
598,40.74724,-73.73696,"(40.74724, -73.73696)"
599,40.708405,-73.7679,"(40.708405, -73.7679)"
600,40.81782,-73.915276,"(40.81782, -73.915276)"
601,40.897808,-73.85262,"(40.897808, -73.85262)"
602,40.763668,-73.82303,"(40.763668, -73.82303)"
603,40.737335,-73.70833,"(40.737335, -73.70833)"
604,40.61146,-73.92437,"(40.61146, -73.92437)"
605,40.673386,-73.87681,"(40.673386, -73.87681)"
606,40.686928,-73.85314,"(40.686928, -73.85314)"
607,40.66549,-73.819534,"(40.66549, -73.819534)"
608,40.76021,-73.86021,"(40.76021, -73.86021)"
609,40.594215,-73.96231,"(40.594215, -73.96231)"
610,40.666862,-73.8045,"(40.666862, -73.8045)"
611,40.842987,-73.900345,"(40.842987, -73.900345)"
612,40.863113,-73.920616,"(40.863113, -73.920616)"
613,40.63908,-73.940605,"(40.63908, -73.940605)"
614,40.717987,-73.99381,"(40.717987, -73.99381)"
615,40.5854,-74.1685,"(40.5854, -74.1685)"
616,40.621635,-74.009636,"(40.621635, -74.009636)"
617,40.54493,-74.17731,"(40.54493, -74.17731)"
618,40.60782,-74.00195,"(40.60782, -74.00195)"
619,40.60968,-73.99298,"(40.60968, -73.99298)"
620,40.856323,-73.87244,"(40.856323, -73.87244)"
621,40.75158,-73.74572,"(40.75158, -73.74572)"
622,40.707268,-73.90267,"(40.707268, -73.90267)"
623,40.76889,-73.9821,"(40.76889, -73.9821)"
624,40.68714,-73.80782,"(40.68714, -73.80782)"
625,40.63817,-74.07814,"(40.63817, -74.07814)"
626,40.64912,-73.83737,"(40.64912, -73.83737)"
627,40.830936,-73.91241,"(40.830936, -73.91241)"
628,40.814686,-73.93085,"(40.814686, -73.93085)"
629,40.588383,-73.95055,"(40.588383, -73.95055)"
630,40.666393,-73.75177,"(40.666393, -73.75177)"
631,40.754356,-73.83497,"(40.754356, -73.83497)"
632,40.74595,-73.99802,"(40.74595, -73.99802)"
634,40.822803,-73.94427,"(40.822803, -73.94427)"
635,40.853813,-73.90851,"(40.853813, -73.90851)"
636,40.889362,-73.854904,"(40.889362, -73.854904)"
637,40.660847,-73.8403,"(40.660847, -73.8403)"
638,40.825226,-73.88752,"(40.825226, -73.88752)"
639,40.727715,-73.99118,"(40.727715, -73.99118)"
640,40.830173,-73.90002,"(40.830173, -73.90002)"
641,40.66125,-73.91968,"(40.66125, -73.91968)"
642,40.58401,-73.98587,"(40.58401, -73.98587)"
643,40.75695,-73.770546,"(40.75695, -73.770546)"
644,40.81505,-73.92427,"(40.81505, -73.92427)"
645,40.62036,-74.03233,"(40.62036, -74.03233)"
646,40.811123,-73.9436,"(40.811123, -73.9436)"
647,40.666393,-73.75177,"(40.666393, -73.75177)"
648,40.65418,-73.91068,"(40.65418, -73.91068)"
649,40.663124,-73.96244,"(40.663124, -73.96244)"
650,40.671143,-73.86132,"(40.671143, -73.86132)"
651,40.73656,-74.0011,"(40.73656, -74.0011)"
652,40.717804,-73.784904,"(40.717804, -73.784904)"
654,40.69067,-73.93957,"(40.69067, -73.93957)"
656,40.724754,-73.753975,"(40.724754, -73.753975)"
657,40.642174,-74.02064,"(40.642174, -74.02064)"
658,40.753998,-73.94244,"(40.753998, -73.94244)"
659,40.744892,-73.77022,"(40.744892, -73.77022)"
660,40.630577,-73.88591,"(40.630577, -73.88591)"
661,40.74639,-73.977646,"(40.74639, -73.977646)"
662,40.74608,-73.974945,"(40.74608, -73.974945)"
663,40.62685,-73.97643,"(40.62685, -73.97643)"
664,40.68483,-73.78128,"(40.68483, -73.78128)"
665,40.651325,-73.93906,"(40.651325, -73.93906)"
666,40.729225,-73.796936,"(40.729225, -73.796936)"
667,40.848286,-73.91618,"(40.848286, -73.91618)"
668,40.65823,-74.00035,"(40.65823, -74.00035)"
669,40.755554,-73.91848,"(40.755554, -73.91848)"
670,40.748066,-73.93977,"(40.748066, -73.93977)"
671,40.732346,-73.98495,"(40.732346, -73.98495)"
672,40.635876,-74.16751,"(40.635876, -74.16751)"
673,40.602802,-73.74879,"(40.602802, -73.74879)"
674,40.78318,-73.94362,"(40.78318, -73.94362)"
675,40.670967,-73.7701,"(40.670967, -73.7701)"
676,40.783817,-73.78074,"(40.783817, -73.78074)"
677,40.704315,-73.90377,"(40.704315, -73.90377)"
678,40.665257,-73.739555,"(40.665257, -73.739555)"
679,40.58804,-73.97327,"(40.58804, -73.97327)"
680,40.60083,-74.13118,"(40.60083, -74.13118)"
681,40.646885,-73.94916,"(40.646885, -73.94916)"
682,40.683002,-73.81955,"(40.683002, -73.81955)"
683,40.748825,-73.96984,"(40.748825, -73.96984)"
684,40.76536,-73.82787,"(40.76536, -73.82787)"
685,40.654682,-73.94134,"(40.654682, -73.94134)"
686,40.601116,-74.19436,"(40.601116, -74.19436)"
687,40.693726,-73.84471,"(40.693726, -73.84471)"
688,40.72214,-73.94724,"(40.72214, -73.94724)"
689,40.784992,-73.98261,"(40.784992, -73.98261)"
690,40.768543,-73.9657,"(40.768543, -73.9657)"
691,40.559383,-74.15393,"(40.559383, -74.15393)"
692,40.669563,-73.88319,"(40.669563, -73.88319)"
693,40.795437,-73.943954,"(40.795437, -73.943954)"
694,40.86127,-73.863045,"(40.86127, -73.863045)"
695,40.664707,-73.92824,"(40.664707, -73.92824)"
696,40.57201,-74.146996,"(40.57201, -74.146996)"
697,40.821068,-73.89894,"(40.821068, -73.89894)"
698,40.616905,-73.95595,"(40.616905, -73.95595)"
699,40.67816,-73.897484,"(40.67816, -73.897484)"
700,40.830738,-73.9105,"(40.830738, -73.9105)"
701,40.728474,-73.9757,"(40.728474, -73.9757)"
702,40.753082,-73.72459,"(40.753082, -73.72459)"
703,40.754677,-73.975815,"(40.754677, -73.975815)"
705,40.758053,-73.98921,"(40.758053, -73.98921)"
706,40.846657,-73.89619,"(40.846657, -73.89619)"
707,40.733086,-73.80484,"(40.733086, -73.80484)"
708,40.665718,-73.95687,"(40.665718, -73.95687)"
709,40.75993,-73.89846,"(40.75993, -73.89846)"
710,40.72107,-73.752975,"(40.72107, -73.752975)"
711,40.77039,-73.91771,"(40.77039, -73.91771)"
712,40.730335,-73.86763,"(40.730335, -73.86763)"
713,40.748512,-73.98872,"(40.748512, -73.98872)"
714,40.738884,-73.79367,"(40.738884, -73.79367)"
715,40.744717,-73.82716,"(40.744717, -73.82716)"
716,40.6611,-73.748924,"(40.6611, -73.748924)"
717,40.620106,-73.94561,"(40.620106, -73.94561)"
718,40.758984,-73.943306,"(40.758984, -73.943306)"
719,40.723335,-73.93888,"(40.723335, -73.93888)"
721,40.655685,-73.899414,"(40.655685, -73.899414)"
722,40.637756,-74.00721,"(40.637756, -74.00721)"
723,40.526733,-74.17477,"(40.526733, -74.17477)"
724,40.68594,-73.84686,"(40.68594, -73.84686)"
725,40.733383,-73.95216,"(40.733383, -73.95216)"
726,40.60442,-73.81984,"(40.60442, -73.81984)"
728,40.76699,-73.88461,"(40.76699, -73.88461)"
729,40.78519,-73.94934,"(40.78519, -73.94934)"
730,40.611313,-74.09844,"(40.611313, -74.09844)"
731,40.76856,-73.906975,"(40.76856, -73.906975)"
732,40.600136,-73.99087,"(40.600136, -73.99087)"
733,40.639256,-73.968796,"(40.639256, -73.968796)"
734,40.75858,-73.983116,"(40.75858, -73.983116)"
735,40.87917,-73.871376,"(40.87917, -73.871376)"
736,40.743805,-73.92426,"(40.743805, -73.92426)"
737,40.88598,-73.84461,"(40.88598, -73.84461)"
738,40.622833,-73.99795,"(40.622833, -73.99795)"
739,40.74892,-73.9779,"(40.74892, -73.9779)"
740,40.701756,-73.99275,"(40.701756, -73.99275)"
741,40.649963,-73.92151,"(40.649963, -73.92151)"
742,40.747112,-73.96894,"(40.747112, -73.96894)"
743,40.7189,-73.748215,"(40.7189, -73.748215)"
744,40.638577,-73.90414,"(40.638577, -73.90414)"
745,40.87514,-73.90499,"(40.87514, -73.90499)"
746,40.71484,-73.99277,"(40.71484, -73.99277)"
748,40.73684,-74.00372,"(40.73684, -74.00372)"
749,40.58401,-73.98587,"(40.58401, -73.98587)"
750,40.83987,-73.89018,"(40.83987, -73.89018)"
751,40.817875,-73.89333,"(40.817875, -73.89333)"
752,40.63692,-73.93752,"(40.63692, -73.93752)"
753,40.622787,-73.9901,"(40.622787, -73.9901)"
754,40.639717,-73.99083,"(40.639717, -73.99083)"
755,40.760185,-73.9147,"(40.760185, -73.9147)"
756,40.854393,-73.86201,"(40.854393, -73.86201)"
757,40.716957,-73.82655,"(40.716957, -73.82655)"
758,40.619583,-73.95841,"(40.619583, -73.95841)"
759,40.740837,-73.7583,"(40.740837, -73.7583)"
760,40.627155,-73.96563,"(40.627155, -73.96563)"
761,40.614918,-73.91468,"(40.614918, -73.91468)"
762,40.70139,-73.83153,"(40.70139, -73.83153)"
763,40.679867,-73.93982,"(40.679867, -73.93982)"
764,40.845352,-73.92821,"(40.845352, -73.92821)"
765,40.723347,-73.939316,"(40.723347, -73.939316)"
766,40.857418,-73.899956,"(40.857418, -73.899956)"
767,40.707253,-73.928764,"(40.707253, -73.928764)"
768,40.678898,-73.922295,"(40.678898, -73.922295)"
769,40.87831,-73.870155,"(40.87831, -73.870155)"
770,40.653378,-73.90658,"(40.653378, -73.90658)"
772,40.713596,-73.85964,"(40.713596, -73.85964)"
774,40.759884,-73.9368,"(40.759884, -73.9368)"
775,40.67482,-73.89556,"(40.67482, -73.89556)"
776,40.654575,-74.00905,"(40.654575, -74.00905)"
777,40.81151,-73.90343,"(40.81151, -73.90343)"
778,40.730366,-73.91388,"(40.730366, -73.91388)"
779,40.70804,-73.84503,"(40.70804, -73.84503)"
780,40.67868,-73.99768,"(40.67868, -73.99768)"
781,40.640827,-74.17976,"(40.640827, -74.17976)"
782,40.69407,-73.82802,"(40.69407, -73.82802)"
783,40.671406,-73.79942,"(40.671406, -73.79942)"
784,40.75022,-73.979065,"(40.75022, -73.979065)"
785,40.604153,-74.05198,"(40.604153, -74.05198)"
786,40.616413,-74.103516,"(40.616413, -74.103516)"
787,40.88528,-73.82172,"(40.88528, -73.82172)"
788,40.683132,-73.88259,"(40.683132, -73.88259)"
789,40.68665,-73.91315,"(40.68665, -73.91315)"
790,40.696342,-73.97644,"(40.696342, -73.97644)"
791,40.711452,-73.91987,"(40.711452, -73.91987)"
792,40.65993,-73.891655,"(40.65993, -73.891655)"
793,40.741154,-73.919106,"(40.741154, -73.919106)"
794,40.869694,-73.86723,"(40.869694, -73.86723)"
795,40.694984,-73.799904,"(40.694984, -73.799904)"
796,40.654167,-73.91143,"(40.654167, -73.91143)"
797,40.704018,-74.01158,"(40.704018, -74.01158)"
798,40.701397,-73.95808,"(40.701397, -73.95808)"
799,40.855953,-73.927055,"(40.855953, -73.927055)"
800,40.685722,-73.85738,"(40.685722, -73.85738)"
801,40.611313,-74.09844,"(40.611313, -74.09844)"
802,40.704678,-73.86761,"(40.704678, -73.86761)"
803,40.667133,-73.992546,"(40.667133, -73.992546)"
805,40.775852,-73.95827,"(40.775852, -73.95827)"
806,40.59758,-73.96778,"(40.59758, -73.96778)"
807,40.613476,-74.003784,"(40.613476, -74.003784)"
808,40.643093,-73.878204,"(40.643093, -73.878204)"
809,40.78202,-73.97173,"(40.78202, -73.97173)"
810,40.667683,-73.99608,"(40.667683, -73.99608)"
811,40.719666,-73.9444,"(40.719666, -73.9444)"
812,40.774734,-73.89443,"(40.774734, -73.89443)"
813,40.71327,-73.96209,"(40.71327, -73.96209)"
814,40.6733,-73.90392,"(40.6733, -73.90392)"
815,40.75332,-73.972595,"(40.75332, -73.972595)"
816,40.76484,-73.98054,"(40.76484, -73.98054)"
817,40.61593,-74.087425,"(40.61593, -74.087425)"
818,40.659336,-73.92726,"(40.659336, -73.92726)"
819,40.767567,-73.912025,"(40.767567, -73.912025)"
820,40.87982,-73.86727,"(40.87982, -73.86727)"
821,40.62521,-73.9804,"(40.62521, -73.9804)"
822,40.857258,-73.88173,"(40.857258, -73.88173)"
823,40.820698,-73.93978,"(40.820698, -73.93978)"
824,40.763832,-73.97812,"(40.763832, -73.97812)"
825,40.599445,-73.94368,"(40.599445, -73.94368)"
826,40.624763,-73.96518,"(40.624763, -73.96518)"
827,40.663906,-73.95098,"(40.663906, -73.95098)"
828,40.761246,-73.76294,"(40.761246, -73.76294)"
829,40.69968,-73.79864,"(40.69968, -73.79864)"
830,40.617275,-73.96667,"(40.617275, -73.96667)"
831,40.652267,-73.94972,"(40.652267, -73.94972)"
832,40.757828,-73.99308,"(40.757828, -73.99308)"
833,40.60301,-74.016884,"(40.60301, -74.016884)"
834,40.59908,-74.00123,"(40.59908, -74.00123)"
835,40.737198,-73.93069,"(40.737198, -73.93069)"
836,40.72197,-73.94389,"(40.72197, -73.94389)"
837,40.696175,-73.98036,"(40.696175, -73.98036)"
838,40.611473,-74.17623,"(40.611473, -74.17623)"
839,40.756145,-73.8798,"(40.756145, -73.8798)"
840,40.704823,-73.92459,"(40.704823, -73.92459)"
841,40.83694,-73.927124,"(40.83694, -73.927124)"
843,40.58571,-73.91276,"(40.58571, -73.91276)"
844,40.63698,-73.936554,"(40.63698, -73.936554)"
845,40.73986,-73.995026,"(40.73986, -73.995026)"
846,40.77044,-73.91655,"(40.77044, -73.91655)"
847,40.68891,-73.82837,"(40.68891, -73.82837)"
848,40.73988,-73.99872,"(40.73988, -73.99872)"
851,40.84921,-73.90011,"(40.84921, -73.90011)"
852,40.83473,-73.940674,"(40.83473, -73.940674)"
853,40.6004,-73.75091,"(40.6004, -73.75091)"
854,40.780224,-73.80255,"(40.780224, -73.80255)"
855,40.74593,-73.82608,"(40.74593, -73.82608)"
856,40.722546,-73.85063,"(40.722546, -73.85063)"
857,40.754665,-73.97676,"(40.754665, -73.97676)"
858,40.692062,-73.95191,"(40.692062, -73.95191)"
859,40.76211,-73.96016,"(40.76211, -73.96016)"
860,40.607147,-73.749596,"(40.607147, -73.749596)"
861,40.698246,-73.98055,"(40.698246, -73.98055)"
862,40.72446,-73.754845,"(40.72446, -73.754845)"
863,40.784622,-73.85321,"(40.784622, -73.85321)"
864,40.69786,-73.83466,"(40.69786, -73.83466)"
865,40.726406,-73.98618,"(40.726406, -73.98618)"
866,40.69431,-73.94548,"(40.69431, -73.94548)"
867,40.75714,-73.8271,"(40.75714, -73.8271)"
868,40.80202,-73.94969,"(40.80202, -73.94969)"
869,40.713387,-73.98221,"(40.713387, -73.98221)"
870,40.8193,-73.84596,"(40.8193, -73.84596)"
871,40.722584,-74.00636,"(40.722584, -74.00636)"
872,40.68066,-73.974525,"(40.68066, -73.974525)"
873,40.638103,-73.90051,"(40.638103, -73.90051)"
874,40.75428,-73.89751,"(40.75428, -73.89751)"
875,40.665253,-73.73645,"(40.665253, -73.73645)"
876,40.79149,-73.93577,"(40.79149, -73.93577)"
878,40.63782,-73.98921,"(40.63782, -73.98921)"
879,40.685276,-73.77241,"(40.685276, -73.77241)"
880,40.71364,-73.97892,"(40.71364, -73.97892)"
881,40.651714,-73.882706,"(40.651714, -73.882706)"
882,40.72179,-73.99986,"(40.72179, -73.99986)"
883,40.638245,-74.00197,"(40.638245, -74.00197)"
884,40.860737,-73.913124,"(40.860737, -73.913124)"
885,40.80616,-73.927986,"(40.80616, -73.927986)"
886,40.76736,-73.9371,"(40.76736, -73.9371)"
887,40.68383,-73.932236,"(40.68383, -73.932236)"
888,40.72652,-73.73487,"(40.72652, -73.73487)"
889,40.7453,-73.986855,"(40.7453, -73.986855)"
890,40.824707,-73.91552,"(40.824707, -73.91552)"
891,40.776016,-73.98724,"(40.776016, -73.98724)"
892,40.775642,-73.960526,"(40.775642, -73.960526)"
893,40.666233,-73.761,"(40.666233, -73.761)"
895,40.767372,-73.950066,"(40.767372, -73.950066)"
897,40.76663,-73.88903,"(40.76663, -73.88903)"
898,40.72165,-73.84121,"(40.72165, -73.84121)"
899,40.817387,-73.92277,"(40.817387, -73.92277)"
900,40.804417,-73.955376,"(40.804417, -73.955376)"
901,40.754677,-73.98967,"(40.754677, -73.98967)"
902,40.65303,-73.94304,"(40.65303, -73.94304)"
903,40.733536,-73.87035,"(40.733536, -73.87035)"
904,40.717213,-74.01607,"(40.717213, -74.01607)"
905,40.842335,-73.91619,"(40.842335, -73.91619)"
906,40.67632,-73.79835,"(40.67632, -73.79835)"
907,40.586613,-74.168274,"(40.586613, -74.168274)"
908,40.883858,-73.855896,"(40.883858, -73.855896)"
909,40.715702,-73.95579,"(40.715702, -73.95579)"
910,40.899548,-73.892136,"(40.899548, -73.892136)"
911,40.73887,-73.81036,"(40.73887, -73.81036)"
912,40.70731,-73.764626,"(40.70731, -73.764626)"
913,40.840244,-73.89969,"(40.840244, -73.89969)"
914,40.736145,-73.91155,"(40.736145, -73.91155)"
915,40.629986,-73.97157,"(40.629986, -73.97157)"
916,40.714005,-73.99749,"(40.714005, -73.99749)"
917,40.870422,-73.856606,"(40.870422, -73.856606)"
918,40.693394,-73.78894,"(40.693394, -73.78894)"
919,40.57526,-73.99706,"(40.57526, -73.99706)"
920,40.79763,-73.818275,"(40.79763, -73.818275)"
921,40.763023,-73.97815,"(40.763023, -73.97815)"
922,40.712254,-73.76847,"(40.712254, -73.76847)"
923,40.749714,-73.93617,"(40.749714, -73.93617)"
924,40.7011,-73.84157,"(40.7011, -73.84157)"
926,40.7462,-73.73563,"(40.7462, -73.73563)"
927,40.687244,-73.95469,"(40.687244, -73.95469)"
928,40.675632,-73.89878,"(40.675632, -73.89878)"
929,40.75455,-73.74317,"(40.75455, -73.74317)"
931,40.768734,-73.89156,"(40.768734, -73.89156)"
932,40.744656,-73.94853,"(40.744656, -73.94853)"
933,40.594852,-73.95566,"(40.594852, -73.95566)"
934,40.868282,-73.90107,"(40.868282, -73.90107)"
935,40.674572,-73.96314,"(40.674572, -73.96314)"
936,40.819622,-73.940544,"(40.819622, -73.940544)"
937,40.75673,-73.874214,"(40.75673, -73.874214)"
938,40.772655,-73.830444,"(40.772655, -73.830444)"
939,40.610218,-73.999176,"(40.610218, -73.999176)"
940,40.760822,-73.99832,"(40.760822, -73.99832)"
941,40.754013,-73.91973,"(40.754013, -73.91973)"
942,40.76381,-73.82872,"(40.76381, -73.82872)"
943,40.73166,-73.98545,"(40.73166, -73.98545)"
944,40.70907,-73.739265,"(40.70907, -73.739265)"
945,40.859684,-73.9065,"(40.859684, -73.9065)"
946,40.582752,-73.98633,"(40.582752, -73.98633)"
947,40.70174,-73.76545,"(40.70174, -73.76545)"
949,40.728733,-73.73717,"(40.728733, -73.73717)"
950,40.66968,-73.91075,"(40.66968, -73.91075)"
951,40.679337,-73.89483,"(40.679337, -73.89483)"
952,40.576614,-74.11851,"(40.576614, -74.11851)"
953,40.66945,-73.99272,"(40.66945, -73.99272)"
954,40.870052,-73.86525,"(40.870052, -73.86525)"
955,40.68766,-73.85058,"(40.68766, -73.85058)"
957,40.61488,-73.82164,"(40.61488, -73.82164)"
959,40.55492,-74.19364,"(40.55492, -74.19364)"
960,40.828518,-73.90695,"(40.828518, -73.90695)"
961,40.69165,-73.779205,"(40.69165, -73.779205)"
962,40.613876,-74.103264,"(40.613876, -74.103264)"
963,40.83876,-73.93967,"(40.83876, -73.93967)"
964,40.82403,-73.94476,"(40.82403, -73.94476)"
965,40.7963,-73.93829,"(40.7963, -73.93829)"
966,40.766705,-73.78274,"(40.766705, -73.78274)"
967,40.87911,-73.84325,"(40.87911, -73.84325)"
968,40.74907,-73.8259,"(40.74907, -73.8259)"
969,40.688446,-73.81848,"(40.688446, -73.81848)"
970,40.777874,-73.95175,"(40.777874, -73.95175)"
971,40.71755,-73.99932,"(40.71755, -73.99932)"
972,40.857517,-73.932205,"(40.857517, -73.932205)"
973,40.60855,-74.13216,"(40.60855, -74.13216)"
974,40.587967,-73.954346,"(40.587967, -73.954346)"
975,40.54493,-74.17731,"(40.54493, -74.17731)"
976,40.66798,-73.893845,"(40.66798, -73.893845)"
977,40.844883,-73.91028,"(40.844883, -73.91028)"
978,40.768627,-73.93583,"(40.768627, -73.93583)"
979,40.7608,-73.93915,"(40.7608, -73.93915)"
980,40.739895,-73.71579,"(40.739895, -73.71579)"
981,40.600716,-74.135925,"(40.600716, -74.135925)"
982,40.88029,-73.85195,"(40.88029, -73.85195)"
983,40.826523,-73.93116,"(40.826523, -73.93116)"
984,40.636063,-73.880035,"(40.636063, -73.880035)"
985,40.88996,-73.88738,"(40.88996, -73.88738)"
986,40.720375,-73.73226,"(40.720375, -73.73226)"
987,40.693703,-73.90505,"(40.693703, -73.90505)"
988,40.744644,-74.00639,"(40.744644, -74.00639)"
989,40.761173,-73.95789,"(40.761173, -73.95789)"
990,40.599083,-73.98599,"(40.599083, -73.98599)"
991,40.659485,-73.918304,"(40.659485, -73.918304)"
992,40.724693,-73.908775,"(40.724693, -73.908775)"
993,40.729584,-73.86084,"(40.729584, -73.86084)"
994,40.688766,-73.99907,"(40.688766, -73.99907)"
995,40.8624,-73.929146,"(40.8624, -73.929146)"
997,40.751884,-73.96759,"(40.751884, -73.96759)"
998,40.78211,-73.955795,"(40.78211, -73.955795)"
999,40.635494,-74.00196,"(40.635494, -74.00196)"
1000,40.675632,-73.89878,"(40.675632, -73.89878)"
1001,40.837425,-73.92037,"(40.837425, -73.92037)"
1002,40.740875,-73.89962,"(40.740875, -73.89962)"
1003,40.729168,-74.0012,"(40.729168, -74.0012)"
1004,40.68416,-73.96907,"(40.68416, -73.96907)"
1005,40.672886,-73.99922,"(40.672886, -73.99922)"
1006,40.77742,-73.98624,"(40.77742, -73.98624)"
1007,40.7056,-73.85822,"(40.7056, -73.85822)"
1008,40.640583,-73.95573,"(40.640583, -73.95573)"
1009,40.83516,-73.94561,"(40.83516, -73.94561)"
1010,40.664658,-73.9375,"(40.664658, -73.9375)"
1011,40.685635,-73.929596,"(40.685635, -73.929596)"
1012,40.59192,-73.99401,"(40.59192, -73.99401)"
1013,40.671196,-73.84296,"(40.671196, -73.84296)"
1014,40.831676,-73.91402,"(40.831676, -73.91402)"
1015,40.748985,-73.979965,"(40.748985, -73.979965)"
1016,40.66434,-73.93155,"(40.66434, -73.93155)"
1017,40.74713,-73.88869,"(40.74713, -73.88869)"
1018,40.712727,-73.87935,"(40.712727, -73.87935)"
1019,40.71143,-73.72845,"(40.71143, -73.72845)"
1020,40.58695,-74.16416,"(40.58695, -74.16416)"
1021,40.656548,-74.0021,"(40.656548, -74.0021)"
1022,40.843975,-73.913864,"(40.843975, -73.913864)"
1023,40.738205,-73.92823,"(40.738205, -73.92823)"
1024,40.705868,-74.01326,"(40.705868, -74.01326)"
1025,40.75388,-73.96616,"(40.75388, -73.96616)"
1026,40.7501,-73.974945,"(40.7501, -73.974945)"
1027,40.623875,-73.93547,"(40.623875, -73.93547)"
1028,40.563915,-74.11637,"(40.563915, -74.11637)"
1029,40.80543,-73.92087,"(40.80543, -73.92087)"
1030,40.606327,-73.99647,"(40.606327, -73.99647)"
1031,40.846863,-73.830025,"(40.846863, -73.830025)"
1032,40.772346,-73.824684,"(40.772346, -73.824684)"
1033,40.841087,-73.86447,"(40.841087, -73.86447)"
1034,40.834503,-73.93037,"(40.834503, -73.93037)"
1036,40.682667,-73.86814,"(40.682667, -73.86814)"
1037,40.761272,-73.95571,"(40.761272, -73.95571)"
1038,40.75099,-73.98475,"(40.75099, -73.98475)"
1039,40.69773,-73.79209,"(40.69773, -73.79209)"
1040,40.65487,-73.96191,"(40.65487, -73.96191)"
1041,40.721626,-73.90312,"(40.721626, -73.90312)"
1042,40.704422,-73.99491,"(40.704422, -73.99491)"
1043,40.581745,-73.960945,"(40.581745, -73.960945)"
1044,40.677666,-73.91335,"(40.677666, -73.91335)"
1045,40.8262,-73.821686,"(40.8262, -73.821686)"
1046,40.677654,-73.82866,"(40.677654, -73.82866)"
1047,40.64953,-73.91633,"(40.64953, -73.91633)"
1048,40.75035,-73.81885,"(40.75035, -73.81885)"
1049,40.825756,-73.95094,"(40.825756, -73.95094)"
1050,40.752247,-73.81663,"(40.752247, -73.81663)"
1051,40.542248,-74.21818,"(40.542248, -74.21818)"
1052,40.88219,-73.84128,"(40.88219, -73.84128)"
1053,40.67713,-73.88344,"(40.67713, -73.88344)"
1054,40.61847,-73.89746,"(40.61847, -73.89746)"
1055,40.78832,-73.941025,"(40.78832, -73.941025)"
1056,40.80543,-73.92087,"(40.80543, -73.92087)"
1057,40.80875,-73.959656,"(40.80875, -73.959656)"
1058,40.679718,-74.01504,"(40.679718, -74.01504)"
1059,40.714207,-73.92817,"(40.714207, -73.92817)"
1060,40.59755,-74.14077,"(40.59755, -74.14077)"
1061,40.761787,-73.95745,"(40.761787, -73.95745)"
1062,40.66785,-73.92103,"(40.66785, -73.92103)"
1063,40.87668,-73.89967,"(40.87668, -73.89967)"
1064,40.602192,-73.75523,"(40.602192, -73.75523)"
1065,40.62239,-73.99719,"(40.62239, -73.99719)"
1066,40.636326,-73.89893,"(40.636326, -73.89893)"
1067,40.763363,-73.98283,"(40.763363, -73.98283)"
1069,40.751293,-73.77483,"(40.751293, -73.77483)"
1070,40.81676,-73.917465,"(40.81676, -73.917465)"
1071,40.58045,-74.16123,"(40.58045, -74.16123)"
1072,40.83581,-73.928474,"(40.83581, -73.928474)"
1073,40.683754,-73.88565,"(40.683754, -73.88565)"
1074,40.770916,-73.889046,"(40.770916, -73.889046)"
1075,40.583664,-73.98656,"(40.583664, -73.98656)"
1077,40.66327,-73.81133,"(40.66327, -73.81133)"
1078,40.676132,-73.81924,"(40.676132, -73.81924)"
1079,40.71512,-73.77358,"(40.71512, -73.77358)"
1080,40.851757,-73.88473,"(40.851757, -73.88473)"
1081,40.57741,-73.96237,"(40.57741, -73.96237)"
1082,40.670174,-73.923355,"(40.670174, -73.923355)"
1083,40.66322,-73.893654,"(40.66322, -73.893654)"
1084,40.712204,-73.88638,"(40.712204, -73.88638)"
1085,40.76518,-73.88807,"(40.76518, -73.88807)"
1086,40.62973,-73.92512,"(40.62973, -73.92512)"
1087,40.780224,-73.80255,"(40.780224, -73.80255)"
1088,40.734783,-73.998726,"(40.734783, -73.998726)"
1089,40.83813,-73.885155,"(40.83813, -73.885155)"
1090,40.644444,-73.91326,"(40.644444, -73.91326)"
1091,40.726315,-73.909065,"(40.726315, -73.909065)"
1092,40.647694,-73.98037,"(40.647694, -73.98037)"
1093,40.68821,-73.96583,"(40.68821, -73.96583)"
1094,40.693592,-73.82971,"(40.693592, -73.82971)"
1095,40.655926,-73.95542,"(40.655926, -73.95542)"
1096,40.63396,-74.01476,"(40.63396, -74.01476)"
1097,40.636387,-73.94611,"(40.636387, -73.94611)"
1098,40.74077,-73.8716,"(40.74077, -73.8716)"
1099,40.631275,-73.97606,"(40.631275, -73.97606)"
1100,40.669518,-73.89424,"(40.669518, -73.89424)"
1101,40.562637,-74.1926,"(40.562637, -74.1926)"
1102,40.716133,-73.75138,"(40.716133, -73.75138)"
1103,40.73697,-74.00895,"(40.73697, -74.00895)"
1104,40.56431,-74.1186,"(40.56431, -74.1186)"
1105,40.867226,-73.907555,"(40.867226, -73.907555)"
1106,40.75898,-73.99595,"(40.75898, -73.99595)"
1107,40.677628,-73.894394,"(40.677628, -73.894394)"
1108,40.840164,-73.84262,"(40.840164, -73.84262)"
1109,40.809284,-73.92927,"(40.809284, -73.92927)"
1110,40.743427,-73.99613,"(40.743427, -73.99613)"
1111,40.636208,-73.94899,"(40.636208, -73.94899)"
1112,40.659813,-73.926476,"(40.659813, -73.926476)"
1113,40.526356,-74.22706,"(40.526356, -74.22706)"
1116,40.778603,-73.846115,"(40.778603, -73.846115)"
1117,40.704426,-73.89378,"(40.704426, -73.89378)"
1118,40.6705,-73.94488,"(40.6705, -73.94488)"
1119,40.713394,-73.85956,"(40.713394, -73.85956)"
1120,40.74469,-73.8351,"(40.74469, -73.8351)"
1121,40.820305,-73.89083,"(40.820305, -73.89083)"
1122,40.681637,-73.99392,"(40.681637, -73.99392)"
1123,40.83569,-73.86857,"(40.83569, -73.86857)"
1124,40.680225,-74.00481,"(40.680225, -74.00481)"
1126,40.859303,-73.89884,"(40.859303, -73.89884)"
1127,40.67619,-73.9081,"(40.67619, -73.9081)"
1128,40.703728,-73.82155,"(40.703728, -73.82155)"
1129,40.76359,-73.98144,"(40.76359, -73.98144)"
1130,40.762775,-73.969505,"(40.762775, -73.969505)"
1131,40.838757,-73.882904,"(40.838757, -73.882904)"
1133,40.684814,-73.999084,"(40.684814, -73.999084)"
1134,40.709896,-73.83941,"(40.709896, -73.83941)"
1135,40.63315,-73.96703,"(40.63315, -73.96703)"
1136,40.850506,-73.93287,"(40.850506, -73.93287)"
1137,40.76577,-73.919,"(40.76577, -73.919)"
1138,40.7606,-73.96434,"(40.7606, -73.96434)"
1139,40.760372,-73.815094,"(40.760372, -73.815094)"
1140,40.825573,-73.918465,"(40.825573, -73.918465)"
1141,40.797367,-73.96053,"(40.797367, -73.96053)"
1142,40.624798,-73.94265,"(40.624798, -73.94265)"
1143,40.856106,-73.90646,"(40.856106, -73.90646)"
1144,40.717186,-74.0129,"(40.717186, -74.0129)"
1145,40.710026,-73.83405,"(40.710026, -73.83405)"
1147,40.729687,-73.89676,"(40.729687, -73.89676)"
1148,40.751484,-73.99769,"(40.751484, -73.99769)"
1149,40.67798,-73.872116,"(40.67798, -73.872116)"
1150,40.596745,-73.985275,"(40.596745, -73.985275)"
1151,40.731613,-73.84892,"(40.731613, -73.84892)"
1152,40.84754,-73.86673,"(40.84754, -73.86673)"
1153,40.85132,-73.90842,"(40.85132, -73.90842)"
1154,40.744167,-73.91248,"(40.744167, -73.91248)"
1155,40.582584,-73.83022,"(40.582584, -73.83022)"
1156,40.832863,-73.94204,"(40.832863, -73.94204)"
1157,40.66675,-73.779945,"(40.66675, -73.779945)"
1158,40.757465,-73.95563,"(40.757465, -73.95563)"
1159,40.82207,-73.94993,"(40.82207, -73.94993)"
1160,40.62782,-74.12126,"(40.62782, -74.12126)"
1161,40.61345,-73.942986,"(40.61345, -73.942986)"
1162,40.632847,-73.928375,"(40.632847, -73.928375)"
1163,40.70206,-73.99262,"(40.70206, -73.99262)"
1164,40.75055,-73.87675,"(40.75055, -73.87675)"
1165,40.625935,-73.917946,"(40.625935, -73.917946)"
1166,40.82815,-73.93491,"(40.82815, -73.93491)"
1167,40.65616,-73.76736,"(40.65616, -73.76736)"
1168,40.88271,-73.881256,"(40.88271, -73.881256)"
1170,40.760727,-73.89106,"(40.760727, -73.89106)"
1171,40.68167,-73.83781,"(40.68167, -73.83781)"
1172,40.7826,-73.79446,"(40.7826, -73.79446)"
1173,40.63701,-73.91495,"(40.63701, -73.91495)"
1174,40.630753,-74.02808,"(40.630753, -74.02808)"
1175,40.70139,-73.83153,"(40.70139, -73.83153)"
1176,40.676117,-73.74046,"(40.676117, -73.74046)"
1177,40.72114,-73.942825,"(40.72114, -73.942825)"
1178,40.758457,-73.82221,"(40.758457, -73.82221)"
1179,40.65823,-74.00035,"(40.65823, -74.00035)"
1180,40.72691,-73.91823,"(40.72691, -73.91823)"
1181,40.778843,-73.81734,"(40.778843, -73.81734)"
1182,40.759293,-73.92646,"(40.759293, -73.92646)"
1183,40.75979,-73.98793,"(40.75979, -73.98793)"
1184,40.736874,-73.844955,"(40.736874, -73.844955)"
1185,40.74478,-73.93262,"(40.74478, -73.93262)"
1186,40.72163,-73.99353,"(40.72163, -73.99353)"
1187,40.62236,-74.174355,"(40.62236, -74.174355)"
1188,40.651295,-73.93987,"(40.651295, -73.93987)"
1189,40.613075,-74.12257,"(40.613075, -74.12257)"
1190,40.669067,-73.86555,"(40.669067, -73.86555)"
1191,40.68514,-73.8206,"(40.68514, -73.8206)"
1192,40.653656,-73.86239,"(40.653656, -73.86239)"
1193,40.643456,-73.972725,"(40.643456, -73.972725)"
1194,40.63552,-74.0167,"(40.63552, -74.0167)"
1195,40.75802,-73.98574,"(40.75802, -73.98574)"
1196,40.715664,-73.990105,"(40.715664, -73.990105)"
1198,40.67546,-73.73385,"(40.67546, -73.73385)"
1199,40.66984,-73.73604,"(40.66984, -73.73604)"
1200,40.770916,-73.889046,"(40.770916, -73.889046)"
1201,40.832012,-73.85621,"(40.832012, -73.85621)"
1202,40.8518,-73.909225,"(40.8518, -73.909225)"
1203,40.598312,-73.96119,"(40.598312, -73.96119)"
1205,40.86885,-73.907234,"(40.86885, -73.907234)"
1206,40.71335,-73.94139,"(40.71335, -73.94139)"
1207,40.843678,-73.89426,"(40.843678, -73.89426)"
1208,40.593796,-74.135445,"(40.593796, -74.135445)"
1209,40.74006,-73.789894,"(40.74006, -73.789894)"
1210,40.608757,-74.038086,"(40.608757, -74.038086)"
1212,40.663605,-73.934395,"(40.663605, -73.934395)"
1213,40.67344,-73.91753,"(40.67344, -73.91753)"
1214,40.600513,-74.06379,"(40.600513, -74.06379)"
1215,40.76432,-73.9772,"(40.76432, -73.9772)"
1216,40.76471,-73.82307,"(40.76471, -73.82307)"
1217,40.741642,-74.00487,"(40.741642, -74.00487)"
1218,40.861862,-73.91282,"(40.861862, -73.91282)"
1219,40.80719,-73.92431,"(40.80719, -73.92431)"
1220,40.650208,-73.959984,"(40.650208, -73.959984)"
1221,40.809105,-73.9229,"(40.809105, -73.9229)"
1222,40.596977,-73.97324,"(40.596977, -73.97324)"
1223,40.63413,-73.928505,"(40.63413, -73.928505)"
1224,40.755978,-73.97697,"(40.755978, -73.97697)"
1225,40.84457,-73.84631,"(40.84457, -73.84631)"
1226,40.71955,-74.000626,"(40.71955, -74.000626)"
1227,40.663586,-73.833275,"(40.663586, -73.833275)"
1228,40.685936,-73.9158,"(40.685936, -73.9158)"
1229,40.791046,-73.95138,"(40.791046, -73.95138)"
1230,40.700558,-73.89736,"(40.700558, -73.89736)"
1231,40.816586,-73.914024,"(40.816586, -73.914024)"
1232,40.84549,-73.888985,"(40.84549, -73.888985)"
1233,40.824623,-73.91052,"(40.824623, -73.91052)"
1234,40.750614,-73.98576,"(40.750614, -73.98576)"
1235,40.704212,-73.87617,"(40.704212, -73.87617)"
1236,40.64854,-73.924255,"(40.64854, -73.924255)"
1237,40.740356,-73.8595,"(40.740356, -73.8595)"
1238,40.75776,-73.7834,"(40.75776, -73.7834)"
1239,40.603256,-74.01042,"(40.603256, -74.01042)"
1240,40.72844,-73.87116,"(40.72844, -73.87116)"
1241,40.826862,-73.83174,"(40.826862, -73.83174)"
1242,40.72956,-73.87145,"(40.72956, -73.87145)"
1243,40.654793,-73.91688,"(40.654793, -73.91688)"
1244,40.752064,-73.70571,"(40.752064, -73.70571)"
1245,40.775043,-73.96516,"(40.775043, -73.96516)"
1246,40.756714,-73.988556,"(40.756714, -73.988556)"
1247,40.604313,-74.05208,"(40.604313, -74.05208)"
1248,40.68191,-73.95364,"(40.68191, -73.95364)"
1250,40.587402,-74.09132,"(40.587402, -74.09132)"
1252,40.7369,-74.000885,"(40.7369, -74.000885)"
1253,40.609364,-73.974045,"(40.609364, -73.974045)"
1254,40.725037,-73.87258,"(40.725037, -73.87258)"
1255,40.662994,-73.776634,"(40.662994, -73.776634)"
1256,40.71602,-73.81639,"(40.71602, -73.81639)"
1257,40.76432,-73.9772,"(40.76432, -73.9772)"
1258,40.63512,-73.929634,"(40.63512, -73.929634)"
1259,40.6996,-73.81061,"(40.6996, -73.81061)"
1260,40.72731,-73.94097,"(40.72731, -73.94097)"
1262,40.7065,-73.77416,"(40.7065, -73.77416)"
1263,40.65217,-73.96141,"(40.65217, -73.96141)"
1264,40.62109,-74.03395,"(40.62109, -74.03395)"
1265,40.843685,-73.90767,"(40.843685, -73.90767)"
1266,40.816532,-73.92822,"(40.816532, -73.92822)"
1267,40.67513,-73.88291,"(40.67513, -73.88291)"
1268,40.802094,-73.93799,"(40.802094, -73.93799)"
1269,40.728718,-73.75138,"(40.728718, -73.75138)"
1270,40.87226,-73.88965,"(40.87226, -73.88965)"
1271,40.68489,-73.82148,"(40.68489, -73.82148)"
1272,40.677902,-73.829956,"(40.677902, -73.829956)"
1273,40.716614,-73.94018,"(40.716614, -73.94018)"
1274,40.74623,-73.89037,"(40.74623, -73.89037)"
1275,40.616043,-73.94484,"(40.616043, -73.94484)"
1276,40.714928,-74.00795,"(40.714928, -74.00795)"
1277,40.70981,-73.99178,"(40.70981, -73.99178)"
1278,40.715996,-74.0071,"(40.715996, -74.0071)"
1279,40.724792,-73.996185,"(40.724792, -73.996185)"
1280,40.742683,-73.85463,"(40.742683, -73.85463)"
1282,40.716244,-73.8419,"(40.716244, -73.8419)"
1283,40.828068,-73.81783,"(40.828068, -73.81783)"
1284,40.66051,-73.88571,"(40.66051, -73.88571)"
1285,40.762764,-73.79706,"(40.762764, -73.79706)"
1286,40.74508,-73.86438,"(40.74508, -73.86438)"
1287,40.65971,-73.83613,"(40.65971, -73.83613)"
1288,40.67238,-73.94749,"(40.67238, -73.94749)"
1289,40.770416,-73.95114,"(40.770416, -73.95114)"
1290,40.711372,-73.77005,"(40.711372, -73.77005)"
1291,40.638382,-73.98863,"(40.638382, -73.98863)"
1292,40.735916,-73.89139,"(40.735916, -73.89139)"
1293,40.858707,-73.9037,"(40.858707, -73.9037)"
1294,40.842194,-73.94541,"(40.842194, -73.94541)"
1295,40.582752,-73.98633,"(40.582752, -73.98633)"
1296,40.844635,-73.88724,"(40.844635, -73.88724)"
1297,40.766716,-73.96914,"(40.766716, -73.96914)"
1298,40.767735,-73.9185,"(40.767735, -73.9185)"
1299,40.846153,-73.932335,"(40.846153, -73.932335)"
1300,40.70851,-73.74134,"(40.70851, -73.74134)"
1301,40.62332,-73.99713,"(40.62332, -73.99713)"
1302,40.68197,-73.92887,"(40.68197, -73.92887)"
1303,40.581745,-73.95384,"(40.581745, -73.95384)"
1304,40.7128,-73.99712,"(40.7128, -73.99712)"
1305,40.63695,-74.022484,"(40.63695, -74.022484)"
1306,40.5433,-74.16424,"(40.5433, -74.16424)"
1307,40.712612,-73.79323,"(40.712612, -73.79323)"
1308,40.660397,-73.98038,"(40.660397, -73.98038)"
1309,40.740852,-73.985886,"(40.740852, -73.985886)"
1310,40.73572,-73.93677,"(40.73572, -73.93677)"
1311,40.845837,-73.892006,"(40.845837, -73.892006)"
1312,40.74242,-73.826546,"(40.74242, -73.826546)"
1313,40.75645,-73.97032,"(40.75645, -73.97032)"
1314,40.70984,-73.947426,"(40.70984, -73.947426)"
1315,40.69068,-73.85306,"(40.69068, -73.85306)"
1316,40.73594,-73.85887,"(40.73594, -73.85887)"
1317,40.671627,-73.93364,"(40.671627, -73.93364)"
1318,40.61701,-73.969124,"(40.61701, -73.969124)"
1319,40.876266,-73.834755,"(40.876266, -73.834755)"
1320,40.619545,-73.91727,"(40.619545, -73.91727)"
1321,40.85407,-73.88421,"(40.85407, -73.88421)"
1322,40.710876,-74.01439,"(40.710876, -74.01439)"
1323,40.73402,-73.80492,"(40.73402, -73.80492)"
1324,40.848362,-73.86252,"(40.848362, -73.86252)"
1325,40.804367,-73.93533,"(40.804367, -73.93533)"
1326,40.58814,-73.93179,"(40.58814, -73.93179)"
1327,40.6707,-73.77366,"(40.6707, -73.77366)"
1328,40.720943,-73.823166,"(40.720943, -73.823166)"
1329,40.89624,-73.87242,"(40.89624, -73.87242)"
1330,40.74447,-73.911514,"(40.74447, -73.911514)"
1331,40.71976,-73.94476,"(40.71976, -73.94476)"
1332,40.820305,-73.89083,"(40.820305, -73.89083)"
1333,40.610077,-74.00732,"(40.610077, -74.00732)"
1334,40.879314,-73.884476,"(40.879314, -73.884476)"
1335,40.728947,-73.92793,"(40.728947, -73.92793)"
1336,40.592342,-74.064186,"(40.592342, -74.064186)"
1337,40.707573,-73.802704,"(40.707573, -73.802704)"
1338,40.817513,-73.91712,"(40.817513, -73.91712)"
1339,40.710655,-73.967125,"(40.710655, -73.967125)"
1340,40.706085,-73.8085,"(40.706085, -73.8085)"
1341,40.691227,-73.98214,"(40.691227, -73.98214)"
1342,40.646572,-73.89617,"(40.646572, -73.89617)"
1343,40.61137,-74.176315,"(40.61137, -74.176315)"
1344,40.742874,-73.933945,"(40.742874, -73.933945)"
1346,40.842503,-73.92797,"(40.842503, -73.92797)"
1347,40.6629,-73.76837,"(40.6629, -73.76837)"
1348,40.77017,-73.9841,"(40.77017, -73.9841)"
1349,40.625175,-73.9614,"(40.625175, -73.9614)"
1350,40.643204,-73.90929,"(40.643204, -73.90929)"
1351,40.7054,-73.77293,"(40.7054, -73.77293)"
1352,40.65822,-73.89146,"(40.65822, -73.89146)"
1353,40.622154,-73.99834,"(40.622154, -73.99834)"
1354,40.810352,-73.91761,"(40.810352, -73.91761)"
1355,40.673275,-73.80842,"(40.673275, -73.80842)"
1356,40.692936,-73.75774,"(40.692936, -73.75774)"
1357,40.71337,-73.99244,"(40.71337, -73.99244)"
1358,40.711212,-73.84776,"(40.711212, -73.84776)"
1359,40.75366,-73.94758,"(40.75366, -73.94758)"
1360,40.89975,-73.891594,"(40.89975, -73.891594)"
1362,40.646557,-73.92593,"(40.646557, -73.92593)"
1363,40.655754,-73.76432,"(40.655754, -73.76432)"
1365,40.72349,-73.80604,"(40.72349, -73.80604)"
1366,40.734135,-73.9992,"(40.734135, -73.9992)"
1367,40.614594,-74.0228,"(40.614594, -74.0228)"
1368,40.760857,-73.961075,"(40.760857, -73.961075)"
1369,40.526356,-74.22706,"(40.526356, -74.22706)"
1370,40.837395,-73.9412,"(40.837395, -73.9412)"
1371,40.764435,-73.72269,"(40.764435, -73.72269)"
1373,40.753166,-73.82194,"(40.753166, -73.82194)"
1374,40.746876,-73.95272,"(40.746876, -73.95272)"
1375,40.64701,-73.96262,"(40.64701, -73.96262)"
1376,40.86443,-73.83069,"(40.86443, -73.83069)"
1377,40.75895,-73.83192,"(40.75895, -73.83192)"
1378,40.825504,-73.886086,"(40.825504, -73.886086)"
1379,40.60676,-73.96373,"(40.60676, -73.96373)"
1380,40.817913,-73.892586,"(40.817913, -73.892586)"
1381,40.640522,-73.94846,"(40.640522, -73.94846)"
1382,40.675735,-73.89686,"(40.675735, -73.89686)"
1383,40.708782,-73.94344,"(40.708782, -73.94344)"
1384,40.75325,-73.9123,"(40.75325, -73.9123)"
1385,40.766045,-73.983376,"(40.766045, -73.983376)"
1386,40.767292,-73.91759,"(40.767292, -73.91759)"
1387,40.831333,-73.92167,"(40.831333, -73.92167)"
1388,40.721386,-73.84373,"(40.721386, -73.84373)"
1389,40.7437,-73.92335,"(40.7437, -73.92335)"
1390,40.746037,-73.990524,"(40.746037, -73.990524)"
1391,40.760048,-73.92806,"(40.760048, -73.92806)"
1392,40.612156,-74.122185,"(40.612156, -74.122185)"
1393,40.75325,-73.9123,"(40.75325, -73.9123)"
1394,40.7104,-73.83974,"(40.7104, -73.83974)"
1395,40.701218,-73.94223,"(40.701218, -73.94223)"
1396,40.51703,-74.233795,"(40.51703, -74.233795)"
1397,40.85638,-73.82631,"(40.85638, -73.82631)"
1398,40.634567,-74.1172,"(40.634567, -74.1172)"
1400,40.71427,-73.974945,"(40.71427, -73.974945)"
1401,40.759575,-73.96803,"(40.759575, -73.96803)"
1402,40.729736,-73.833725,"(40.729736, -73.833725)"
1403,40.89339,-73.857376,"(40.89339, -73.857376)"
1404,40.70136,-73.98286,"(40.70136, -73.98286)"
1405,40.787045,-73.97759,"(40.787045, -73.97759)"
1406,40.627472,-74.03455,"(40.627472, -74.03455)"
1407,40.61751,-74.07305,"(40.61751, -74.07305)"
1408,40.676132,-73.921906,"(40.676132, -73.921906)"
1409,40.678387,-74.00247,"(40.678387, -74.00247)"
1410,40.66955,-73.94497,"(40.66955, -73.94497)"
1411,40.76172,-73.98281,"(40.76172, -73.98281)"
1412,40.7324,-73.76561,"(40.7324, -73.76561)"
1413,40.68892,-73.99915,"(40.68892, -73.99915)"
1414,40.749386,-73.99182,"(40.749386, -73.99182)"
1415,40.695114,-73.93194,"(40.695114, -73.93194)"
1416,40.76734,-73.96868,"(40.76734, -73.96868)"
1418,40.637863,-74.07799,"(40.637863, -74.07799)"
1419,40.829453,-73.90658,"(40.829453, -73.90658)"
1420,40.758327,-73.957825,"(40.758327, -73.957825)"
1421,40.798256,-73.82744,"(40.798256, -73.82744)"
1422,40.628845,-73.99855,"(40.628845, -73.99855)"
1423,40.75533,-73.99119,"(40.75533, -73.99119)"
1424,40.824116,-73.913574,"(40.824116, -73.913574)"
1425,40.70422,-73.894684,"(40.70422, -73.894684)"
1426,40.76553,-73.74215,"(40.76553, -73.74215)"
1427,40.74656,-73.73515,"(40.74656, -73.73515)"
1428,40.65473,-73.90692,"(40.65473, -73.90692)"
1429,40.63768,-73.88373,"(40.63768, -73.88373)"
1430,40.635994,-73.967865,"(40.635994, -73.967865)"
1431,40.633694,-73.98992,"(40.633694, -73.98992)"
1432,40.810944,-73.963066,"(40.810944, -73.963066)"
1433,40.636982,-74.004425,"(40.636982, -74.004425)"
1434,40.881687,-73.838974,"(40.881687, -73.838974)"
1435,40.78169,-73.94897,"(40.78169, -73.94897)"
1436,40.696198,-73.98869,"(40.696198, -73.98869)"
1437,40.693264,-73.85324,"(40.693264, -73.85324)"
1438,40.68167,-73.83781,"(40.68167, -73.83781)"
1439,40.830437,-73.83748,"(40.830437, -73.83748)"
1440,40.684277,-73.78302,"(40.684277, -73.78302)"
1441,40.69744,-73.908424,"(40.69744, -73.908424)"
1442,40.587185,-74.08634,"(40.587185, -74.08634)"
1443,40.609253,-73.96905,"(40.609253, -73.96905)"
1444,40.63174,-73.96793,"(40.63174, -73.96793)"
1445,40.71552,-74.00925,"(40.71552, -74.00925)"
1446,40.709095,-73.99622,"(40.709095, -73.99622)"
1447,40.829185,-73.928764,"(40.829185, -73.928764)"
1448,40.791557,-73.93866,"(40.791557, -73.93866)"
1449,40.691456,-73.950745,"(40.691456, -73.950745)"
1450,40.723648,-73.99103,"(40.723648, -73.99103)"
1451,40.733128,-73.783035,"(40.733128, -73.783035)"
1452,40.635494,-74.00957,"(40.635494, -74.00957)"
1453,40.76732,-73.92231,"(40.76732, -73.92231)"
1454,40.63956,-74.11542,"(40.63956, -74.11542)"
1455,40.86052,-73.89257,"(40.86052, -73.89257)"
1456,40.71722,-73.78468,"(40.71722, -73.78468)"
1457,40.638542,-73.92604,"(40.638542, -73.92604)"
1458,40.703377,-73.88633,"(40.703377, -73.88633)"
1459,40.82406,-73.92815,"(40.82406, -73.92815)"
1460,40.74084,-73.72681,"(40.74084, -73.72681)"
1461,40.61146,-73.92437,"(40.61146, -73.92437)"
1462,40.629646,-74.010704,"(40.629646, -74.010704)"
1463,40.663303,-73.960625,"(40.663303, -73.960625)"
1464,40.752117,-73.97556,"(40.752117, -73.97556)"
1465,40.663605,-73.934395,"(40.663605, -73.934395)"
1466,40.621834,-73.919464,"(40.621834, -73.919464)"
1467,40.664597,-73.76331,"(40.664597, -73.76331)"
1468,40.67677,-73.88949,"(40.67677, -73.88949)"
1469,40.73664,-73.86584,"(40.73664, -73.86584)"
1470,40.711212,-73.84776,"(40.711212, -73.84776)"
1471,40.63588,-73.740204,"(40.63588, -73.740204)"
1472,40.715286,-73.89982,"(40.715286, -73.89982)"
1473,40.745235,-73.937706,"(40.745235, -73.937706)"
1474,40.828045,-73.93447,"(40.828045, -73.93447)"
1475,40.76886,-73.868416,"(40.76886, -73.868416)"
1476,40.815956,-73.84477,"(40.815956, -73.84477)"
1477,40.681175,-73.87363,"(40.681175, -73.87363)"
1478,40.7217,-73.835976,"(40.7217, -73.835976)"
1479,40.680298,-73.93031,"(40.680298, -73.93031)"
1480,40.7106,-73.98469,"(40.7106, -73.98469)"
1481,40.76518,-73.88807,"(40.76518, -73.88807)"
1482,40.663483,-73.9627,"(40.663483, -73.9627)"
1483,40.7509,-73.99812,"(40.7509, -73.99812)"
1484,40.753918,-73.99964,"(40.753918, -73.99964)"
1485,40.87296,-73.87495,"(40.87296, -73.87495)"
1486,40.740917,-73.9881,"(40.740917, -73.9881)"
1488,40.688564,-73.93019,"(40.688564, -73.93019)"
1489,40.778477,-73.98546,"(40.778477, -73.98546)"
1490,40.69851,-73.852905,"(40.69851, -73.852905)"
1491,40.734985,-73.85066,"(40.734985, -73.85066)"
1492,40.61137,-73.94979,"(40.61137, -73.94979)"
1493,40.66919,-73.99682,"(40.66919, -73.99682)"
1494,40.69299,-73.95583,"(40.69299, -73.95583)"
1495,40.636284,-73.98364,"(40.636284, -73.98364)"
1496,40.67081,-73.74264,"(40.67081, -73.74264)"
1497,40.839985,-73.877426,"(40.839985, -73.877426)"
1498,40.713303,-73.73586,"(40.713303, -73.73586)"
1499,40.753857,-73.91764,"(40.753857, -73.91764)"
1500,40.815826,-73.947044,"(40.815826, -73.947044)"
1501,40.675285,-73.81177,"(40.675285, -73.81177)"
1502,40.61978,-74.10793,"(40.61978, -74.10793)"
1503,40.6932,-73.7845,"(40.6932, -73.7845)"
1504,40.840733,-73.85304,"(40.840733, -73.85304)"
1505,40.76411,-73.9885,"(40.76411, -73.9885)"
1506,40.697083,-73.83048,"(40.697083, -73.83048)"
1507,40.84518,-73.91417,"(40.84518, -73.91417)"
1508,40.828312,-73.8836,"(40.828312, -73.8836)"
1509,40.866997,-73.902084,"(40.866997, -73.902084)"
1510,40.72654,-73.71589,"(40.72654, -73.71589)"
1511,40.803425,-73.93309,"(40.803425, -73.93309)"
1512,40.66795,-73.86121,"(40.66795, -73.86121)"
1513,40.649982,-73.91183,"(40.649982, -73.91183)"
1514,40.696198,-73.98869,"(40.696198, -73.98869)"
1515,40.85132,-73.90842,"(40.85132, -73.90842)"
1516,40.698822,-73.84701,"(40.698822, -73.84701)"
1517,40.763744,-73.82893,"(40.763744, -73.82893)"
1518,40.584003,-73.92157,"(40.584003, -73.92157)"
1519,40.78424,-73.97491,"(40.78424, -73.97491)"
1520,40.686344,-73.9234,"(40.686344, -73.9234)"
1521,40.707966,-73.84696,"(40.707966, -73.84696)"
1522,40.667015,-73.9313,"(40.667015, -73.9313)"
1523,40.60855,-74.13216,"(40.60855, -74.13216)"
1524,40.583042,-74.096176,"(40.583042, -74.096176)"
1525,40.54909,-74.22084,"(40.54909, -74.22084)"
1526,40.848347,-73.93145,"(40.848347, -73.93145)"
1527,40.809456,-73.909454,"(40.809456, -73.909454)"
1528,40.626328,-74.13132,"(40.626328, -74.13132)"
1529,40.601295,-73.95495,"(40.601295, -73.95495)"
1530,40.73295,-73.85217,"(40.73295, -73.85217)"
1532,40.76547,-73.97005,"(40.76547, -73.97005)"
1533,40.811638,-73.9316,"(40.811638, -73.9316)"
1534,40.675735,-73.89686,"(40.675735, -73.89686)"
1535,40.596745,-73.985275,"(40.596745, -73.985275)"
1536,40.639256,-73.968796,"(40.639256, -73.968796)"
1537,40.884735,-73.84045,"(40.884735, -73.84045)"
1538,40.710175,-74.001144,"(40.710175, -74.001144)"
1539,40.779633,-73.9846,"(40.779633, -73.9846)"
1540,40.89058,-73.866035,"(40.89058, -73.866035)"
1541,40.83136,-73.818794,"(40.83136, -73.818794)"
1542,40.82893,-73.90679,"(40.82893, -73.90679)"
1543,40.74209,-73.854324,"(40.74209, -73.854324)"
1544,40.744125,-73.906944,"(40.744125, -73.906944)"
1545,40.804405,-73.9217,"(40.804405, -73.9217)"
1546,40.76496,-73.90532,"(40.76496, -73.90532)"
1547,40.773365,-73.9068,"(40.773365, -73.9068)"
1548,40.798256,-73.82744,"(40.798256, -73.82744)"
1549,40.701145,-73.93173,"(40.701145, -73.93173)"
1550,40.781193,-73.97975,"(40.781193, -73.97975)"
1551,40.700012,-73.93607,"(40.700012, -73.93607)"
1552,40.605877,-73.98598,"(40.605877, -73.98598)"
1553,40.667553,-73.89671,"(40.667553, -73.89671)"
1554,40.732388,-73.943726,"(40.732388, -73.943726)"
1555,40.637196,-74.00779,"(40.637196, -74.00779)"
1556,40.68794,-73.789635,"(40.68794, -73.789635)"
1557,40.66322,-73.893654,"(40.66322, -73.893654)"
1558,40.794468,-73.93964,"(40.794468, -73.93964)"
1559,40.725975,-73.7575,"(40.725975, -73.7575)"
1560,40.628914,-74.13365,"(40.628914, -74.13365)"
1561,40.853245,-73.83529,"(40.853245, -73.83529)"
1562,40.62334,-73.95595,"(40.62334, -73.95595)"
1563,40.72956,-73.87145,"(40.72956, -73.87145)"
1564,40.844593,-73.88167,"(40.844593, -73.88167)"
1565,40.753166,-73.82194,"(40.753166, -73.82194)"
1566,40.78169,-73.94897,"(40.78169, -73.94897)"
1567,40.693172,-73.9711,"(40.693172, -73.9711)"
1568,40.744526,-73.77161,"(40.744526, -73.77161)"
1569,40.611816,-74.10098,"(40.611816, -74.10098)"
1570,40.75307,-73.79238,"(40.75307, -73.79238)"
1571,40.561512,-74.171844,"(40.561512, -74.171844)"
1572,40.764053,-73.99225,"(40.764053, -73.99225)"
1573,40.74463,-73.99898,"(40.74463, -73.99898)"
1574,40.750843,-73.978615,"(40.750843, -73.978615)"
1575,40.80202,-73.94969,"(40.80202, -73.94969)"
1576,40.876694,-73.8516,"(40.876694, -73.8516)"
1577,40.824432,-73.873604,"(40.824432, -73.873604)"
1578,40.608757,-74.038086,"(40.608757, -74.038086)"
1579,40.728855,-73.92782,"(40.728855, -73.92782)"
1580,40.681446,-73.94644,"(40.681446, -73.94644)"
1581,40.695026,-73.75643,"(40.695026, -73.75643)"
1582,40.762737,-73.83951,"(40.762737, -73.83951)"
1583,40.699272,-73.83934,"(40.699272, -73.83934)"
1584,40.61665,-73.96904,"(40.61665, -73.96904)"
1585,40.8228,-73.82755,"(40.8228, -73.82755)"
1586,40.783844,-73.979996,"(40.783844, -73.979996)"
1587,40.58576,-73.97442,"(40.58576, -73.97442)"
1588,40.775246,-73.94763,"(40.775246, -73.94763)"
1589,40.71587,-74.01004,"(40.71587, -74.01004)"
1590,40.584064,-73.91971,"(40.584064, -73.91971)"
1591,40.756462,-73.991974,"(40.756462, -73.991974)"
1593,40.762566,-73.81859,"(40.762566, -73.81859)"
1594,40.756565,-73.99028,"(40.756565, -73.99028)"
1595,40.84442,-73.8984,"(40.84442, -73.8984)"
1596,40.598816,-73.93676,"(40.598816, -73.93676)"
1597,40.862732,-73.90333,"(40.862732, -73.90333)"
1598,40.6865,-73.98787,"(40.6865, -73.98787)"
1599,40.611336,-73.89728,"(40.611336, -73.89728)"
1600,40.845352,-73.92821,"(40.845352, -73.92821)"
1601,40.747272,-73.96673,"(40.747272, -73.96673)"
1602,40.597332,-74.163895,"(40.597332, -74.163895)"
1603,40.689735,-73.74729,"(40.689735, -73.74729)"
1604,40.713604,-73.91545,"(40.713604, -73.91545)"
1605,40.663555,-73.93162,"(40.663555, -73.93162)"
1606,40.692123,-73.75541,"(40.692123, -73.75541)"
1607,40.717327,-73.99946,"(40.717327, -73.99946)"
1608,40.701237,-73.79465,"(40.701237, -73.79465)"
1609,40.87213,-73.87776,"(40.87213, -73.87776)"
1610,40.64091,-73.994316,"(40.64091, -73.994316)"
1611,40.695286,-73.77957,"(40.695286, -73.77957)"
1612,40.764168,-73.98474,"(40.764168, -73.98474)"
1613,40.59034,-74.06663,"(40.59034, -74.06663)"
1614,40.51245,-74.25015,"(40.51245, -74.25015)"
1615,40.651604,-73.933304,"(40.651604, -73.933304)"
1616,40.586613,-74.168274,"(40.586613, -74.168274)"
1617,40.589043,-73.98381,"(40.589043, -73.98381)"
1618,40.830215,-73.85273,"(40.830215, -73.85273)"
1619,40.759983,-73.964806,"(40.759983, -73.964806)"
1620,40.782475,-73.98082,"(40.782475, -73.98082)"
1621,40.697525,-73.746826,"(40.697525, -73.746826)"
1622,40.866047,-73.87207,"(40.866047, -73.87207)"
1623,40.655632,-73.95987,"(40.655632, -73.95987)"
1624,40.64606,-74.01648,"(40.64606, -74.01648)"
1625,40.861256,-73.925674,"(40.861256, -73.925674)"
1626,40.624447,-73.9388,"(40.624447, -73.9388)"
1627,40.590076,-74.16643,"(40.590076, -74.16643)"
1628,40.66706,-73.7392,"(40.66706, -73.7392)"
1629,40.726185,-73.87022,"(40.726185, -73.87022)"
1630,40.753933,-73.86122,"(40.753933, -73.86122)"
1631,40.747444,-73.99192,"(40.747444, -73.99192)"
1632,40.862244,-73.91351,"(40.862244, -73.91351)"
1633,40.68659,-74.00842,"(40.68659, -74.00842)"
1634,40.599834,-73.9585,"(40.599834, -73.9585)"
1635,40.745327,-73.922066,"(40.745327, -73.922066)"
1636,40.640327,-73.9061,"(40.640327, -73.9061)"
1637,40.728985,-73.89049,"(40.728985, -73.89049)"
1638,40.718555,-73.988205,"(40.718555, -73.988205)"
1639,40.675507,-74.00075,"(40.675507, -74.00075)"
1640,40.764416,-73.902916,"(40.764416, -73.902916)"
1641,40.804676,-73.93223,"(40.804676, -73.93223)"
1642,40.811707,-73.9027,"(40.811707, -73.9027)"
1643,40.636074,-73.92191,"(40.636074, -73.92191)"
1644,40.592785,-74.06833,"(40.592785, -74.06833)"
1645,40.725796,-73.986626,"(40.725796, -73.986626)"
1646,40.71991,-73.809044,"(40.71991, -73.809044)"
1647,40.534325,-74.193016,"(40.534325, -74.193016)"
1648,40.635303,-73.92668,"(40.635303, -73.92668)"
1649,40.716106,-73.80784,"(40.716106, -73.80784)"
1650,40.686905,-73.94463,"(40.686905, -73.94463)"
1651,40.634483,-73.91886,"(40.634483, -73.91886)"
1652,40.71702,-73.830505,"(40.71702, -73.830505)"
1653,40.879578,-73.879,"(40.879578, -73.879)"
1654,40.66645,-73.75764,"(40.66645, -73.75764)"
1655,40.75565,-73.98352,"(40.75565, -73.98352)"
1656,40.636074,-74.00896,"(40.636074, -74.00896)"
1657,40.529053,-74.22381,"(40.529053, -74.22381)"
1658,40.706398,-73.89182,"(40.706398, -73.89182)"
1659,40.829597,-73.902245,"(40.829597, -73.902245)"
1660,40.552296,-74.159996,"(40.552296, -74.159996)"
1661,40.633465,-74.1534,"(40.633465, -74.1534)"
1662,40.680744,-73.84225,"(40.680744, -73.84225)"
1663,40.82743,-73.89192,"(40.82743, -73.89192)"
1664,40.701237,-73.79465,"(40.701237, -73.79465)"
1665,40.844604,-73.90348,"(40.844604, -73.90348)"
1666,40.769005,-73.992355,"(40.769005, -73.992355)"
1667,40.754154,-73.9804,"(40.754154, -73.9804)"
1668,40.80627,-73.888176,"(40.80627, -73.888176)"
1669,40.835773,-73.86229,"(40.835773, -73.86229)"
1670,40.61423,-74.15608,"(40.61423, -74.15608)"
1671,40.708046,-73.8506,"(40.708046, -73.8506)"
1673,40.869495,-73.82619,"(40.869495, -73.82619)"
1674,40.703224,-73.82055,"(40.703224, -73.82055)"
1675,40.71512,-73.77358,"(40.71512, -73.77358)"
1676,40.714363,-73.90962,"(40.714363, -73.90962)"
1677,40.848625,-73.93425,"(40.848625, -73.93425)"
1678,40.741394,-73.82303,"(40.741394, -73.82303)"
1679,40.854366,-73.86871,"(40.854366, -73.86871)"
1680,40.700592,-73.85457,"(40.700592, -73.85457)"
1681,40.66632,-73.83481,"(40.66632, -73.83481)"
1682,40.75194,-73.832306,"(40.75194, -73.832306)"
1683,40.7178,-73.83956,"(40.7178, -73.83956)"
1684,40.87356,-73.81853,"(40.87356, -73.81853)"
1685,40.74701,-73.977196,"(40.74701, -73.977196)"
1686,40.742275,-73.988914,"(40.742275, -73.988914)"
1687,40.743046,-73.91776,"(40.743046, -73.91776)"
1688,40.745304,-73.82595,"(40.745304, -73.82595)"
1689,40.63476,-74.11455,"(40.63476, -74.11455)"
1690,40.780407,-73.81211,"(40.780407, -73.81211)"
1691,40.692783,-73.91181,"(40.692783, -73.91181)"
1692,40.83451,-73.88526,"(40.83451, -73.88526)"
1693,40.680244,-73.946686,"(40.680244, -73.946686)"
1694,40.65749,-73.893074,"(40.65749, -73.893074)"
1695,40.75061,-73.76392,"(40.75061, -73.76392)"
1696,40.71123,-74.006485,"(40.71123, -74.006485)"
1697,40.67752,-73.972725,"(40.67752, -73.972725)"
1698,40.70092,-73.951294,"(40.70092, -73.951294)"
1699,40.68444,-73.83192,"(40.68444, -73.83192)"
1700,40.777542,-73.957016,"(40.777542, -73.957016)"
1701,40.74898,-73.9859,"(40.74898, -73.9859)"
1702,40.733917,-73.9219,"(40.733917, -73.9219)"
1703,40.561077,-74.16984,"(40.561077, -74.16984)"
1704,40.880657,-73.877625,"(40.880657, -73.877625)"
1705,40.56709,-74.12167,"(40.56709, -74.12167)"
1706,40.616043,-73.94484,"(40.616043, -73.94484)"
1707,40.68659,-74.00842,"(40.68659, -74.00842)"
1708,40.737457,-73.74109,"(40.737457, -73.74109)"
1709,40.71319,-73.992424,"(40.71319, -73.992424)"
1710,40.72648,-73.89442,"(40.72648, -73.89442)"
1712,40.86879,-73.83168,"(40.86879, -73.83168)"
1713,40.66176,-73.871445,"(40.66176, -73.871445)"
1714,40.71281,-73.809845,"(40.71281, -73.809845)"
1715,40.715656,-73.73554,"(40.715656, -73.73554)"
1716,40.68723,-73.78711,"(40.68723, -73.78711)"
1717,40.5917,-74.164444,"(40.5917, -74.164444)"
1718,40.68024,-73.91123,"(40.68024, -73.91123)"
1719,40.636826,-74.011765,"(40.636826, -74.011765)"
1721,40.738995,-73.75635,"(40.738995, -73.75635)"
1722,40.758488,-73.97514,"(40.758488, -73.97514)"
1723,40.77981,-73.95035,"(40.77981, -73.95035)"
1724,40.732346,-73.98495,"(40.732346, -73.98495)"
1725,40.68022,-73.775505,"(40.68022, -73.775505)"
1726,40.78169,-73.94897,"(40.78169, -73.94897)"
1727,40.68868,-73.837234,"(40.68868, -73.837234)"
1728,40.810387,-73.91521,"(40.810387, -73.91521)"
1729,40.778633,-73.91464,"(40.778633, -73.91464)"
1730,40.772655,-73.90096,"(40.772655, -73.90096)"
1731,40.783306,-73.952805,"(40.783306, -73.952805)"
1732,40.57706,-73.96404,"(40.57706, -73.96404)"
1733,40.75532,-73.82516,"(40.75532, -73.82516)"
1734,40.642067,-73.95252,"(40.642067, -73.95252)"
1736,40.70921,-73.87017,"(40.70921, -73.87017)"
1737,40.889923,-73.85931,"(40.889923, -73.85931)"
1738,40.81275,-73.94558,"(40.81275, -73.94558)"
1739,40.593586,-73.942566,"(40.593586, -73.942566)"
1740,40.694588,-73.82591,"(40.694588, -73.82591)"
1741,40.70189,-73.916916,"(40.70189, -73.916916)"
1742,40.65106,-74.003586,"(40.65106, -74.003586)"
1743,40.750965,-73.94027,"(40.750965, -73.94027)"
1744,40.590443,-74.08608,"(40.590443, -74.08608)"
1745,40.608433,-74.15544,"(40.608433, -74.15544)"
1746,40.769047,-73.91524,"(40.769047, -73.91524)"
1747,40.65473,-73.90692,"(40.65473, -73.90692)"
1748,40.6845,-73.92639,"(40.6845, -73.92639)"
1749,40.83435,-73.864525,"(40.83435, -73.864525)"
1750,40.61054,-74.103455,"(40.61054, -74.103455)"
1751,40.763428,-73.99271,"(40.763428, -73.99271)"
1752,40.759983,-73.964806,"(40.759983, -73.964806)"
1753,40.704212,-73.83697,"(40.704212, -73.83697)"
1754,40.77444,-73.92232,"(40.77444, -73.92232)"
1755,40.689228,-73.9847,"(40.689228, -73.9847)"
1756,40.645817,-73.90309,"(40.645817, -73.90309)"
1757,40.7444,-73.88606,"(40.7444, -73.88606)"
1758,40.75379,-73.86676,"(40.75379, -73.86676)"
1759,40.753178,-73.98605,"(40.753178, -73.98605)"
1760,40.719547,-73.99873,"(40.719547, -73.99873)"
1761,40.66552,-73.74467,"(40.66552, -73.74467)"
1762,40.606117,-73.99311,"(40.606117, -73.99311)"
1763,40.84126,-73.92805,"(40.84126, -73.92805)"
1764,40.652927,-73.959335,"(40.652927, -73.959335)"
1765,40.50366,-74.24506,"(40.50366, -74.24506)"
1766,40.73572,-73.93677,"(40.73572, -73.93677)"
1767,40.895466,-73.87713,"(40.895466, -73.87713)"
1768,40.76051,-73.82914,"(40.76051, -73.82914)"
1769,40.837425,-73.92037,"(40.837425, -73.92037)"
1770,40.73426,-73.862595,"(40.73426, -73.862595)"
1771,40.54996,-74.15085,"(40.54996, -74.15085)"
1772,40.735,-73.9207,"(40.735, -73.9207)"
1773,40.75327,-73.92803,"(40.75327, -73.92803)"
1774,40.765556,-73.92609,"(40.765556, -73.92609)"
1775,40.608147,-74.139984,"(40.608147, -74.139984)"
1776,40.63196,-74.02758,"(40.63196, -74.02758)"
1777,40.86774,-73.85955,"(40.86774, -73.85955)"
1778,40.834084,-73.853546,"(40.834084, -73.853546)"
1779,40.786602,-73.956726,"(40.786602, -73.956726)"
1780,40.72656,-73.83802,"(40.72656, -73.83802)"
1781,40.793186,-73.94057,"(40.793186, -73.94057)"
1782,40.745182,-73.97093,"(40.745182, -73.97093)"
1783,40.603848,-74.00264,"(40.603848, -74.00264)"
1784,40.577766,-73.95606,"(40.577766, -73.95606)"
1785,40.78202,-73.97173,"(40.78202, -73.97173)"
1786,40.81261,-73.95683,"(40.81261, -73.95683)"
1787,40.664192,-73.841125,"(40.664192, -73.841125)"
1788,40.73869,-73.94093,"(40.73869, -73.94093)"
1789,40.66408,-73.94817,"(40.66408, -73.94817)"
1790,40.86713,-73.883835,"(40.86713, -73.883835)"
1791,40.68911,-73.966034,"(40.68911, -73.966034)"
1792,40.74954,-73.97744,"(40.74954, -73.97744)"
1793,40.73618,-73.99772,"(40.73618, -73.99772)"
1794,40.847843,-73.86708,"(40.847843, -73.86708)"
1795,40.68583,-73.9604,"(40.68583, -73.9604)"
1796,40.720154,-73.88967,"(40.720154, -73.88967)"
1798,40.71196,-73.9407,"(40.71196, -73.9407)"
1799,40.600586,-74.006035,"(40.600586, -74.006035)"
1800,40.62898,-73.94362,"(40.62898, -73.94362)"
1801,40.875874,-73.84989,"(40.875874, -73.84989)"
1802,40.865593,-73.91811,"(40.865593, -73.91811)"
1803,40.845062,-73.91839,"(40.845062, -73.91839)"
1804,40.759514,-73.99926,"(40.759514, -73.99926)"
1805,40.695065,-73.86682,"(40.695065, -73.86682)"
1806,40.594646,-73.956566,"(40.594646, -73.956566)"
1807,40.713104,-73.83375,"(40.713104, -73.83375)"
1808,40.566967,-74.11328,"(40.566967, -74.11328)"
1809,40.62094,-73.99962,"(40.62094, -73.99962)"
1810,40.753407,-73.852356,"(40.753407, -73.852356)"
1811,40.84636,-73.84463,"(40.84636, -73.84463)"
1812,40.66633,-73.91571,"(40.66633, -73.91571)"
1813,40.738422,-73.78831,"(40.738422, -73.78831)"
1814,40.709156,-73.86302,"(40.709156, -73.86302)"
1815,40.87714,-73.875275,"(40.87714, -73.875275)"
1816,40.735527,-73.9511,"(40.735527, -73.9511)"
1817,40.691536,-73.99912,"(40.691536, -73.99912)"
1818,40.722324,-74.01178,"(40.722324, -74.01178)"
1819,40.888058,-73.90754,"(40.888058, -73.90754)"
1820,40.775677,-73.9647,"(40.775677, -73.9647)"
1821,40.63525,-74.09479,"(40.63525, -74.09479)"
1822,40.58794,-73.97429,"(40.58794, -73.97429)"
1823,40.766933,-73.86388,"(40.766933, -73.86388)"
1824,40.661198,-73.770966,"(40.661198, -73.770966)"
1825,40.750248,-73.950516,"(40.750248, -73.950516)"
1826,40.847397,-73.92841,"(40.847397, -73.92841)"
1827,40.8282,-73.93712,"(40.8282, -73.93712)"
1828,40.654022,-73.95192,"(40.654022, -73.95192)"
1829,40.760788,-73.91088,"(40.760788, -73.91088)"
1830,40.698406,-73.80647,"(40.698406, -73.80647)"
1831,40.748985,-73.979965,"(40.748985, -73.979965)"
1832,40.604153,-74.05198,"(40.604153, -74.05198)"
1833,40.67578,-74.0014,"(40.67578, -74.0014)"
1834,40.761063,-73.873886,"(40.761063, -73.873886)"
1835,40.619755,-73.97892,"(40.619755, -73.97892)"
1836,40.77693,-73.84713,"(40.77693, -73.84713)"
1837,40.714222,-73.80123,"(40.714222, -73.80123)"
1838,40.73771,-73.974266,"(40.73771, -73.974266)"
1839,40.572166,-74.11577,"(40.572166, -74.11577)"
1840,40.866493,-73.91813,"(40.866493, -73.91813)"
1841,40.75765,-73.825195,"(40.75765, -73.825195)"
1842,40.603767,-74.13158,"(40.603767, -74.13158)"
1843,40.674664,-73.97025,"(40.674664, -73.97025)"
1844,40.896496,-73.846,"(40.896496, -73.846)"
1845,40.635365,-73.92571,"(40.635365, -73.92571)"
1846,40.609512,-73.98957,"(40.609512, -73.98957)"
1847,40.680386,-73.94929,"(40.680386, -73.94929)"
1848,40.590717,-74.194,"(40.590717, -74.194)"
1849,40.841076,-73.93977,"(40.841076, -73.93977)"
1850,40.707752,-73.94666,"(40.707752, -73.94666)"
1851,40.625294,-74.01572,"(40.625294, -74.01572)"
1852,40.66675,-73.779945,"(40.66675, -73.779945)"
1853,40.610508,-74.09576,"(40.610508, -74.09576)"
1854,40.659336,-73.92726,"(40.659336, -73.92726)"
1855,40.708626,-73.94513,"(40.708626, -73.94513)"
1856,40.737293,-73.87734,"(40.737293, -73.87734)"
1857,40.830265,-73.89874,"(40.830265, -73.89874)"
1858,40.649094,-74.01694,"(40.649094, -74.01694)"
1859,40.67349,-73.93481,"(40.67349, -73.93481)"
1860,40.838474,-73.94375,"(40.838474, -73.94375)"
1861,40.63465,-73.93727,"(40.63465, -73.93727)"
1862,40.58708,-73.81386,"(40.58708, -73.81386)"
1863,40.636242,-74.01237,"(40.636242, -74.01237)"
1864,40.5822,-73.95543,"(40.5822, -73.95543)"
1865,40.714367,-73.746796,"(40.714367, -73.746796)"
1866,40.749664,-73.86281,"(40.749664, -73.86281)"
1867,40.7422,-73.840965,"(40.7422, -73.840965)"
1868,40.761166,-73.82938,"(40.761166, -73.82938)"
1869,40.786205,-73.834564,"(40.786205, -73.834564)"
1870,40.767227,-73.82114,"(40.767227, -73.82114)"
1871,40.578484,-74.16956,"(40.578484, -74.16956)"
1872,40.825233,-73.89192,"(40.825233, -73.89192)"
1873,40.636086,-73.95091,"(40.636086, -73.95091)"
1874,40.719322,-74.005196,"(40.719322, -74.005196)"
1875,40.593807,-73.94062,"(40.593807, -73.94062)"
1876,40.55692,-74.205956,"(40.55692, -74.205956)"
1877,40.691208,-73.813545,"(40.691208, -73.813545)"
1878,40.756786,-73.72125,"(40.756786, -73.72125)"
1879,40.71577,-73.87438,"(40.71577, -73.87438)"
1880,40.688293,-73.83186,"(40.688293, -73.83186)"
1881,40.842773,-73.922806,"(40.842773, -73.922806)"
1882,40.585346,-73.98754,"(40.585346, -73.98754)"
1883,40.651875,-73.90456,"(40.651875, -73.90456)"
1885,40.635685,-74.012955,"(40.635685, -74.012955)"
1886,40.699547,-73.83246,"(40.699547, -73.83246)"
1887,40.87071,-73.89191,"(40.87071, -73.89191)"
1888,40.8801,-73.85799,"(40.8801, -73.85799)"
1889,40.851006,-73.90754,"(40.851006, -73.90754)"
1890,40.73603,-73.99781,"(40.73603, -73.99781)"
1891,40.66735,-73.76994,"(40.66735, -73.76994)"
1892,40.78296,-73.94403,"(40.78296, -73.94403)"
1893,40.63465,-73.93727,"(40.63465, -73.93727)"
1894,40.684258,-73.84604,"(40.684258, -73.84604)"
1895,40.75895,-73.96849,"(40.75895, -73.96849)"
1896,40.711033,-73.7281,"(40.711033, -73.7281)"
1897,40.652927,-73.959335,"(40.652927, -73.959335)"
1898,40.831924,-73.85104,"(40.831924, -73.85104)"
1899,40.762955,-73.87818,"(40.762955, -73.87818)"
1900,40.802696,-73.949196,"(40.802696, -73.949196)"
1901,40.729633,-74.005035,"(40.729633, -74.005035)"
1902,40.83369,-73.91386,"(40.83369, -73.91386)"
1903,40.771076,-73.91872,"(40.771076, -73.91872)"
1904,40.63554,-73.92284,"(40.63554, -73.92284)"
1905,40.740692,-73.84418,"(40.740692, -73.84418)"
1906,40.67706,-73.96598,"(40.67706, -73.96598)"
1907,40.66743,-73.97782,"(40.66743, -73.97782)"
1908,40.7501,-73.974945,"(40.7501, -73.974945)"
1909,40.65067,-73.95248,"(40.65067, -73.95248)"
1910,40.695858,-73.81891,"(40.695858, -73.81891)"
1911,40.69003,-73.911,"(40.69003, -73.911)"
1912,40.744366,-73.91371,"(40.744366, -73.91371)"
1913,40.629856,-73.963234,"(40.629856, -73.963234)"
1914,40.76676,-73.73947,"(40.76676, -73.73947)"
1915,40.67576,-73.91495,"(40.67576, -73.91495)"
1916,40.75974,-73.93195,"(40.75974, -73.93195)"
1917,40.844997,-73.92728,"(40.844997, -73.92728)"
1918,40.728474,-73.882614,"(40.728474, -73.882614)"
1919,40.865425,-73.867935,"(40.865425, -73.867935)"
1920,40.617,-73.947,"(40.617, -73.947)"
1921,40.71319,-73.992424,"(40.71319, -73.992424)"
1922,40.72552,-73.9018,"(40.72552, -73.9018)"
1923,40.70052,-74.01551,"(40.70052, -74.01551)"
1924,40.713745,-73.99395,"(40.713745, -73.99395)"
1925,40.63524,-73.967636,"(40.63524, -73.967636)"
1926,40.725082,-73.99534,"(40.725082, -73.99534)"
1927,40.812725,-73.94931,"(40.812725, -73.94931)"
1928,40.88285,-73.90358,"(40.88285, -73.90358)"
1929,40.758057,-73.95914,"(40.758057, -73.95914)"
1930,40.813374,-73.93058,"(40.813374, -73.93058)"
1931,40.624763,-73.96518,"(40.624763, -73.96518)"
1933,40.64412,-73.98907,"(40.64412, -73.98907)"
1934,40.7314,-73.95786,"(40.7314, -73.95786)"
1935,40.66681,-73.99632,"(40.66681, -73.99632)"
1936,40.739243,-73.99919,"(40.739243, -73.99919)"
1937,40.8399,-73.87562,"(40.8399, -73.87562)"
1938,40.682987,-73.86195,"(40.682987, -73.86195)"
1939,40.660904,-73.94923,"(40.660904, -73.94923)"
1940,40.680187,-73.755486,"(40.680187, -73.755486)"
1941,40.67887,-73.92165,"(40.67887, -73.92165)"
1942,40.583138,-73.82798,"(40.583138, -73.82798)"
1943,40.637276,-74.12785,"(40.637276, -74.12785)"
1944,40.81459,-73.9139,"(40.81459, -73.9139)"
1945,40.78383,-73.97783,"(40.78383, -73.97783)"
1946,40.75484,-73.98412,"(40.75484, -73.98412)"
1947,40.640648,-73.953316,"(40.640648, -73.953316)"
1948,40.84196,-73.915306,"(40.84196, -73.915306)"
1949,40.70953,-74.00842,"(40.70953, -74.00842)"
1950,40.718536,-73.999054,"(40.718536, -73.999054)"
1951,40.757763,-73.852516,"(40.757763, -73.852516)"
1952,40.835724,-73.90579,"(40.835724, -73.90579)"
1953,40.644432,-73.9296,"(40.644432, -73.9296)"
1954,40.76577,-73.919,"(40.76577, -73.919)"
1955,40.76757,-73.90052,"(40.76757, -73.90052)"
1956,40.710625,-73.8519,"(40.710625, -73.8519)"
1957,40.848682,-73.939224,"(40.848682, -73.939224)"
1958,40.704212,-73.87617,"(40.704212, -73.87617)"
1959,40.73975,-74.00253,"(40.73975, -74.00253)"
1960,40.70045,-73.8081,"(40.70045, -73.8081)"
1961,40.744026,-73.717636,"(40.744026, -73.717636)"
1962,40.76171,-73.980835,"(40.76171, -73.980835)"
1963,40.69119,-73.9978,"(40.69119, -73.9978)"
1964,40.83542,-73.86809,"(40.83542, -73.86809)"
1965,40.62104,-73.990204,"(40.62104, -73.990204)"
1966,40.60224,-73.75416,"(40.60224, -73.75416)"
1967,40.717033,-73.8221,"(40.717033, -73.8221)"
1968,40.764206,-73.88317,"(40.764206, -73.88317)"
1969,40.750294,-73.99485,"(40.750294, -73.99485)"
1970,40.756424,-73.86832,"(40.756424, -73.86832)"
1971,40.865105,-73.91846,"(40.865105, -73.91846)"
1974,40.712425,-73.76312,"(40.712425, -73.76312)"
1975,40.665794,-73.7464,"(40.665794, -73.7464)"
1976,40.67357,-73.95294,"(40.67357, -73.95294)"
1977,40.70618,-73.786064,"(40.70618, -73.786064)"
1978,40.84543,-73.91399,"(40.84543, -73.91399)"
1979,40.85381,-73.91386,"(40.85381, -73.91386)"
1980,40.81181,-73.860756,"(40.81181, -73.860756)"
1981,40.684258,-73.84604,"(40.684258, -73.84604)"
1983,40.575024,-74.1183,"(40.575024, -74.1183)"
1984,40.66615,-73.84161,"(40.66615, -73.84161)"
1985,40.76765,-73.790794,"(40.76765, -73.790794)"
1986,40.76912,-73.95505,"(40.76912, -73.95505)"
1987,40.716972,-73.9608,"(40.716972, -73.9608)"
1989,40.835308,-73.94398,"(40.835308, -73.94398)"
1990,40.715893,-73.986496,"(40.715893, -73.986496)"
1991,40.844917,-73.926384,"(40.844917, -73.926384)"
1992,40.675205,-73.950005,"(40.675205, -73.950005)"
1993,40.809483,-73.945496,"(40.809483, -73.945496)"
1994,40.729923,-73.91208,"(40.729923, -73.91208)"
1995,40.63145,-73.887085,"(40.63145, -73.887085)"
1996,40.8963,-73.84688,"(40.8963, -73.84688)"
1997,40.854675,-73.84366,"(40.854675, -73.84366)"
1998,40.69613,-73.987114,"(40.69613, -73.987114)"
1999,40.7434,-73.77754,"(40.7434, -73.77754)"
2000,40.66884,-73.74388,"(40.66884, -73.74388)"
2001,40.844105,-73.898,"(40.844105, -73.898)"
2002,40.74956,-73.8548,"(40.74956, -73.8548)"
2003,40.725235,-73.88163,"(40.725235, -73.88163)"
2004,40.660988,-73.889206,"(40.660988, -73.889206)"
2006,40.76008,-73.83041,"(40.76008, -73.83041)"
2007,40.6742,-73.99984,"(40.6742, -73.99984)"
2008,40.67957,-73.83679,"(40.67957, -73.83679)"
2009,40.703613,-73.749565,"(40.703613, -73.749565)"
2010,40.835384,-73.93096,"(40.835384, -73.93096)"
2011,40.759933,-73.9922,"(40.759933, -73.9922)"
2012,40.831333,-73.92167,"(40.831333, -73.92167)"
2013,40.69626,-73.97422,"(40.69626, -73.97422)"
2014,40.708847,-73.81587,"(40.708847, -73.81587)"
2015,40.588924,-74.167625,"(40.588924, -74.167625)"
2016,40.66077,-73.95142,"(40.66077, -73.95142)"
2017,40.78214,-73.824844,"(40.78214, -73.824844)"
2018,40.775234,-73.829025,"(40.775234, -73.829025)"
2019,40.713215,-73.99986,"(40.713215, -73.99986)"
2020,40.644688,-74.003586,"(40.644688, -74.003586)"
2021,40.66095,-73.92906,"(40.66095, -73.92906)"
2022,40.789032,-73.78797,"(40.789032, -73.78797)"
2023,40.62108,-74.02199,"(40.62108, -74.02199)"
2024,40.683777,-73.76975,"(40.683777, -73.76975)"
2025,40.618427,-73.956245,"(40.618427, -73.956245)"
2026,40.680115,-73.75324,"(40.680115, -73.75324)"
2027,40.68154,-73.9225,"(40.68154, -73.9225)"
2028,40.79737,-73.91981,"(40.79737, -73.91981)"
2029,40.681835,-73.97584,"(40.681835, -73.97584)"
2030,40.75254,-73.85261,"(40.75254, -73.85261)"
2031,40.665188,-73.86939,"(40.665188, -73.86939)"
2032,40.62055,-74.16919,"(40.62055, -74.16919)"
2033,40.60677,-73.94892,"(40.60677, -73.94892)"
2034,40.835197,-73.878204,"(40.835197, -73.878204)"
2035,40.697075,-73.93185,"(40.697075, -73.93185)"
2036,40.845352,-73.92821,"(40.845352, -73.92821)"
2037,40.730984,-73.98167,"(40.730984, -73.98167)"
2038,40.647274,-73.90474,"(40.647274, -73.90474)"
2040,40.715473,-73.95185,"(40.715473, -73.95185)"
2041,40.624958,-74.145775,"(40.624958, -74.145775)"
2042,40.896416,-73.857056,"(40.896416, -73.857056)"
2043,40.715473,-73.95185,"(40.715473, -73.95185)"
2044,40.87898,-73.909035,"(40.87898, -73.909035)"
2045,40.77818,-73.95655,"(40.77818, -73.95655)"
2046,40.784622,-73.85321,"(40.784622, -73.85321)"
2047,40.607292,-73.75141,"(40.607292, -73.75141)"
2048,40.756557,-73.97444,"(40.756557, -73.97444)"
2049,40.758793,-73.87256,"(40.758793, -73.87256)"
2050,40.7393,-73.89072,"(40.7393, -73.89072)"
2051,40.673107,-73.99972,"(40.673107, -73.99972)"
2052,40.758724,-73.76606,"(40.758724, -73.76606)"
2055,40.75961,-73.86484,"(40.75961, -73.86484)"
2056,40.859642,-73.899826,"(40.859642, -73.899826)"
2057,40.856335,-73.865715,"(40.856335, -73.865715)"
2058,40.835598,-73.9138,"(40.835598, -73.9138)"
2059,40.67376,-73.73431,"(40.67376, -73.73431)"
2060,40.608917,-73.95216,"(40.608917, -73.95216)"
2061,40.65505,-73.95631,"(40.65505, -73.95631)"
2062,40.60299,-74.12159,"(40.60299, -74.12159)"
2063,40.6745,-73.9537,"(40.6745, -73.9537)"
2064,40.69666,-73.95774,"(40.69666, -73.95774)"
2065,40.737938,-73.93589,"(40.737938, -73.93589)"
2066,40.813374,-73.956276,"(40.813374, -73.956276)"
2067,40.66283,-73.92615,"(40.66283, -73.92615)"
2068,40.61651,-73.93393,"(40.61651, -73.93393)"
2069,40.665733,-73.755585,"(40.665733, -73.755585)"
2070,40.71369,-74.01376,"(40.71369, -74.01376)"
2071,40.72085,-74.00394,"(40.72085, -74.00394)"
2073,40.698624,-73.73223,"(40.698624, -73.73223)"
2074,40.701954,-73.958694,"(40.701954, -73.958694)"
2075,40.705032,-73.85744,"(40.705032, -73.85744)"
2076,40.77039,-73.91771,"(40.77039, -73.91771)"
2077,40.77039,-73.91771,"(40.77039, -73.91771)"
2078,40.73091,-73.86084,"(40.73091, -73.86084)"
2079,40.89624,-73.87242,"(40.89624, -73.87242)"
2081,40.729294,-73.85224,"(40.729294, -73.85224)"
2082,40.622402,-74.147255,"(40.622402, -74.147255)"
2083,40.73095,-73.85114,"(40.73095, -73.85114)"
2084,40.843994,-73.89752,"(40.843994, -73.89752)"
2085,40.67897,-73.895706,"(40.67897, -73.895706)"
2086,40.870453,-73.83379,"(40.870453, -73.83379)"
2087,40.61245,-73.97474,"(40.61245, -73.97474)"
2088,40.716625,-73.904625,"(40.716625, -73.904625)"
2089,40.575024,-74.1183,"(40.575024, -74.1183)"
2090,40.600742,-73.93905,"(40.600742, -73.93905)"
2091,40.768322,-73.79138,"(40.768322, -73.79138)"
2092,40.60595,-74.07601,"(40.60595, -74.07601)"
2093,40.834644,-73.854836,"(40.834644, -73.854836)"
2094,40.836857,-73.90126,"(40.836857, -73.90126)"
2095,40.76079,-73.83075,"(40.76079, -73.83075)"
2096,40.680477,-73.7921,"(40.680477, -73.7921)"
2097,40.753788,-73.744286,"(40.753788, -73.744286)"
2098,40.772404,-73.794945,"(40.772404, -73.794945)"
2099,40.6775,-73.94701,"(40.6775, -73.94701)"
2100,40.68418,-73.983955,"(40.68418, -73.983955)"
2102,40.736523,-73.90188,"(40.736523, -73.90188)"
2103,40.616547,-74.02607,"(40.616547, -74.02607)"
2104,40.751793,-73.97688,"(40.751793, -73.97688)"
2105,40.752663,-73.746025,"(40.752663, -73.746025)"
2106,40.883343,-73.81614,"(40.883343, -73.81614)"
2107,40.741547,-73.98958,"(40.741547, -73.98958)"
2108,40.763687,-73.81444,"(40.763687, -73.81444)"
2109,40.75004,-73.71069,"(40.75004, -73.71069)"
2110,40.666534,-73.80995,"(40.666534, -73.80995)"
2111,40.75112,-73.97127,"(40.75112, -73.97127)"
2112,40.73937,-73.79189,"(40.73937, -73.79189)"
2113,40.575813,-74.11979,"(40.575813, -74.11979)"
2114,40.785156,-73.84122,"(40.785156, -73.84122)"
2115,40.57741,-73.96237,"(40.57741, -73.96237)"
2116,40.6776,-73.86578,"(40.6776, -73.86578)"
2117,40.59192,-73.99401,"(40.59192, -73.99401)"
2118,40.87144,-73.867165,"(40.87144, -73.867165)"
2119,40.623276,-74.0415,"(40.623276, -74.0415)"
2120,40.60426,-73.75286,"(40.60426, -73.75286)"
2121,40.804676,-73.93223,"(40.804676, -73.93223)"
2122,40.608364,-74.038666,"(40.608364, -74.038666)"
2123,40.763866,-73.96434,"(40.763866, -73.96434)"
2124,40.672703,-73.93635,"(40.672703, -73.93635)"
2125,40.57725,-74.10298,"(40.57725, -74.10298)"
2127,40.809494,-73.94796,"(40.809494, -73.94796)"
2128,40.74198,-73.94643,"(40.74198, -73.94643)"
2129,40.74033,-73.98626,"(40.74033, -73.98626)"
2130,40.81666,-73.888,"(40.81666, -73.888)"
2131,40.743206,-73.979965,"(40.743206, -73.979965)"
2132,40.608757,-74.038086,"(40.608757, -74.038086)"
2133,40.663734,-73.90088,"(40.663734, -73.90088)"
2134,40.844635,-73.938736,"(40.844635, -73.938736)"
2135,40.69731,-73.932274,"(40.69731, -73.932274)"
2136,40.75834,-73.95775,"(40.75834, -73.95775)"
2137,40.828587,-73.87903,"(40.828587, -73.87903)"
2138,40.756763,-73.96716,"(40.756763, -73.96716)"
2139,40.69797,-73.753784,"(40.69797, -73.753784)"
2140,40.733418,-73.869965,"(40.733418, -73.869965)"
2141,40.678097,-74.00235,"(40.678097, -74.00235)"
2142,40.665745,-73.90885,"(40.665745, -73.90885)"
2143,40.848625,-73.93425,"(40.848625, -73.93425)"
2144,40.815155,-73.95784,"(40.815155, -73.95784)"
2145,40.67812,-74.00316,"(40.67812, -74.00316)"
2146,40.764603,-73.819305,"(40.764603, -73.819305)"
2147,40.711227,-73.72826,"(40.711227, -73.72826)"
2148,40.73736,-73.99685,"(40.73736, -73.99685)"
2149,40.65498,-73.89921,"(40.65498, -73.89921)"
2150,40.84125,-73.9094,"(40.84125, -73.9094)"
2151,40.660713,-73.77137,"(40.660713, -73.77137)"
2152,40.586346,-73.93144,"(40.586346, -73.93144)"
2153,40.877068,-73.906105,"(40.877068, -73.906105)"
2154,40.668724,-73.81082,"(40.668724, -73.81082)"
2155,40.696033,-73.98453,"(40.696033, -73.98453)"
2156,40.861828,-73.89286,"(40.861828, -73.89286)"
2157,40.667164,-73.93407,"(40.667164, -73.93407)"
2158,40.65965,-73.773834,"(40.65965, -73.773834)"
2159,40.706978,-73.813065,"(40.706978, -73.813065)"
2160,40.681423,-74.00562,"(40.681423, -74.00562)"
2161,40.70633,-73.747795,"(40.70633, -73.747795)"
2162,40.577946,-74.102325,"(40.577946, -74.102325)"
2163,40.88425,-73.826195,"(40.88425, -73.826195)"
2164,40.80119,-73.93003,"(40.80119, -73.93003)"
2165,40.786373,-73.80798,"(40.786373, -73.80798)"
2166,40.799267,-73.93611,"(40.799267, -73.93611)"
2167,40.66004,-73.91509,"(40.66004, -73.91509)"
2168,40.635983,-73.97411,"(40.635983, -73.97411)"
2169,40.737553,-73.85089,"(40.737553, -73.85089)"
2170,40.671032,-73.93927,"(40.671032, -73.93927)"
2171,40.640373,-73.89702,"(40.640373, -73.89702)"
2172,40.75432,-73.91139,"(40.75432, -73.91139)"
2173,40.7441,-73.99565,"(40.7441, -73.99565)"
2174,40.61895,-74.080925,"(40.61895, -74.080925)"
2175,40.681126,-73.96446,"(40.681126, -73.96446)"
2176,40.669823,-73.90981,"(40.669823, -73.90981)"
2178,40.6606,-73.92092,"(40.6606, -73.92092)"
2179,40.748657,-73.99232,"(40.748657, -73.99232)"
2180,40.76432,-73.9772,"(40.76432, -73.9772)"
2181,40.839767,-73.905396,"(40.839767, -73.905396)"
2182,40.823456,-73.92444,"(40.823456, -73.92444)"
2183,40.68594,-73.84686,"(40.68594, -73.84686)"
2184,40.64108,-73.91817,"(40.64108, -73.91817)"
2185,40.81922,-73.91249,"(40.81922, -73.91249)"
2186,40.86,-73.849266,"(40.86, -73.849266)"
2187,40.643917,-74.0008,"(40.643917, -74.0008)"
2188,40.62707,-74.01865,"(40.62707, -74.01865)"
2189,40.661907,-73.927574,"(40.661907, -73.927574)"
2190,40.644493,-73.94698,"(40.644493, -73.94698)"
2191,40.83135,-73.942444,"(40.83135, -73.942444)"
2192,40.699684,-73.92396,"(40.699684, -73.92396)"
2193,40.658657,-73.771996,"(40.658657, -73.771996)"
2194,40.619152,-74.029854,"(40.619152, -74.029854)"
2195,40.69168,-73.999344,"(40.69168, -73.999344)"
2196,40.753403,-73.90587,"(40.753403, -73.90587)"
2197,40.726685,-73.82183,"(40.726685, -73.82183)"
2198,40.58814,-73.93179,"(40.58814, -73.93179)"
2199,40.760254,-73.967545,"(40.760254, -73.967545)"
2200,40.856625,-73.8319,"(40.856625, -73.8319)"
2201,40.64445,-74.07683,"(40.64445, -74.07683)"
2202,40.686398,-73.997284,"(40.686398, -73.997284)"
2203,40.62418,-73.97048,"(40.62418, -73.97048)"
2204,40.880657,-73.877625,"(40.880657, -73.877625)"
2205,40.772964,-73.89233,"(40.772964, -73.89233)"
2206,40.710625,-73.96678,"(40.710625, -73.96678)"
2207,40.607643,-74.03375,"(40.607643, -74.03375)"
2208,40.748825,-73.96984,"(40.748825, -73.96984)"
2210,40.542423,-74.14592,"(40.542423, -74.14592)"
2211,40.79537,-73.921974,"(40.79537, -73.921974)"
2212,40.763176,-73.97446,"(40.763176, -73.97446)"
2213,40.63067,-74.10495,"(40.63067, -74.10495)"
2214,40.7389,-73.82488,"(40.7389, -73.82488)"
2215,40.78243,-73.9766,"(40.78243, -73.9766)"
2216,40.711033,-73.7281,"(40.711033, -73.7281)"
2217,40.669476,-73.919975,"(40.669476, -73.919975)"
2218,40.84603,-73.93034,"(40.84603, -73.93034)"
2219,40.59876,-73.97794,"(40.59876, -73.97794)"
2220,40.763298,-73.989105,"(40.763298, -73.989105)"
2221,40.59692,-73.95412,"(40.59692, -73.95412)"
2222,40.84519,-73.9112,"(40.84519, -73.9112)"
2223,40.630486,-74.00947,"(40.630486, -74.00947)"
2224,40.712646,-73.98998,"(40.712646, -73.98998)"
2225,40.757362,-73.96068,"(40.757362, -73.96068)"
2226,40.765038,-73.77177,"(40.765038, -73.77177)"
2227,40.700306,-73.76599,"(40.700306, -73.76599)"
2228,40.642384,-73.92539,"(40.642384, -73.92539)"
2229,40.75708,-73.90648,"(40.75708, -73.90648)"
2230,40.681137,-73.95567,"(40.681137, -73.95567)"
2232,40.703293,-73.7961,"(40.703293, -73.7961)"
2233,40.651806,-73.83806,"(40.651806, -73.83806)"
2234,40.69442,-73.95239,"(40.69442, -73.95239)"
2235,40.759823,-73.85509,"(40.759823, -73.85509)"
2237,40.677776,-73.97544,"(40.677776, -73.97544)"
2238,40.758743,-73.804214,"(40.758743, -73.804214)"
2239,40.831924,-73.818146,"(40.831924, -73.818146)"
2240,40.750645,-73.94566,"(40.750645, -73.94566)"
2241,40.831,-73.82652,"(40.831, -73.82652)"
2242,40.71755,-73.99932,"(40.71755, -73.99932)"
2243,40.719646,-74.003136,"(40.719646, -74.003136)"
2244,40.740337,-73.93635,"(40.740337, -73.93635)"
2245,40.852306,-73.89811,"(40.852306, -73.89811)"
2246,40.846397,-73.936806,"(40.846397, -73.936806)"
2247,40.74217,-73.804436,"(40.74217, -73.804436)"
2248,40.70692,-73.79065,"(40.70692, -73.79065)"
2249,40.595848,-74.0624,"(40.595848, -74.0624)"
2250,40.788357,-73.97453,"(40.788357, -73.97453)"
2251,40.86679,-73.88193,"(40.86679, -73.88193)"
2252,40.73374,-74.0063,"(40.73374, -74.0063)"
2253,40.67265,-73.91963,"(40.67265, -73.91963)"
2254,40.576805,-74.15918,"(40.576805, -74.15918)"
2255,40.766834,-73.89666,"(40.766834, -73.89666)"
2256,40.798256,-73.92402,"(40.798256, -73.92402)"
2257,40.70892,-73.99706,"(40.70892, -73.99706)"
2258,40.747627,-73.976746,"(40.747627, -73.976746)"
2259,40.58689,-73.94319,"(40.58689, -73.94319)"
2260,40.767742,-73.866615,"(40.767742, -73.866615)"
2261,40.7384,-73.71759,"(40.7384, -73.71759)"
2262,40.68354,-73.81065,"(40.68354, -73.81065)"
2263,40.712967,-74.0095,"(40.712967, -74.0095)"
2264,40.766785,-73.893105,"(40.766785, -73.893105)"
2265,40.864,-73.91781,"(40.864, -73.91781)"
2266,40.899227,-73.88516,"(40.899227, -73.88516)"
2267,40.773464,-73.891365,"(40.773464, -73.891365)"
2268,40.76663,-73.88903,"(40.76663, -73.88903)"
2269,40.694954,-73.85125,"(40.694954, -73.85125)"
2270,40.618176,-73.99928,"(40.618176, -73.99928)"
2271,40.61879,-73.99426,"(40.61879, -73.99426)"
2272,40.88263,-73.839516,"(40.88263, -73.839516)"
2273,40.843956,-73.8978,"(40.843956, -73.8978)"
2274,40.73883,-73.983154,"(40.73883, -73.983154)"
2275,40.688183,-73.83798,"(40.688183, -73.83798)"
2276,40.75708,-73.90648,"(40.75708, -73.90648)"
2277,40.735844,-73.74629,"(40.735844, -73.74629)"
2278,40.60644,-73.81953,"(40.60644, -73.81953)"
2279,40.704113,-73.91587,"(40.704113, -73.91587)"
2281,40.7556,-73.932175,"(40.7556, -73.932175)"
2282,40.74718,-73.77307,"(40.74718, -73.77307)"
2284,40.72766,-73.92938,"(40.72766, -73.92938)"
2285,40.75974,-73.97423,"(40.75974, -73.97423)"
2286,40.7185,-73.73531,"(40.7185, -73.73531)"
2287,40.722496,-73.940414,"(40.722496, -73.940414)"
2288,40.757935,-73.98557,"(40.757935, -73.98557)"
2289,40.763897,-73.95323,"(40.763897, -73.95323)"
2290,40.607857,-74.121086,"(40.607857, -74.121086)"
2291,40.672935,-73.96893,"(40.672935, -73.96893)"
2292,40.879543,-73.86837,"(40.879543, -73.86837)"
2293,40.83326,-73.84503,"(40.83326, -73.84503)"
2294,40.719055,-73.8332,"(40.719055, -73.8332)"
2295,40.65263,-74.00618,"(40.65263, -74.00618)"
2296,40.612495,-73.97922,"(40.612495, -73.97922)"
2297,40.737694,-73.88224,"(40.737694, -73.88224)"
2298,40.73725,-73.91799,"(40.73725, -73.91799)"
2299,40.66147,-73.98613,"(40.66147, -73.98613)"
2300,40.87229,-73.91269,"(40.87229, -73.91269)"
2301,40.739883,-74.00693,"(40.739883, -74.00693)"
2302,40.69587,-73.9938,"(40.69587, -73.9938)"
2303,40.733536,-73.87035,"(40.733536, -73.87035)"
2304,40.895374,-73.86356,"(40.895374, -73.86356)"
2305,40.881737,-73.87971,"(40.881737, -73.87971)"
2306,40.622086,-74.02865,"(40.622086, -74.02865)"
2308,40.67922,-73.86141,"(40.67922, -73.86141)"
2309,40.75357,-73.85539,"(40.75357, -73.85539)"
2310,40.867035,-73.896324,"(40.867035, -73.896324)"
2311,40.633144,-73.92356,"(40.633144, -73.92356)"
2312,40.73975,-74.00253,"(40.73975, -74.00253)"
2313,40.617275,-74.03359,"(40.617275, -74.03359)"
2314,40.862064,-73.89484,"(40.862064, -73.89484)"
2315,40.74916,-73.92035,"(40.74916, -73.92035)"
2316,40.70789,-73.84652,"(40.70789, -73.84652)"
2317,40.81207,-73.93603,"(40.81207, -73.93603)"
2318,40.814186,-73.95087,"(40.814186, -73.95087)"
2320,40.636208,-73.94899,"(40.636208, -73.94899)"
2321,40.880756,-73.9073,"(40.880756, -73.9073)"
2322,40.669094,-73.80111,"(40.669094, -73.80111)"
2323,40.74468,-73.987305,"(40.74468, -73.987305)"
2324,40.586258,-73.94893,"(40.586258, -73.94893)"
2326,40.639458,-73.90513,"(40.639458, -73.90513)"
2327,40.703587,-73.88547,"(40.703587, -73.88547)"
2328,40.637436,-74.02193,"(40.637436, -74.02193)"
2329,40.828648,-73.914505,"(40.828648, -73.914505)"
2330,40.597263,-73.95101,"(40.597263, -73.95101)"
2331,40.855385,-73.88468,"(40.855385, -73.88468)"
2332,40.774853,-73.98067,"(40.774853, -73.98067)"
2333,40.839603,-73.918144,"(40.839603, -73.918144)"
2334,40.67413,-73.913925,"(40.67413, -73.913925)"
2335,40.676296,-73.732056,"(40.676296, -73.732056)"
2337,40.828075,-73.88543,"(40.828075, -73.88543)"
2338,40.690224,-73.762215,"(40.690224, -73.762215)"
2339,40.633224,-73.92842,"(40.633224, -73.92842)"
2340,40.716106,-74.00244,"(40.716106, -74.00244)"
2342,40.713303,-73.73586,"(40.713303, -73.73586)"
2343,40.58153,-73.96734,"(40.58153, -73.96734)"
2344,40.624382,-73.94643,"(40.624382, -73.94643)"
2345,40.759624,-73.99548,"(40.759624, -73.99548)"
2346,40.84186,-73.84864,"(40.84186, -73.84864)"
2347,40.720623,-73.99498,"(40.720623, -73.99498)"
2348,40.72906,-73.9771,"(40.72906, -73.9771)"
2349,40.687565,-73.83441,"(40.687565, -73.83441)"
2350,40.76943,-73.91025,"(40.76943, -73.91025)"
2351,40.760822,-73.99832,"(40.760822, -73.99832)"
2352,40.652786,-73.91997,"(40.652786, -73.91997)"
2353,40.714268,-73.99415,"(40.714268, -73.99415)"
2354,40.726814,-73.95355,"(40.726814, -73.95355)"
2355,40.804256,-73.9193,"(40.804256, -73.9193)"
2356,40.68916,-73.99263,"(40.68916, -73.99263)"
2358,40.832573,-73.91452,"(40.832573, -73.91452)"
2359,40.696785,-73.95659,"(40.696785, -73.95659)"
2361,40.75457,-73.97169,"(40.75457, -73.97169)"
2362,40.760925,-73.96705,"(40.760925, -73.96705)"
2363,40.729046,-74.01073,"(40.729046, -74.01073)"
2364,40.87982,-73.86727,"(40.87982, -73.86727)"
2365,40.815304,-73.94371,"(40.815304, -73.94371)"
2366,40.689495,-73.75283,"(40.689495, -73.75283)"
2367,40.59464,-73.952705,"(40.59464, -73.952705)"
2369,40.74775,-73.98086,"(40.74775, -73.98086)"
2370,40.638863,-74.1674,"(40.638863, -74.1674)"
2371,40.55707,-74.15403,"(40.55707, -74.15403)"
2372,40.60612,-73.96565,"(40.60612, -73.96565)"
2373,40.76407,-73.80914,"(40.76407, -73.80914)"
2374,40.65011,-73.930214,"(40.65011, -73.930214)"
2375,40.675407,-73.90375,"(40.675407, -73.90375)"
2376,40.87892,-73.90479,"(40.87892, -73.90479)"
2377,40.783245,-73.94473,"(40.783245, -73.94473)"
2378,40.828957,-73.842064,"(40.828957, -73.842064)"
2379,40.72337,-73.8483,"(40.72337, -73.8483)"
2380,40.65698,-73.88943,"(40.65698, -73.88943)"
2381,40.84942,-73.91113,"(40.84942, -73.91113)"
2382,40.835396,-73.92031,"(40.835396, -73.92031)"
2383,40.72604,-73.71829,"(40.72604, -73.71829)"
2384,40.752117,-73.97556,"(40.752117, -73.97556)"
2385,40.76657,-73.83145,"(40.76657, -73.83145)"
2386,40.63085,-74.14127,"(40.63085, -74.14127)"
2387,40.6819,-73.87649,"(40.6819, -73.87649)"
2388,40.803944,-73.95022,"(40.803944, -73.95022)"
2389,40.8188,-73.95603,"(40.8188, -73.95603)"
2390,40.761227,-73.823524,"(40.761227, -73.823524)"
2391,40.58493,-73.95269,"(40.58493, -73.95269)"
2392,40.741478,-73.92189,"(40.741478, -73.92189)"
2394,40.57917,-74.10106,"(40.57917, -74.10106)"
2395,40.830154,-73.93964,"(40.830154, -73.93964)"
2396,40.76073,-73.90194,"(40.76073, -73.90194)"
2397,40.81412,-73.82383,"(40.81412, -73.82383)"
2398,40.649513,-73.93984,"(40.649513, -73.93984)"
2399,40.667236,-73.770004,"(40.667236, -73.770004)"
2400,40.714878,-73.95447,"(40.714878, -73.95447)"
2401,40.673157,-73.789024,"(40.673157, -73.789024)"
2402,40.704742,-73.93313,"(40.704742, -73.93313)"
2403,40.713394,-73.85956,"(40.713394, -73.85956)"
2404,40.70915,-73.9591,"(40.70915, -73.9591)"
2405,40.748863,-73.892715,"(40.748863, -73.892715)"
2406,40.78722,-73.96793,"(40.78722, -73.96793)"
2407,40.701134,-73.81716,"(40.701134, -73.81716)"
2408,40.70212,-73.90959,"(40.70212, -73.90959)"
2409,40.677017,-73.92182,"(40.677017, -73.92182)"
2410,40.71186,-73.97807,"(40.71186, -73.97807)"
2411,40.667084,-73.77524,"(40.667084, -73.77524)"
2412,40.66495,-73.92288,"(40.66495, -73.92288)"
2413,40.802074,-73.93407,"(40.802074, -73.93407)"
2414,40.717815,-73.99621,"(40.717815, -73.99621)"
2415,40.639618,-73.92043,"(40.639618, -73.92043)"
2416,40.714138,-73.834915,"(40.714138, -73.834915)"
2419,40.724907,-73.99233,"(40.724907, -73.99233)"
2420,40.66294,-73.89554,"(40.66294, -73.89554)"
2421,40.865795,-73.920006,"(40.865795, -73.920006)"
2422,40.84942,-73.91113,"(40.84942, -73.91113)"
2423,40.593475,-74.14391,"(40.593475, -74.14391)"
2424,40.766705,-73.89024,"(40.766705, -73.89024)"
2425,40.700737,-73.99499,"(40.700737, -73.99499)"
2426,40.701813,-73.80888,"(40.701813, -73.80888)"
2427,40.705177,-73.8291,"(40.705177, -73.8291)"
2428,40.78689,-73.807884,"(40.78689, -73.807884)"
2429,40.749844,-73.883385,"(40.749844, -73.883385)"
2430,40.59592,-73.941025,"(40.59592, -73.941025)"
2431,40.808956,-73.94041,"(40.808956, -73.94041)"
2432,40.62528,-74.00351,"(40.62528, -74.00351)"
2433,40.68798,-73.9678,"(40.68798, -73.9678)"
2434,40.73656,-74.0011,"(40.73656, -74.0011)"
2435,40.79522,-73.921524,"(40.79522, -73.921524)"
2436,40.699955,-73.98682,"(40.699955, -73.98682)"
2437,40.718143,-73.993835,"(40.718143, -73.993835)"
2438,40.89466,-73.86137,"(40.89466, -73.86137)"
2439,40.884693,-73.83592,"(40.884693, -73.83592)"
2440,40.839478,-73.883896,"(40.839478, -73.883896)"
2441,40.657803,-73.90868,"(40.657803, -73.90868)"
2442,40.625393,-74.00053,"(40.625393, -74.00053)"
2443,40.792854,-73.96753,"(40.792854, -73.96753)"
2444,40.76624,-73.960236,"(40.76624, -73.960236)"
2445,40.750565,-73.95227,"(40.750565, -73.95227)"
2446,40.69906,-73.81484,"(40.69906, -73.81484)"
2447,40.754917,-73.9234,"(40.754917, -73.9234)"
2448,40.693592,-73.75122,"(40.693592, -73.75122)"
2450,40.834007,-73.82692,"(40.834007, -73.82692)"
2451,40.690342,-73.78243,"(40.690342, -73.78243)"
2452,40.682327,-73.74315,"(40.682327, -73.74315)"
2453,40.627007,-73.976456,"(40.627007, -73.976456)"
2454,40.835518,-73.86112,"(40.835518, -73.86112)"
2455,40.59575,-74.00026,"(40.59575, -74.00026)"
2456,40.820095,-73.81086,"(40.820095, -73.81086)"
2457,40.675106,-73.809784,"(40.675106, -73.809784)"
2458,40.736397,-73.84592,"(40.736397, -73.84592)"
2459,40.721,-73.98934,"(40.721, -73.98934)"
2460,40.765266,-73.81517,"(40.765266, -73.81517)"
2461,40.665485,-73.75137,"(40.665485, -73.75137)"
2462,40.68018,-73.95994,"(40.68018, -73.95994)"
2464,40.664776,-73.99172,"(40.664776, -73.99172)"
2465,40.794235,-73.962814,"(40.794235, -73.962814)"
2466,40.696033,-73.98453,"(40.696033, -73.98453)"
2467,40.75461,-73.98677,"(40.75461, -73.98677)"
2468,40.86009,-73.84929,"(40.86009, -73.84929)"
2469,40.682667,-73.86814,"(40.682667, -73.86814)"
2470,40.67091,-73.89364,"(40.67091, -73.89364)"
2471,40.74357,-73.73509,"(40.74357, -73.73509)"
2472,40.86749,-73.88323,"(40.86749, -73.88323)"
2473,40.69577,-73.74746,"(40.69577, -73.74746)"
2474,40.69734,-73.9623,"(40.69734, -73.9623)"
2475,40.82523,-73.94761,"(40.82523, -73.94761)"
2477,40.69613,-73.9764,"(40.69613, -73.9764)"
2478,40.71168,-73.96123,"(40.71168, -73.96123)"
2479,40.786247,-73.83092,"(40.786247, -73.83092)"
2480,40.757725,-73.779274,"(40.757725, -73.779274)"
2482,40.5998,-73.9476,"(40.5998, -73.9476)"
2483,40.67963,-73.862305,"(40.67963, -73.862305)"
2484,40.661713,-73.76913,"(40.661713, -73.76913)"
2485,40.742676,-73.839516,"(40.742676, -73.839516)"
2486,40.78832,-73.941025,"(40.78832, -73.941025)"
2487,40.752693,-73.97305,"(40.752693, -73.97305)"
2488,40.667027,-73.81326,"(40.667027, -73.81326)"
2489,40.626034,-73.98327,"(40.626034, -73.98327)"
2490,40.690468,-73.9879,"(40.690468, -73.9879)"
2491,40.826786,-73.890915,"(40.826786, -73.890915)"
2492,40.737785,-73.93496,"(40.737785, -73.93496)"
2493,40.757698,-73.9694,"(40.757698, -73.9694)"
2494,40.604927,-74.02372,"(40.604927, -74.02372)"
2495,40.786884,-73.80788,"(40.786884, -73.80788)"
2496,40.83639,-73.91588,"(40.83639, -73.91588)"
2497,40.64254,-73.87652,"(40.64254, -73.87652)"
2498,40.766422,-73.76539,"(40.766422, -73.76539)"
2499,40.713306,-73.95835,"(40.713306, -73.95835)"
2500,40.778137,-73.95449,"(40.778137, -73.95449)"
2501,40.68662,-73.82319,"(40.68662, -73.82319)"
2503,40.885868,-73.80574,"(40.885868, -73.80574)"
2504,40.838238,-73.876686,"(40.838238, -73.876686)"
2505,40.67146,-73.99103,"(40.67146, -73.99103)"
2506,40.880196,-73.83816,"(40.880196, -73.83816)"
2507,40.762672,-73.9821,"(40.762672, -73.9821)"
2508,40.672802,-74.00666,"(40.672802, -74.00666)"
2509,40.621994,-73.97658,"(40.621994, -73.97658)"
2510,40.7056,-73.85822,"(40.7056, -73.85822)"
2511,40.713623,-73.94425,"(40.713623, -73.94425)"
2512,40.626804,-74.0198,"(40.626804, -74.0198)"
2513,40.766666,-73.96707,"(40.766666, -73.96707)"
2514,40.6792,-73.9553,"(40.6792, -73.9553)"
2515,40.651363,-73.96345,"(40.651363, -73.96345)"
2516,40.62108,-74.02199,"(40.62108, -74.02199)"
2517,40.652515,-74.00941,"(40.652515, -74.00941)"
2518,40.61565,-74.15709,"(40.61565, -74.15709)"
2519,40.630505,-73.92812,"(40.630505, -73.92812)"
2520,40.77344,-73.92097,"(40.77344, -73.92097)"
2521,40.717365,-73.82446,"(40.717365, -73.82446)"
2522,40.531044,-74.20281,"(40.531044, -74.20281)"
2523,40.54468,-74.195145,"(40.54468, -74.195145)"
2524,40.681175,-73.83455,"(40.681175, -73.83455)"
2525,40.626568,-73.970924,"(40.626568, -73.970924)"
2526,40.57925,-74.07781,"(40.57925, -74.07781)"
2528,40.683647,-73.94688,"(40.683647, -73.94688)"
2529,40.648254,-73.971405,"(40.648254, -73.971405)"
2530,40.665653,-73.77397,"(40.665653, -73.77397)"
2531,40.719193,-73.99985,"(40.719193, -73.99985)"
2532,40.61242,-74.09936,"(40.61242, -74.09936)"
2533,40.70873,-73.9588,"(40.70873, -73.9588)"
2535,40.74106,-73.946106,"(40.74106, -73.946106)"
2536,40.825165,-73.86699,"(40.825165, -73.86699)"
2537,40.60981,-73.92251,"(40.60981, -73.92251)"
2538,40.733967,-73.87177,"(40.733967, -73.87177)"
2539,40.773045,-73.889435,"(40.773045, -73.889435)"
2540,40.789307,-73.943405,"(40.789307, -73.943405)"
2541,40.671825,-73.774506,"(40.671825, -73.774506)"
2542,40.762394,-73.97861,"(40.762394, -73.97861)"
2543,40.736004,-73.99362,"(40.736004, -73.99362)"
2544,40.763054,-73.80741,"(40.763054, -73.80741)"
2545,40.703484,-73.85915,"(40.703484, -73.85915)"
2546,40.875122,-73.905174,"(40.875122, -73.905174)"
2547,40.74473,-73.93359,"(40.74473, -73.93359)"
2548,40.67308,-73.91124,"(40.67308, -73.91124)"
2549,40.71718,-73.98311,"(40.71718, -73.98311)"
2550,40.626335,-73.97924,"(40.626335, -73.97924)"
2551,40.62095,-73.9555,"(40.62095, -73.9555)"
2552,40.714207,-73.92817,"(40.714207, -73.92817)"
2553,40.77162,-73.87477,"(40.77162, -73.87477)"
2554,40.788532,-73.95322,"(40.788532, -73.95322)"
2555,40.62685,-73.97643,"(40.62685, -73.97643)"
2556,40.79099,-73.96518,"(40.79099, -73.96518)"
2557,40.535534,-74.17887,"(40.535534, -74.17887)"
2558,40.725857,-73.86401,"(40.725857, -73.86401)"
2559,40.60424,-73.95033,"(40.60424, -73.95033)"
2560,40.848232,-73.86722,"(40.848232, -73.86722)"
2561,40.687317,-74.00006,"(40.687317, -74.00006)"
2562,40.65318,-74.00561,"(40.65318, -74.00561)"
2563,40.68049,-73.774704,"(40.68049, -73.774704)"
2564,40.68111,-73.761185,"(40.68111, -73.761185)"
2565,40.52257,-74.19001,"(40.52257, -74.19001)"
2566,40.705135,-73.90293,"(40.705135, -73.90293)"
2567,40.72766,-73.92938,"(40.72766, -73.92938)"
2568,40.688763,-73.80833,"(40.688763, -73.80833)"
2569,40.598045,-73.99661,"(40.598045, -73.99661)"
2570,40.71896,-74.00128,"(40.71896, -74.00128)"
2571,40.733536,-73.87035,"(40.733536, -73.87035)"
2572,40.637196,-74.00779,"(40.637196, -74.00779)"
2573,40.67007,-73.90117,"(40.67007, -73.90117)"
2574,40.65525,-73.952965,"(40.65525, -73.952965)"
2575,40.85977,-73.85308,"(40.85977, -73.85308)"
2576,40.82451,-73.95186,"(40.82451, -73.95186)"
2578,40.669044,-73.87578,"(40.669044, -73.87578)"
2579,40.678238,-73.94415,"(40.678238, -73.94415)"
2580,40.814526,-73.83672,"(40.814526, -73.83672)"
2581,40.7319,-73.9888,"(40.7319, -73.9888)"
2582,40.757122,-73.97192,"(40.757122, -73.97192)"
2583,40.795055,-73.93317,"(40.795055, -73.93317)"
2584,40.77052,-73.912895,"(40.77052, -73.912895)"
2585,40.761856,-73.96343,"(40.761856, -73.96343)"
2586,40.71279,-73.9693,"(40.71279, -73.9693)"
2587,40.63962,-73.95477,"(40.63962, -73.95477)"
2590,40.677917,-73.93861,"(40.677917, -73.93861)"
2592,40.717117,-73.8861,"(40.717117, -73.8861)"
2593,40.718277,-73.86358,"(40.718277, -73.86358)"
2594,40.669456,-73.86284,"(40.669456, -73.86284)"
2595,40.828754,-73.840256,"(40.828754, -73.840256)"
2596,40.73826,-73.87928,"(40.73826, -73.87928)"
2597,40.737568,-74.00975,"(40.737568, -74.00975)"
2598,40.7549,-73.74548,"(40.7549, -73.74548)"
2599,40.816532,-73.92822,"(40.816532, -73.92822)"
2600,40.76663,-73.88903,"(40.76663, -73.88903)"
2601,40.737694,-73.88224,"(40.737694, -73.88224)"
2602,40.699024,-73.91623,"(40.699024, -73.91623)"
2603,40.820515,-73.930695,"(40.820515, -73.930695)"
2604,40.76439,-73.82554,"(40.76439, -73.82554)"
2605,40.8059,-73.92523,"(40.8059, -73.92523)"
2606,40.62625,-73.95163,"(40.62625, -73.95163)"
2607,40.722893,-73.93905,"(40.722893, -73.93905)"
2608,40.818012,-73.92519,"(40.818012, -73.92519)"
2609,40.885784,-73.81496,"(40.885784, -73.81496)"
2610,40.90024,-73.88647,"(40.90024, -73.88647)"
2611,40.74929,-73.88519,"(40.74929, -73.88519)"
2612,40.697594,-73.93138,"(40.697594, -73.93138)"
2613,40.58832,-73.96414,"(40.58832, -73.96414)"
2614,40.666595,-73.87176,"(40.666595, -73.87176)"
2615,40.68991,-73.981125,"(40.68991, -73.981125)"
2616,40.71406,-73.95292,"(40.71406, -73.95292)"
2617,40.761234,-73.96389,"(40.761234, -73.96389)"
2618,40.763893,-73.915,"(40.763893, -73.915)"
2620,40.683395,-73.9709,"(40.683395, -73.9709)"
2621,40.747917,-73.9736,"(40.747917, -73.9736)"
2622,40.662304,-73.95144,"(40.662304, -73.95144)"
2623,40.89467,-73.86006,"(40.89467, -73.86006)"
2624,40.726135,-73.76318,"(40.726135, -73.76318)"
2625,40.752117,-73.97556,"(40.752117, -73.97556)"
2626,40.83878,-73.835815,"(40.83878, -73.835815)"
2627,40.739143,-73.90109,"(40.739143, -73.90109)"
2628,40.68498,-73.97321,"(40.68498, -73.97321)"
2629,40.744373,-73.9923,"(40.744373, -73.9923)"
2630,40.59582,-73.98373,"(40.59582, -73.98373)"
2631,40.683086,-73.85416,"(40.683086, -73.85416)"
2632,40.786854,-73.82236,"(40.786854, -73.82236)"
2633,40.715805,-73.89763,"(40.715805, -73.89763)"
2634,40.741676,-73.86756,"(40.741676, -73.86756)"
2635,40.81983,-73.841934,"(40.81983, -73.841934)"
2636,40.830345,-73.92328,"(40.830345, -73.92328)"
2637,40.678543,-73.949684,"(40.678543, -73.949684)"
2638,40.556473,-74.15263,"(40.556473, -74.15263)"
2639,40.668648,-73.92835,"(40.668648, -73.92835)"
2640,40.71523,-74.01334,"(40.71523, -74.01334)"
2641,40.73403,-73.995056,"(40.73403, -73.995056)"
2642,40.76419,-73.861664,"(40.76419, -73.861664)"
2643,40.766182,-73.93683,"(40.766182, -73.93683)"
2644,40.64034,-73.91424,"(40.64034, -73.91424)"
2645,40.895374,-73.86356,"(40.895374, -73.86356)"
2646,40.715065,-73.9462,"(40.715065, -73.9462)"
2647,40.792263,-73.79332,"(40.792263, -73.79332)"
2648,40.69546,-73.99399,"(40.69546, -73.99399)"
2649,40.58989,-73.80748,"(40.58989, -73.80748)"
2650,40.624294,-74.13724,"(40.624294, -74.13724)"
2651,40.516624,-74.20279,"(40.516624, -74.20279)"
2652,40.7129,-73.949196,"(40.7129, -73.949196)"
2653,40.75196,-73.85456,"(40.75196, -73.85456)"
2654,40.841347,-73.9169,"(40.841347, -73.9169)"
2655,40.867195,-73.88376,"(40.867195, -73.88376)"
2656,40.766712,-73.98289,"(40.766712, -73.98289)"
2657,40.7441,-73.99565,"(40.7441, -73.99565)"
2658,40.697716,-73.920494,"(40.697716, -73.920494)"
2659,40.75813,-73.85696,"(40.75813, -73.85696)"
2660,40.841038,-73.92813,"(40.841038, -73.92813)"
2661,40.608223,-74.1294,"(40.608223, -74.1294)"
2662,40.766037,-73.96753,"(40.766037, -73.96753)"
2663,40.73572,-73.93677,"(40.73572, -73.93677)"
2664,40.67667,-73.87224,"(40.67667, -73.87224)"
2665,40.71745,-74.00354,"(40.71745, -74.00354)"
2666,40.69168,-73.999344,"(40.69168, -73.999344)"
2668,40.901196,-73.85566,"(40.901196, -73.85566)"
2669,40.720623,-73.99498,"(40.720623, -73.99498)"
2671,40.669735,-73.93104,"(40.669735, -73.93104)"
2672,40.75732,-73.834015,"(40.75732, -73.834015)"
2673,40.60059,-73.96137,"(40.60059, -73.96137)"
2674,40.659058,-73.87163,"(40.659058, -73.87163)"
2676,40.763443,-73.88302,"(40.763443, -73.88302)"
2677,40.852127,-73.93783,"(40.852127, -73.93783)"
2678,40.608177,-74.081,"(40.608177, -74.081)"
2679,40.723335,-73.93888,"(40.723335, -73.93888)"
2680,40.72462,-73.894554,"(40.72462, -73.894554)"
2681,40.651512,-73.93521,"(40.651512, -73.93521)"
2682,40.720547,-73.88669,"(40.720547, -73.88669)"
2683,40.66479,-73.82047,"(40.66479, -73.82047)"
2684,40.76605,-73.87587,"(40.76605, -73.87587)"
2686,40.65288,-73.927574,"(40.65288, -73.927574)"
2687,40.72725,-73.86157,"(40.72725, -73.86157)"
2688,40.898853,-73.84786,"(40.898853, -73.84786)"
2689,40.70154,-73.963875,"(40.70154, -73.963875)"
2690,40.903866,-73.90312,"(40.903866, -73.90312)"
2691,40.842617,-73.89482,"(40.842617, -73.89482)"
2692,40.75333,-73.70682,"(40.75333, -73.70682)"
2693,40.636086,-73.95091,"(40.636086, -73.95091)"
2694,40.85997,-73.9085,"(40.85997, -73.9085)"
2695,40.60517,-73.96343,"(40.60517, -73.96343)"
2696,40.637455,-73.92886,"(40.637455, -73.92886)"
2697,40.633198,-74.013466,"(40.633198, -74.013466)"
2698,40.76484,-73.98054,"(40.76484, -73.98054)"
2699,40.879974,-73.897964,"(40.879974, -73.897964)"
2700,40.800137,-73.94114,"(40.800137, -73.94114)"
2701,40.81436,-73.887405,"(40.81436, -73.887405)"
2702,40.684975,-73.97984,"(40.684975, -73.97984)"
2703,40.619606,-73.945526,"(40.619606, -73.945526)"
2704,40.683453,-73.8806,"(40.683453, -73.8806)"
2705,40.685936,-73.82594,"(40.685936, -73.82594)"
2706,40.612534,-73.92704,"(40.612534, -73.92704)"
2707,40.8248,-73.81932,"(40.8248, -73.81932)"
2708,40.60242,-73.99459,"(40.60242, -73.99459)"
2709,40.675938,-73.86823,"(40.675938, -73.86823)"
2710,40.737865,-74.00019,"(40.737865, -74.00019)"
2711,40.78167,-73.829216,"(40.78167, -73.829216)"
2712,40.81608,-73.917694,"(40.81608, -73.917694)"
2713,40.774807,-73.98442,"(40.774807, -73.98442)"
2714,40.704033,-73.81711,"(40.704033, -73.81711)"
2715,40.75425,-73.827835,"(40.75425, -73.827835)"
2716,40.808056,-73.950195,"(40.808056, -73.950195)"
2717,40.687225,-73.821625,"(40.687225, -73.821625)"
2718,40.712727,-73.72899,"(40.712727, -73.72899)"
2719,40.637455,-73.92886,"(40.637455, -73.92886)"
2721,40.822056,-73.920395,"(40.822056, -73.920395)"
2722,40.708935,-73.77721,"(40.708935, -73.77721)"
2723,40.761623,-73.82208,"(40.761623, -73.82208)"
2724,40.611313,-74.09844,"(40.611313, -74.09844)"
2725,40.68628,-73.88028,"(40.68628, -73.88028)"
2726,40.68672,-73.98224,"(40.68672, -73.98224)"
2727,40.720654,-73.872025,"(40.720654, -73.872025)"
2728,40.7003,-73.9473,"(40.7003, -73.9473)"
2729,40.70938,-73.86964,"(40.70938, -73.86964)"
2730,40.586376,-73.98332,"(40.586376, -73.98332)"
2731,40.589893,-73.79784,"(40.589893, -73.79784)"
2732,40.776047,-73.95,"(40.776047, -73.95)"
2733,40.70504,-73.959045,"(40.70504, -73.959045)"
2734,40.541924,-74.18563,"(40.541924, -74.18563)"
2735,40.69054,-73.82392,"(40.69054, -73.82392)"
2736,40.712513,-73.89609,"(40.712513, -73.89609)"
2737,40.601006,-74.076454,"(40.601006, -74.076454)"
2738,40.648945,-73.88496,"(40.648945, -73.88496)"
2739,40.653606,-73.92088,"(40.653606, -73.92088)"
2740,40.87917,-73.871376,"(40.87917, -73.871376)"
2741,40.729996,-73.81103,"(40.729996, -73.81103)"
2742,40.80863,-73.94543,"(40.80863, -73.94543)"
2743,40.85482,-73.9112,"(40.85482, -73.9112)"
2744,40.680035,-73.829994,"(40.680035, -73.829994)"
2745,40.758965,-73.95819,"(40.758965, -73.95819)"
2746,40.705425,-73.78258,"(40.705425, -73.78258)"
2747,40.73978,-73.97952,"(40.73978, -73.97952)"
2749,40.64664,-73.9246,"(40.64664, -73.9246)"
2750,40.60913,-73.95741,"(40.60913, -73.95741)"
2751,40.68316,-73.93809,"(40.68316, -73.93809)"
2752,40.768696,-73.93169,"(40.768696, -73.93169)"
2753,40.808277,-73.9388,"(40.808277, -73.9388)"
2754,40.874714,-73.84512,"(40.874714, -73.84512)"
2755,40.794163,-73.97217,"(40.794163, -73.97217)"
2756,40.625774,-74.016495,"(40.625774, -74.016495)"
2757,40.825294,-73.95373,"(40.825294, -73.95373)"
2758,40.576965,-74.16974,"(40.576965, -74.16974)"
2759,40.82325,-73.88277,"(40.82325, -73.88277)"
2760,40.731792,-73.7417,"(40.731792, -73.7417)"
2761,40.71029,-73.91789,"(40.71029, -73.91789)"
2762,40.759113,-73.84646,"(40.759113, -73.84646)"
2763,40.70564,-73.836044,"(40.70564, -73.836044)"
2764,40.76316,-73.87618,"(40.76316, -73.87618)"
2765,40.641422,-74.01782,"(40.641422, -74.01782)"
2766,40.853344,-73.881676,"(40.853344, -73.881676)"
2767,40.510387,-74.24817,"(40.510387, -74.24817)"
2768,40.658577,-73.89063,"(40.658577, -73.89063)"
2769,40.72786,-73.89208,"(40.72786, -73.89208)"
2770,40.610264,-73.954704,"(40.610264, -73.954704)"
2771,40.68892,-73.99915,"(40.68892, -73.99915)"
2772,40.73398,-73.99095,"(40.73398, -73.99095)"
2773,40.73541,-73.97515,"(40.73541, -73.97515)"
2775,40.778606,-73.84704,"(40.778606, -73.84704)"
2776,40.657753,-73.89612,"(40.657753, -73.89612)"
2777,40.78613,-73.80215,"(40.78613, -73.80215)"
2778,40.6663,-73.86008,"(40.6663, -73.86008)"
2779,40.762486,-73.96298,"(40.762486, -73.96298)"
2780,40.72773,-73.90674,"(40.72773, -73.90674)"
2781,40.542908,-74.15579,"(40.542908, -74.15579)"
2782,40.679005,-73.86423,"(40.679005, -73.86423)"
2783,40.75693,-73.77902,"(40.75693, -73.77902)"
2784,40.844997,-73.92728,"(40.844997, -73.92728)"
2785,40.75781,-73.94003,"(40.75781, -73.94003)"
2786,40.767487,-73.9017,"(40.767487, -73.9017)"
2787,40.725143,-73.753365,"(40.725143, -73.753365)"
2789,40.66546,-73.74246,"(40.66546, -73.74246)"
2790,40.639645,-73.98015,"(40.639645, -73.98015)"
2791,40.697327,-73.82961,"(40.697327, -73.82961)"
2792,40.64511,-73.874886,"(40.64511, -73.874886)"
2793,40.639645,-73.98015,"(40.639645, -73.98015)"
2794,40.697155,-73.96282,"(40.697155, -73.96282)"
2795,40.712727,-73.90162,"(40.712727, -73.90162)"
2796,40.7135,-73.74865,"(40.7135, -73.74865)"
2797,40.687466,-73.95472,"(40.687466, -73.95472)"
2798,40.786068,-73.83744,"(40.786068, -73.83744)"
2799,40.708763,-73.998116,"(40.708763, -73.998116)"
2800,40.872387,-73.90156,"(40.872387, -73.90156)"
2801,40.81801,-73.80284,"(40.81801, -73.80284)"
2802,40.707935,-73.78557,"(40.707935, -73.78557)"
2803,40.7567,-73.900055,"(40.7567, -73.900055)"
2804,40.758865,-73.98488,"(40.758865, -73.98488)"
2805,40.609344,-73.94355,"(40.609344, -73.94355)"
2806,40.806156,-73.9226,"(40.806156, -73.9226)"
2807,40.86507,-73.87185,"(40.86507, -73.87185)"
2808,40.825146,-73.823875,"(40.825146, -73.823875)"
2809,40.708313,-73.87218,"(40.708313, -73.87218)"
2810,40.819042,-73.88947,"(40.819042, -73.88947)"
2811,40.689777,-73.97747,"(40.689777, -73.97747)"
2812,40.84409,-73.829666,"(40.84409, -73.829666)"
2813,40.630066,-74.10912,"(40.630066, -74.10912)"
2814,40.764896,-73.97256,"(40.764896, -73.97256)"
2815,40.641125,-73.94563,"(40.641125, -73.94563)"
2816,40.85185,-73.902725,"(40.85185, -73.902725)"
2817,40.842934,-73.87872,"(40.842934, -73.87872)"
2818,40.83932,-73.91503,"(40.83932, -73.91503)"
2819,40.65249,-73.95267,"(40.65249, -73.95267)"
2820,40.744892,-73.77022,"(40.744892, -73.77022)"
2821,40.75367,-73.76398,"(40.75367, -73.76398)"
2822,40.648182,-74.02147,"(40.648182, -74.02147)"
2823,40.86314,-73.8636,"(40.86314, -73.8636)"
2824,40.75704,-73.916176,"(40.75704, -73.916176)"
2825,40.6801,-73.94433,"(40.6801, -73.94433)"
2826,40.593727,-73.751175,"(40.593727, -73.751175)"
2827,40.735397,-73.985664,"(40.735397, -73.985664)"
2829,40.846943,-73.897606,"(40.846943, -73.897606)"
2830,40.576572,-73.976494,"(40.576572, -73.976494)"
2831,40.58451,-73.987625,"(40.58451, -73.987625)"
2832,40.848873,-73.93406,"(40.848873, -73.93406)"
2833,40.757065,-73.73904,"(40.757065, -73.73904)"
2834,40.77759,-73.9591,"(40.77759, -73.9591)"
2835,40.66435,-73.87231,"(40.66435, -73.87231)"
2837,40.69423,-73.94608,"(40.69423, -73.94608)"
2839,40.6379,-73.90085,"(40.6379, -73.90085)"
2840,40.604153,-74.05198,"(40.604153, -74.05198)"
2841,40.576904,-74.16973,"(40.576904, -74.16973)"
2842,40.679634,-73.94959,"(40.679634, -73.94959)"
2843,40.831722,-73.915016,"(40.831722, -73.915016)"
2844,40.8223,-73.873,"(40.8223, -73.873)"
2845,40.595036,-74.110275,"(40.595036, -74.110275)"
2846,40.740944,-74.00537,"(40.740944, -74.00537)"
2847,40.680305,-73.94819,"(40.680305, -73.94819)"
2848,40.657406,-73.89881,"(40.657406, -73.89881)"
2849,40.74108,-73.88752,"(40.74108, -73.88752)"
2850,40.764286,-73.95562,"(40.764286, -73.95562)"
2851,40.66796,-73.77155,"(40.66796, -73.77155)"
2852,40.599728,-73.76388,"(40.599728, -73.76388)"
2853,40.86818,-73.88795,"(40.86818, -73.88795)"
2854,40.67213,-73.801285,"(40.67213, -73.801285)"
2855,40.71558,-73.737785,"(40.71558, -73.737785)"
2856,40.661083,-73.908035,"(40.661083, -73.908035)"
2857,40.73572,-73.93677,"(40.73572, -73.93677)"
2858,40.753788,-73.744286,"(40.753788, -73.744286)"
2859,40.69584,-73.98241,"(40.69584, -73.98241)"
2860,40.65473,-73.90692,"(40.65473, -73.90692)"
2861,40.795456,-73.93893,"(40.795456, -73.93893)"
2862,40.86785,-73.88757,"(40.86785, -73.88757)"
2863,40.826275,-73.85971,"(40.826275, -73.85971)"
2864,40.88075,-73.84312,"(40.88075, -73.84312)"
2865,40.651653,-73.91738,"(40.651653, -73.91738)"
2866,40.62068,-74.084366,"(40.62068, -74.084366)"
2867,40.761436,-73.83106,"(40.761436, -73.83106)"
2868,40.67066,-73.957985,"(40.67066, -73.957985)"
2869,40.826275,-73.85971,"(40.826275, -73.85971)"
2870,40.745304,-73.82595,"(40.745304, -73.82595)"
2871,40.736668,-73.997345,"(40.736668, -73.997345)"
2872,40.720245,-73.9444,"(40.720245, -73.9444)"
2873,40.81529,-73.884766,"(40.81529, -73.884766)"
2874,40.600735,-73.98218,"(40.600735, -73.98218)"
2875,40.576656,-73.85924,"(40.576656, -73.85924)"
2876,40.840775,-73.87246,"(40.840775, -73.87246)"
2877,40.62707,-74.01865,"(40.62707, -74.01865)"
2878,40.66503,-73.81863,"(40.66503, -73.81863)"
2879,40.590366,-74.16616,"(40.590366, -74.16616)"
2880,40.74608,-73.974945,"(40.74608, -73.974945)"
2881,40.730137,-73.92693,"(40.730137, -73.92693)"
2882,40.742397,-73.87126,"(40.742397, -73.87126)"
2883,40.788025,-73.94728,"(40.788025, -73.94728)"
2884,40.670338,-73.9975,"(40.670338, -73.9975)"
2885,40.789467,-73.784225,"(40.789467, -73.784225)"
2886,40.76093,-73.96914,"(40.76093, -73.96914)"
2887,40.75141,-73.97999,"(40.75141, -73.97999)"
2888,40.828922,-73.9504,"(40.828922, -73.9504)"
2889,40.637264,-73.9898,"(40.637264, -73.9898)"
2890,40.75603,-73.99479,"(40.75603, -73.99479)"
2891,40.710667,-73.93361,"(40.710667, -73.93361)"
2892,40.779922,-73.98068,"(40.779922, -73.98068)"
2893,40.679276,-73.92906,"(40.679276, -73.92906)"
2894,40.83383,-73.921234,"(40.83383, -73.921234)"
2896,40.744656,-73.94853,"(40.744656, -73.94853)"
2897,40.721756,-73.98752,"(40.721756, -73.98752)"
2899,40.829594,-73.93102,"(40.829594, -73.93102)"
2900,40.6442,-73.96595,"(40.6442, -73.96595)"
2901,40.557346,-74.16622,"(40.557346, -74.16622)"
2902,40.837124,-73.882645,"(40.837124, -73.882645)"
2903,40.709747,-73.82057,"(40.709747, -73.82057)"
2904,40.714622,-73.829704,"(40.714622, -73.829704)"
2905,40.623917,-73.99813,"(40.623917, -73.99813)"
2906,40.60379,-73.95444,"(40.60379, -73.95444)"
2907,40.666306,-73.79171,"(40.666306, -73.79171)"
2908,40.713722,-73.809296,"(40.713722, -73.809296)"
2909,40.86535,-73.89493,"(40.86535, -73.89493)"
2911,40.6263,-73.90067,"(40.6263, -73.90067)"
2912,40.785748,-73.98312,"(40.785748, -73.98312)"
2913,40.759686,-73.77183,"(40.759686, -73.77183)"
2914,40.818825,-73.89861,"(40.818825, -73.89861)"
2915,40.749844,-73.938995,"(40.749844, -73.938995)"
2916,40.73496,-73.93857,"(40.73496, -73.93857)"
2917,40.71918,-73.99029,"(40.71918, -73.99029)"
2918,40.63396,-74.01476,"(40.63396, -74.01476)"
2919,40.636738,-73.89144,"(40.636738, -73.89144)"
2920,40.632095,-73.91861,"(40.632095, -73.91861)"
2921,40.843002,-73.90359,"(40.843002, -73.90359)"
2922,40.684612,-73.879875,"(40.684612, -73.879875)"
2923,40.748955,-73.8997,"(40.748955, -73.8997)"
2924,40.713085,-73.94415,"(40.713085, -73.94415)"
2925,40.60424,-73.95033,"(40.60424, -73.95033)"
2926,40.74424,-73.77618,"(40.74424, -73.77618)"
2927,40.624928,-74.146126,"(40.624928, -74.146126)"
2928,40.757145,-73.99357,"(40.757145, -73.99357)"
2929,40.76027,-73.80401,"(40.76027, -73.80401)"
2930,40.78263,-73.9512,"(40.78263, -73.9512)"
2931,40.746456,-73.98853,"(40.746456, -73.98853)"
2932,40.75903,-73.98612,"(40.75903, -73.98612)"
2933,40.869316,-73.91674,"(40.869316, -73.91674)"
2934,40.670624,-73.895546,"(40.670624, -73.895546)"
2935,40.680756,-73.813446,"(40.680756, -73.813446)"
2937,40.7606,-73.96434,"(40.7606, -73.96434)"
2938,40.84253,-73.82457,"(40.84253, -73.82457)"
2939,40.668728,-73.884674,"(40.668728, -73.884674)"
2940,40.777317,-73.96441,"(40.777317, -73.96441)"
2941,40.75224,-73.820854,"(40.75224, -73.820854)"
2942,40.70892,-73.99706,"(40.70892, -73.99706)"
2943,40.629166,-73.947334,"(40.629166, -73.947334)"
2945,40.853683,-73.86917,"(40.853683, -73.86917)"
2946,40.86832,-73.83317,"(40.86832, -73.83317)"
2947,40.64466,-74.09847,"(40.64466, -74.09847)"
2948,40.598476,-73.93141,"(40.598476, -73.93141)"
2949,40.70377,-73.93116,"(40.70377, -73.93116)"
2950,40.620438,-74.1672,"(40.620438, -74.1672)"
2951,40.819363,-73.893074,"(40.819363, -73.893074)"
2952,40.66255,-73.90893,"(40.66255, -73.90893)"
2953,40.88911,-73.912994,"(40.88911, -73.912994)"
2954,40.77451,-73.838036,"(40.77451, -73.838036)"
2955,40.86446,-73.91895,"(40.86446, -73.91895)"
2956,40.741127,-73.97502,"(40.741127, -73.97502)"
2957,40.704742,-73.86016,"(40.704742, -73.86016)"
2958,40.742283,-74.004425,"(40.742283, -74.004425)"
2959,40.68937,-73.84744,"(40.68937, -73.84744)"
2960,40.843304,-73.91919,"(40.843304, -73.91919)"
2961,40.753784,-73.93203,"(40.753784, -73.93203)"
2962,40.803844,-73.91444,"(40.803844, -73.91444)"
2963,40.73319,-73.866875,"(40.73319, -73.866875)"
2964,40.761124,-73.834816,"(40.761124, -73.834816)"
2965,40.664764,-73.73492,"(40.664764, -73.73492)"
2966,40.68454,-73.73145,"(40.68454, -73.73145)"
2968,40.770256,-73.91586,"(40.770256, -73.91586)"
2969,40.773964,-73.9228,"(40.773964, -73.9228)"
2970,40.60752,-74.132,"(40.60752, -74.132)"
2971,40.755756,-73.96479,"(40.755756, -73.96479)"
2972,40.75781,-73.86167,"(40.75781, -73.86167)"
2973,40.845352,-73.92821,"(40.845352, -73.92821)"
2974,40.854794,-73.88952,"(40.854794, -73.88952)"
2976,40.870968,-73.88087,"(40.870968, -73.88087)"
2978,40.64332,-74.01945,"(40.64332, -74.01945)"
2980,40.74279,-73.982796,"(40.74279, -73.982796)"
2981,40.725433,-73.951744,"(40.725433, -73.951744)"
2982,40.761715,-73.82958,"(40.761715, -73.82958)"
2983,40.750294,-73.99485,"(40.750294, -73.99485)"
2984,40.710976,-73.97962,"(40.710976, -73.97962)"
2985,40.63981,-73.995514,"(40.63981, -73.995514)"
2986,40.641323,-73.983,"(40.641323, -73.983)"
2987,40.65293,-73.897026,"(40.65293, -73.897026)"
2988,40.691174,-73.83819,"(40.691174, -73.83819)"
2989,40.869568,-73.85949,"(40.869568, -73.85949)"
2990,40.758633,-73.96579,"(40.758633, -73.96579)"
2991,40.74128,-73.90257,"(40.74128, -73.90257)"
2992,40.729816,-73.82109,"(40.729816, -73.82109)"
2993,40.7243,-73.84001,"(40.7243, -73.84001)"
2994,40.587986,-74.16593,"(40.587986, -74.16593)"
2995,40.568764,-74.11149,"(40.568764, -74.11149)"
2996,40.63252,-74.07783,"(40.63252, -74.07783)"
2997,40.731995,-73.99022,"(40.731995, -73.99022)"
2998,40.70652,-73.76058,"(40.70652, -73.76058)"
3000,40.716976,-73.98229,"(40.716976, -73.98229)"
3001,40.83887,-73.87811,"(40.83887, -73.87811)"
3002,40.83213,-73.86547,"(40.83213, -73.86547)"
3003,40.65276,-73.83631,"(40.65276, -73.83631)"
3004,40.595364,-74.09723,"(40.595364, -74.09723)"
3005,40.635994,-73.967865,"(40.635994, -73.967865)"
3006,40.763638,-73.97559,"(40.763638, -73.97559)"
3007,40.816196,-73.896,"(40.816196, -73.896)"
3008,40.767124,-73.98383,"(40.767124, -73.98383)"
3009,40.640694,-73.99698,"(40.640694, -73.99698)"
3010,40.674847,-73.74334,"(40.674847, -73.74334)"
3013,40.7056,-73.85822,"(40.7056, -73.85822)"
3014,40.74388,-73.98157,"(40.74388, -73.98157)"
3015,40.665836,-73.942535,"(40.665836, -73.942535)"
3016,40.679787,-73.93844,"(40.679787, -73.93844)"
3017,40.835777,-73.91647,"(40.835777, -73.91647)"
3018,40.719517,-73.994385,"(40.719517, -73.994385)"
3019,40.78221,-73.97215,"(40.78221, -73.97215)"
3020,40.79536,-73.96942,"(40.79536, -73.96942)"
3021,40.61805,-73.98069,"(40.61805, -73.98069)"
3022,40.59623,-73.98005,"(40.59623, -73.98005)"
3023,40.743973,-73.8851,"(40.743973, -73.8851)"
3024,40.75939,-73.98508,"(40.75939, -73.98508)"
3025,40.674,-73.982285,"(40.674, -73.982285)"
3026,40.772705,-73.949486,"(40.772705, -73.949486)"
3027,40.73876,-74.00973,"(40.73876, -74.00973)"
3028,40.82098,-73.89388,"(40.82098, -73.89388)"
3029,40.702293,-73.79117,"(40.702293, -73.79117)"
3030,40.663124,-73.96244,"(40.663124, -73.96244)"
3031,40.651367,-73.95592,"(40.651367, -73.95592)"
3033,40.675735,-73.89686,"(40.675735, -73.89686)"
3034,40.665478,-73.8169,"(40.665478, -73.8169)"
3035,40.82406,-73.8998,"(40.82406, -73.8998)"
3036,40.66223,-73.93997,"(40.66223, -73.93997)"
3039,40.7389,-73.73378,"(40.7389, -73.73378)"
3040,40.85638,-73.83329,"(40.85638, -73.83329)"
3041,40.69168,-73.999344,"(40.69168, -73.999344)"
3042,40.74701,-73.977196,"(40.74701, -73.977196)"
3043,40.76524,-73.95788,"(40.76524, -73.95788)"
3044,40.733376,-73.86665,"(40.733376, -73.86665)"
3045,40.77039,-73.91771,"(40.77039, -73.91771)"
3046,40.524,-74.186104,"(40.524, -74.186104)"
3047,40.740417,-73.80553,"(40.740417, -73.80553)"
3048,40.85517,-73.89711,"(40.85517, -73.89711)"
3049,40.62332,-73.99713,"(40.62332, -73.99713)"
3050,40.757523,-73.82914,"(40.757523, -73.82914)"
3051,40.657753,-73.89612,"(40.657753, -73.89612)"
3052,40.812836,-73.88796,"(40.812836, -73.88796)"
3054,40.66682,-73.88166,"(40.66682, -73.88166)"
3055,40.76294,-73.86067,"(40.76294, -73.86067)"
3057,40.721283,-73.8141,"(40.721283, -73.8141)"
3058,40.632427,-73.93513,"(40.632427, -73.93513)"
3059,40.870014,-73.832436,"(40.870014, -73.832436)"
3060,40.697803,-73.969734,"(40.697803, -73.969734)"
3061,40.56494,-74.15512,"(40.56494, -74.15512)"
3062,40.680023,-73.794624,"(40.680023, -73.794624)"
3063,40.74281,-73.99659,"(40.74281, -73.99659)"
3064,40.711636,-73.89622,"(40.711636, -73.89622)"
3065,40.688362,-73.77663,"(40.688362, -73.77663)"
3067,40.85973,-73.85597,"(40.85973, -73.85597)"
3068,40.862755,-73.901085,"(40.862755, -73.901085)"
3069,40.697247,-73.84302,"(40.697247, -73.84302)"
3070,40.81655,-73.91955,"(40.81655, -73.91955)"
3071,40.74047,-73.99829,"(40.74047, -73.99829)"
3072,40.61384,-73.981445,"(40.61384, -73.981445)"
3073,40.60442,-74.13164,"(40.60442, -74.13164)"
3074,40.8307,-73.87373,"(40.8307, -73.87373)"
3075,40.73572,-73.93677,"(40.73572, -73.93677)"
3076,40.71997,-73.992905,"(40.71997, -73.992905)"
3077,40.738415,-73.84899,"(40.738415, -73.84899)"
3078,40.80467,-73.93815,"(40.80467, -73.93815)"
3079,40.655754,-73.76432,"(40.655754, -73.76432)"
3080,40.854496,-73.88543,"(40.854496, -73.88543)"
3081,40.665344,-73.900856,"(40.665344, -73.900856)"
3082,40.843822,-73.916565,"(40.843822, -73.916565)"
3083,40.881687,-73.90283,"(40.881687, -73.90283)"
3084,40.730556,-73.994644,"(40.730556, -73.994644)"
3085,40.619217,-73.96025,"(40.619217, -73.96025)"
3086,40.729122,-73.872955,"(40.729122, -73.872955)"
3087,40.86511,-73.83794,"(40.86511, -73.83794)"
3088,40.63701,-73.91495,"(40.63701, -73.91495)"
3089,40.682163,-73.92712,"(40.682163, -73.92712)"
3090,40.786484,-73.97218,"(40.786484, -73.97218)"
3091,40.720966,-74.00408,"(40.720966, -74.00408)"
3092,40.72656,-73.972046,"(40.72656, -73.972046)"
3093,40.8239,-73.876526,"(40.8239, -73.876526)"
3094,40.747654,-73.883804,"(40.747654, -73.883804)"
3095,40.601803,-74.18828,"(40.601803, -74.18828)"
3096,40.699516,-73.95249,"(40.699516, -73.95249)"
3097,40.80124,-73.94183,"(40.80124, -73.94183)"
3098,40.758633,-73.96579,"(40.758633, -73.96579)"
3099,40.66357,-73.95619,"(40.66357, -73.95619)"
3100,40.70075,-73.98599,"(40.70075, -73.98599)"
3101,40.768024,-73.91912,"(40.768024, -73.91912)"
3102,40.83778,-73.94403,"(40.83778, -73.94403)"
3103,40.860264,-73.90164,"(40.860264, -73.90164)"
3104,40.824066,-73.908714,"(40.824066, -73.908714)"
3106,40.769848,-73.98432,"(40.769848, -73.98432)"
3107,40.84543,-73.91399,"(40.84543, -73.91399)"
3108,40.639786,-73.89358,"(40.639786, -73.89358)"
3109,40.781662,-73.833664,"(40.781662, -73.833664)"
3110,40.689686,-73.89029,"(40.689686, -73.89029)"
3111,40.873657,-73.89838,"(40.873657, -73.89838)"
3112,40.757942,-73.97133,"(40.757942, -73.97133)"
3113,40.72235,-73.99327,"(40.72235, -73.99327)"
3114,40.667286,-73.88261,"(40.667286, -73.88261)"
3115,40.762253,-73.84216,"(40.762253, -73.84216)"
3116,40.68541,-73.84062,"(40.68541, -73.84062)"
3117,40.71719,-73.81898,"(40.71719, -73.81898)"
3118,40.745167,-73.82139,"(40.745167, -73.82139)"
3119,40.73195,-73.863434,"(40.73195, -73.863434)"
3120,40.74802,-73.76777,"(40.74802, -73.76777)"
3122,40.758167,-73.85676,"(40.758167, -73.85676)"
3123,40.616695,-74.013626,"(40.616695, -74.013626)"
3124,40.69986,-73.92829,"(40.69986, -73.92829)"
3125,40.78739,-73.938225,"(40.78739, -73.938225)"
3126,40.730957,-73.85626,"(40.730957, -73.85626)"
3127,40.781837,-73.979294,"(40.781837, -73.979294)"
3128,40.707047,-74.0092,"(40.707047, -74.0092)"
3129,40.624878,-73.96418,"(40.624878, -73.96418)"
3130,40.77048,-73.983864,"(40.77048, -73.983864)"
3131,40.672535,-73.88274,"(40.672535, -73.88274)"
3132,40.608746,-73.95829,"(40.608746, -73.95829)"
3133,40.750282,-73.74097,"(40.750282, -73.74097)"
3134,40.70052,-74.01551,"(40.70052, -74.01551)"
3135,40.598526,-73.95919,"(40.598526, -73.95919)"
3136,40.80578,-73.877304,"(40.80578, -73.877304)"
3137,40.719025,-73.90822,"(40.719025, -73.90822)"
3138,40.76739,-73.83297,"(40.76739, -73.83297)"
3139,40.668648,-73.92835,"(40.668648, -73.92835)"
3140,40.737537,-73.929955,"(40.737537, -73.929955)"
3141,40.604977,-73.754425,"(40.604977, -73.754425)"
3142,40.86476,-73.926025,"(40.86476, -73.926025)"
3143,40.78169,-73.94897,"(40.78169, -73.94897)"
3144,40.764053,-73.96185,"(40.764053, -73.96185)"
3145,40.803123,-73.94045,"(40.803123, -73.94045)"
3146,40.678394,-73.94692,"(40.678394, -73.94692)"
3147,40.594044,-73.78914,"(40.594044, -73.78914)"
3148,40.727585,-73.88781,"(40.727585, -73.88781)"
3149,40.753128,-73.99649,"(40.753128, -73.99649)"
3150,40.59147,-73.94216,"(40.59147, -73.94216)"
3151,40.67562,-73.88826,"(40.67562, -73.88826)"
3152,40.816532,-73.92822,"(40.816532, -73.92822)"
3153,40.778275,-73.906075,"(40.778275, -73.906075)"
3154,40.828903,-73.925316,"(40.828903, -73.925316)"
3155,40.647934,-73.954216,"(40.647934, -73.954216)"
3156,40.811733,-73.9267,"(40.811733, -73.9267)"
3157,40.87647,-73.87058,"(40.87647, -73.87058)"
3158,40.847324,-73.90375,"(40.847324, -73.90375)"
3159,40.775898,-73.95509,"(40.775898, -73.95509)"
3160,40.760315,-73.72171,"(40.760315, -73.72171)"
3161,40.740025,-73.786316,"(40.740025, -73.786316)"
3162,40.71084,-73.78253,"(40.71084, -73.78253)"
3163,40.83018,-73.83265,"(40.83018, -73.83265)"
3164,40.877068,-73.906105,"(40.877068, -73.906105)"
3165,40.62508,-73.962326,"(40.62508, -73.962326)"
3166,40.68444,-73.97772,"(40.68444, -73.97772)"
3167,40.80723,-73.92055,"(40.80723, -73.92055)"
3169,40.83661,-73.92234,"(40.83661, -73.92234)"
3170,40.523136,-74.21625,"(40.523136, -74.21625)"
3171,40.54966,-74.17469,"(40.54966, -74.17469)"
3172,40.710876,-74.01439,"(40.710876, -74.01439)"
3173,40.674255,-73.89749,"(40.674255, -73.89749)"
3174,40.82314,-73.938644,"(40.82314, -73.938644)"
3175,40.897266,-73.84249,"(40.897266, -73.84249)"
3176,40.66895,-73.9339,"(40.66895, -73.9339)"
3177,40.649895,-73.90762,"(40.649895, -73.90762)"
3178,40.692635,-73.94288,"(40.692635, -73.94288)"
3179,40.878853,-73.87349,"(40.878853, -73.87349)"
3180,40.641785,-73.93515,"(40.641785, -73.93515)"
3181,40.634304,-74.02287,"(40.634304, -74.02287)"
3182,40.762127,-73.99739,"(40.762127, -73.99739)"
3183,40.716667,-73.96114,"(40.716667, -73.96114)"
3184,40.721523,-73.941795,"(40.721523, -73.941795)"
3185,40.70811,-73.96103,"(40.70811, -73.96103)"
3186,40.623238,-74.03117,"(40.623238, -74.03117)"
3187,40.794052,-73.970375,"(40.794052, -73.970375)"
3188,40.79911,-73.96856,"(40.79911, -73.96856)"
3189,40.746616,-73.99382,"(40.746616, -73.99382)"
3190,40.62854,-73.95304,"(40.62854, -73.95304)"
3191,40.817593,-73.95319,"(40.817593, -73.95319)"
3192,40.832695,-73.94972,"(40.832695, -73.94972)"
3193,40.66743,-73.74474,"(40.66743, -73.74474)"
3194,40.648148,-74.01083,"(40.648148, -74.01083)"
3195,40.704494,-73.81743,"(40.704494, -73.81743)"
3196,40.768875,-73.94898,"(40.768875, -73.94898)"
3197,40.764584,-73.7305,"(40.764584, -73.7305)"
3198,40.717724,-73.98579,"(40.717724, -73.98579)"
3199,40.74345,-73.9882,"(40.74345, -73.9882)"
3200,40.71867,-73.807434,"(40.71867, -73.807434)"
3201,40.651264,-74.003914,"(40.651264, -74.003914)"
3202,40.599037,-73.95452,"(40.599037, -73.95452)"
3203,40.678722,-73.952995,"(40.678722, -73.952995)"
3204,40.664856,-73.88023,"(40.664856, -73.88023)"
3205,40.83516,-73.94561,"(40.83516, -73.94561)"
3206,40.70657,-73.75464,"(40.70657, -73.75464)"
3207,40.848057,-73.844864,"(40.848057, -73.844864)"
3209,40.666878,-73.94522,"(40.666878, -73.94522)"
3210,40.586346,-73.93144,"(40.586346, -73.93144)"
3211,40.72106,-73.75945,"(40.72106, -73.75945)"
3212,40.694675,-73.73228,"(40.694675, -73.73228)"
3213,40.6758,-73.733604,"(40.6758, -73.733604)"
3214,40.666393,-73.75177,"(40.666393, -73.75177)"
3215,40.739067,-73.89588,"(40.739067, -73.89588)"
3216,40.590397,-73.9519,"(40.590397, -73.9519)"
3217,40.7266,-73.93066,"(40.7266, -73.93066)"
3218,40.692497,-73.87954,"(40.692497, -73.87954)"
3219,40.724255,-73.89182,"(40.724255, -73.89182)"
3220,40.757748,-73.97146,"(40.757748, -73.97146)"
3221,40.644444,-73.91326,"(40.644444, -73.91326)"
3222,40.69454,-73.9309,"(40.69454, -73.9309)"
3223,40.67611,-73.905594,"(40.67611, -73.905594)"
3224,40.669518,-73.89424,"(40.669518, -73.89424)"
3225,40.677654,-73.82866,"(40.677654, -73.82866)"
3226,40.750397,-73.83514,"(40.750397, -73.83514)"
3227,40.64404,-73.877525,"(40.64404, -73.877525)"
3228,40.798256,-73.92402,"(40.798256, -73.92402)"
3229,40.849686,-73.88721,"(40.849686, -73.88721)"
3230,40.781277,-73.80325,"(40.781277, -73.80325)"
3231,40.712864,-73.9693,"(40.712864, -73.9693)"
3232,40.896687,-73.84511,"(40.896687, -73.84511)"
3233,40.65971,-73.76364,"(40.65971, -73.76364)"
3234,40.764603,-73.819305,"(40.764603, -73.819305)"
3235,40.73426,-73.862595,"(40.73426, -73.862595)"
3236,40.67239,-73.87463,"(40.67239, -73.87463)"
3237,40.74143,-73.94794,"(40.74143, -73.94794)"
3238,40.736248,-73.98212,"(40.736248, -73.98212)"
3239,40.639008,-74.07729,"(40.639008, -74.07729)"
3240,40.58735,-73.81937,"(40.58735, -73.81937)"
3241,40.778652,-73.91074,"(40.778652, -73.91074)"
3242,40.68798,-73.9678,"(40.68798, -73.9678)"
3243,40.608303,-73.91331,"(40.608303, -73.91331)"
3244,40.789307,-73.943405,"(40.789307, -73.943405)"
3245,40.727043,-73.87304,"(40.727043, -73.87304)"
3246,40.708076,-73.79257,"(40.708076, -73.79257)"
3247,40.73444,-74.00619,"(40.73444, -74.00619)"
3249,40.756294,-73.940216,"(40.756294, -73.940216)"
3250,40.667736,-73.75442,"(40.667736, -73.75442)"
3251,40.803593,-73.919785,"(40.803593, -73.919785)"
3252,40.745396,-73.71824,"(40.745396, -73.71824)"
3253,40.82733,-73.8498,"(40.82733, -73.8498)"
3254,40.73695,-73.93131,"(40.73695, -73.93131)"
3255,40.74706,-73.88944,"(40.74706, -73.88944)"
3256,40.635185,-73.92862,"(40.635185, -73.92862)"
3257,40.89664,-73.87049,"(40.89664, -73.87049)"
3258,40.754726,-73.97788,"(40.754726, -73.97788)"
3259,40.788795,-73.93755,"(40.788795, -73.93755)"
3260,40.76931,-73.98905,"(40.76931, -73.98905)"
3261,40.734737,-73.87227,"(40.734737, -73.87227)"
3262,40.748177,-73.970375,"(40.748177, -73.970375)"
3263,40.610504,-73.95767,"(40.610504, -73.95767)"
3264,40.764378,-73.81007,"(40.764378, -73.81007)"
3265,40.712063,-73.80633,"(40.712063, -73.80633)"
3267,40.809628,-73.890045,"(40.809628, -73.890045)"
3268,40.626053,-74.177956,"(40.626053, -74.177956)"
3269,40.722187,-73.95307,"(40.722187, -73.95307)"
3270,40.73066,-73.983086,"(40.73066, -73.983086)"
3271,40.659912,-73.998604,"(40.659912, -73.998604)"
3272,40.725006,-73.8792,"(40.725006, -73.8792)"
3273,40.679737,-73.76162,"(40.679737, -73.76162)"
3274,40.69843,-73.83893,"(40.69843, -73.83893)"
3276,40.789204,-73.95483,"(40.789204, -73.95483)"
3277,40.750095,-73.81855,"(40.750095, -73.81855)"
3278,40.835308,-73.94398,"(40.835308, -73.94398)"
3280,40.607666,-74.0336,"(40.607666, -74.0336)"
3281,40.697147,-73.9976,"(40.697147, -73.9976)"
3282,40.70088,-73.72996,"(40.70088, -73.72996)"
3283,40.794468,-73.93964,"(40.794468, -73.93964)"
3284,40.68255,-73.97637,"(40.68255, -73.97637)"
3285,40.86155,-73.92472,"(40.86155, -73.92472)"
3286,40.820095,-73.955086,"(40.820095, -73.955086)"
3287,40.870586,-73.86909,"(40.870586, -73.86909)"
3288,40.710175,-74.001144,"(40.710175, -74.001144)"
3289,40.6094,-73.967674,"(40.6094, -73.967674)"
3290,40.69003,-73.93048,"(40.69003, -73.93048)"
3291,40.602573,-73.94332,"(40.602573, -73.94332)"
3292,40.709225,-73.843155,"(40.709225, -73.843155)"
3293,40.73421,-73.71252,"(40.73421, -73.71252)"
3294,40.59487,-73.95056,"(40.59487, -73.95056)"
3295,40.754707,-73.99164,"(40.754707, -73.99164)"
3296,40.722584,-73.98754,"(40.722584, -73.98754)"
3297,40.719975,-73.82609,"(40.719975, -73.82609)"
3298,40.621433,-73.987854,"(40.621433, -73.987854)"
3299,40.656826,-73.90357,"(40.656826, -73.90357)"
3300,40.78214,-73.824844,"(40.78214, -73.824844)"
3301,40.774807,-73.98442,"(40.774807, -73.98442)"
3302,40.7302,-73.95413,"(40.7302, -73.95413)"
3303,40.608063,-74.14648,"(40.608063, -74.14648)"
3304,40.754375,-73.8234,"(40.754375, -73.8234)"
3305,40.646187,-73.904655,"(40.646187, -73.904655)"
3306,40.76736,-73.9371,"(40.76736, -73.9371)"
3307,40.75081,-73.98285,"(40.75081, -73.98285)"
3308,40.763897,-73.95323,"(40.763897, -73.95323)"
3309,40.68659,-74.00842,"(40.68659, -74.00842)"
3310,40.76379,-73.914795,"(40.76379, -73.914795)"
3311,40.733425,-73.97447,"(40.733425, -73.97447)"
3312,40.591133,-73.94984,"(40.591133, -73.94984)"
3313,40.733685,-73.92396,"(40.733685, -73.92396)"
3314,40.599144,-73.95356,"(40.599144, -73.95356)"
3315,40.74947,-73.7564,"(40.74947, -73.7564)"
3316,40.69979,-73.950096,"(40.69979, -73.950096)"
3317,40.605743,-73.898674,"(40.605743, -73.898674)"
3318,40.720837,-73.997665,"(40.720837, -73.997665)"
3319,40.723175,-73.9894,"(40.723175, -73.9894)"
3320,40.626663,-74.07565,"(40.626663, -74.07565)"
3321,40.673615,-73.89734,"(40.673615, -73.89734)"
3322,40.640884,-73.94949,"(40.640884, -73.94949)"
3323,40.888596,-73.89068,"(40.888596, -73.89068)"
3324,40.669857,-73.95051,"(40.669857, -73.95051)"
3325,40.893913,-73.85898,"(40.893913, -73.85898)"
3326,40.708447,-73.800224,"(40.708447, -73.800224)"
3327,40.597317,-73.75427,"(40.597317, -73.75427)"
3328,40.82325,-73.88277,"(40.82325, -73.88277)"
3329,40.83127,-73.90075,"(40.83127, -73.90075)"
3330,40.661804,-73.920906,"(40.661804, -73.920906)"
3331,40.704422,-73.99491,"(40.704422, -73.99491)"
3332,40.60275,-73.96392,"(40.60275, -73.96392)"
3333,40.720573,-73.98716,"(40.720573, -73.98716)"
3334,40.82403,-73.94476,"(40.82403, -73.94476)"
3335,40.762962,-73.97188,"(40.762962, -73.97188)"
3336,40.84341,-73.91187,"(40.84341, -73.91187)"
3337,40.672234,-73.88471,"(40.672234, -73.88471)"
3338,40.79522,-73.921524,"(40.79522, -73.921524)"
3339,40.81889,-73.89609,"(40.81889, -73.89609)"
3340,40.714165,-74.00632,"(40.714165, -74.00632)"
3341,40.726067,-73.9089,"(40.726067, -73.9089)"
3342,40.594646,-73.956566,"(40.594646, -73.956566)"
3343,40.725212,-73.98898,"(40.725212, -73.98898)"
3344,40.763588,-73.83603,"(40.763588, -73.83603)"
3345,40.820824,-73.91562,"(40.820824, -73.91562)"
3346,40.60181,-74.120605,"(40.60181, -74.120605)"
3347,40.788948,-73.94057,"(40.788948, -73.94057)"
3348,40.688694,-73.86136,"(40.688694, -73.86136)"
3349,40.685894,-73.94682,"(40.685894, -73.94682)"
3350,40.818058,-73.888855,"(40.818058, -73.888855)"
3351,40.737156,-73.87941,"(40.737156, -73.87941)"
3352,40.829586,-73.93211,"(40.829586, -73.93211)"
3353,40.826275,-73.85971,"(40.826275, -73.85971)"
3355,40.728992,-73.95067,"(40.728992, -73.95067)"
3357,40.547474,-74.17851,"(40.547474, -74.17851)"
3358,40.674,-74.000275,"(40.674, -74.000275)"
3359,40.85349,-73.855965,"(40.85349, -73.855965)"
3361,40.682644,-73.97175,"(40.682644, -73.97175)"
3362,40.847992,-73.86026,"(40.847992, -73.86026)"
3363,40.665474,-73.74751,"(40.665474, -73.74751)"
3364,40.740665,-74.00681,"(40.740665, -74.00681)"
3365,40.742676,-73.73361,"(40.742676, -73.73361)"
3366,40.71699,-73.82402,"(40.71699, -73.82402)"
3367,40.606453,-73.76096,"(40.606453, -73.76096)"
3369,40.84506,-73.91309,"(40.84506, -73.91309)"
3370,40.79403,-73.97631,"(40.79403, -73.97631)"
3371,40.596954,-74.07868,"(40.596954, -74.07868)"
3372,40.68969,-73.933395,"(40.68969, -73.933395)"
3373,40.776237,-73.95587,"(40.776237, -73.95587)"
3374,40.879387,-73.881996,"(40.879387, -73.881996)"
3375,40.69073,-73.81523,"(40.69073, -73.81523)"
3376,40.76527,-73.95213,"(40.76527, -73.95213)"
3377,40.80484,-73.912796,"(40.80484, -73.912796)"
3378,40.75545,-73.962105,"(40.75545, -73.962105)"
3379,40.67731,-73.89913,"(40.67731, -73.89913)"
3380,40.771694,-73.95919,"(40.771694, -73.95919)"
3381,40.610256,-74.0973,"(40.610256, -74.0973)"
3382,40.836155,-73.87179,"(40.836155, -73.87179)"
3383,40.716656,-73.79504,"(40.716656, -73.79504)"
3384,40.72106,-73.75945,"(40.72106, -73.75945)"
3385,40.674557,-73.859604,"(40.674557, -73.859604)"
3386,40.71001,-73.79474,"(40.71001, -73.79474)"
3387,40.67619,-73.9081,"(40.67619, -73.9081)"
3388,40.750603,-73.939445,"(40.750603, -73.939445)"
3389,40.681606,-73.95578,"(40.681606, -73.95578)"
3390,40.744892,-73.77022,"(40.744892, -73.77022)"
3391,40.734806,-73.9882,"(40.734806, -73.9882)"
3392,40.63962,-73.95477,"(40.63962, -73.95477)"
3393,40.683647,-73.87219,"(40.683647, -73.87219)"
3394,40.681503,-73.974236,"(40.681503, -73.974236)"
3395,40.756035,-73.98695,"(40.756035, -73.98695)"
3396,40.685097,-73.96825,"(40.685097, -73.96825)"
3397,40.675682,-74.00119,"(40.675682, -74.00119)"
3398,40.71507,-73.91327,"(40.71507, -73.91327)"
3399,40.5377,-74.15002,"(40.5377, -74.15002)"
3400,40.73195,-73.863434,"(40.73195, -73.863434)"
3401,40.753082,-73.72459,"(40.753082, -73.72459)"
3402,40.85366,-73.86774,"(40.85366, -73.86774)"
3403,40.715473,-73.95185,"(40.715473, -73.95185)"
3404,0.0,0.0,"(0.0, 0.0)"
3405,40.689026,-73.97003,"(40.689026, -73.97003)"
3406,40.800552,-73.958206,"(40.800552, -73.958206)"
3407,40.70003,-73.78873,"(40.70003, -73.78873)"
3408,40.852337,-73.86393,"(40.852337, -73.86393)"
3409,40.630547,-73.99679,"(40.630547, -73.99679)"
3411,40.819126,-73.88579,"(40.819126, -73.88579)"
3412,40.668472,-73.89603,"(40.668472, -73.89603)"
3413,40.75828,-73.957825,"(40.75828, -73.957825)"
3414,40.743782,-73.97352,"(40.743782, -73.97352)"
3415,40.70099,-73.94239,"(40.70099, -73.94239)"
3416,40.57494,-74.10527,"(40.57494, -74.10527)"
3417,40.765224,-73.9317,"(40.765224, -73.9317)"
3418,40.635494,-74.00196,"(40.635494, -74.00196)"
3419,40.840874,-73.91979,"(40.840874, -73.91979)"
3421,40.681805,-73.88034,"(40.681805, -73.88034)"
3422,40.84758,-73.923195,"(40.84758, -73.923195)"
3423,40.713642,-73.80694,"(40.713642, -73.80694)"
3424,40.7019,-73.92782,"(40.7019, -73.92782)"
3425,40.845078,-73.91111,"(40.845078, -73.91111)"
3426,40.71808,-73.94781,"(40.71808, -73.94781)"
3427,40.84883,-73.94017,"(40.84883, -73.94017)"
3428,40.71935,-73.84263,"(40.71935, -73.84263)"
3430,40.748093,-73.99351,"(40.748093, -73.99351)"
3431,40.740692,-73.84418,"(40.740692, -73.84418)"
3432,40.880623,-73.84047,"(40.880623, -73.84047)"
3433,40.8095,-73.93583,"(40.8095, -73.93583)"
3435,40.681473,-73.72776,"(40.681473, -73.72776)"
3436,40.684742,-73.86081,"(40.684742, -73.86081)"
3437,40.841,-73.82207,"(40.841, -73.82207)"
3439,40.73648,-73.874275,"(40.73648, -73.874275)"
3440,40.684456,-73.85966,"(40.684456, -73.85966)"
3441,40.667835,-73.89484,"(40.667835, -73.89484)"
3442,40.83942,-73.872925,"(40.83942, -73.872925)"
3443,40.65456,-73.83581,"(40.65456, -73.83581)"
3444,40.576504,-74.1037,"(40.576504, -74.1037)"
3445,40.66737,-73.996414,"(40.66737, -73.996414)"
3446,40.70321,-73.94626,"(40.70321, -73.94626)"
3447,40.822018,-73.95368,"(40.822018, -73.95368)"
3449,40.754604,-73.92696,"(40.754604, -73.92696)"
3450,40.838474,-73.94375,"(40.838474, -73.94375)"
3451,40.672314,-73.893036,"(40.672314, -73.893036)"
3452,40.661835,-73.89311,"(40.661835, -73.89311)"
3454,40.706657,-74.015915,"(40.706657, -74.015915)"
3455,40.690163,-73.98711,"(40.690163, -73.98711)"
3456,40.764,-73.9902,"(40.764, -73.9902)"
3457,40.700768,-73.990944,"(40.700768, -73.990944)"
3458,40.636494,-73.98701,"(40.636494, -73.98701)"
3459,40.778603,-73.846115,"(40.778603, -73.846115)"
3460,40.802486,-73.95679,"(40.802486, -73.95679)"
3461,40.66632,-73.83481,"(40.66632, -73.83481)"
3462,40.731052,-73.952736,"(40.731052, -73.952736)"
3463,40.60322,-74.07493,"(40.60322, -74.07493)"
3465,40.74273,-73.77943,"(40.74273, -73.77943)"
3466,40.82721,-73.9207,"(40.82721, -73.9207)"
3467,40.617104,-73.946075,"(40.617104, -73.946075)"
3469,40.8689,-73.88158,"(40.8689, -73.88158)"
3470,40.75035,-73.81885,"(40.75035, -73.81885)"
3471,40.69814,-73.85274,"(40.69814, -73.85274)"
3472,40.63021,-74.00431,"(40.63021, -74.00431)"
3473,40.516457,-74.196884,"(40.516457, -74.196884)"
3474,40.77039,-73.954124,"(40.77039, -73.954124)"
3475,40.877075,-73.83845,"(40.877075, -73.83845)"
3476,40.87977,-73.879944,"(40.87977, -73.879944)"
3477,40.84294,-73.83871,"(40.84294, -73.83871)"
3478,40.735588,-73.89396,"(40.735588, -73.89396)"
3479,40.59907,-73.90498,"(40.59907, -73.90498)"
3480,40.780064,-73.94705,"(40.780064, -73.94705)"
3481,40.65743,-73.9451,"(40.65743, -73.9451)"
3482,40.605568,-74.03118,"(40.605568, -74.03118)"
3483,40.660973,-73.7658,"(40.660973, -73.7658)"
3484,40.600346,-73.99577,"(40.600346, -73.99577)"
3485,40.59582,-73.98373,"(40.59582, -73.98373)"
3487,40.749825,-73.972206,"(40.749825, -73.972206)"
3488,40.67979,-73.98295,"(40.67979, -73.98295)"
3489,40.62316,-74.02981,"(40.62316, -74.02981)"
3490,40.563557,-74.10304,"(40.563557, -74.10304)"
3491,40.73419,-73.78355,"(40.73419, -73.78355)"
3492,40.73652,-73.8701,"(40.73652, -73.8701)"
3493,40.733536,-73.87035,"(40.733536, -73.87035)"
3494,40.72586,-73.89116,"(40.72586, -73.89116)"
3495,40.769222,-73.967316,"(40.769222, -73.967316)"
3496,40.862747,-73.90494,"(40.862747, -73.90494)"
3497,40.747734,-73.883,"(40.747734, -73.883)"
3498,40.736477,-73.9975,"(40.736477, -73.9975)"
3499,40.692802,-73.815994,"(40.692802, -73.815994)"
3500,40.677025,-73.95268,"(40.677025, -73.95268)"
3501,40.72103,-73.904106,"(40.72103, -73.904106)"
3502,40.761856,-73.96343,"(40.761856, -73.96343)"
3503,40.8018,-73.96108,"(40.8018, -73.96108)"
3504,40.750294,-73.99485,"(40.750294, -73.99485)"
3505,40.571583,-74.10864,"(40.571583, -74.10864)"
3506,40.79715,-73.97366,"(40.79715, -73.97366)"
3507,40.70162,-74.01196,"(40.70162, -74.01196)"
3509,40.78519,-73.94934,"(40.78519, -73.94934)"
3510,40.77224,-73.92744,"(40.77224, -73.92744)"
3511,40.737118,-73.84518,"(40.737118, -73.84518)"
3512,40.821785,-73.807686,"(40.821785, -73.807686)"
3513,40.630806,-73.92331,"(40.630806, -73.92331)"
3514,40.591022,-73.949844,"(40.591022, -73.949844)"
3515,40.723194,-73.9473,"(40.723194, -73.9473)"
3516,40.880337,-73.83824,"(40.880337, -73.83824)"
3517,40.720234,-73.98448,"(40.720234, -73.98448)"
3518,40.844105,-73.898,"(40.844105, -73.898)"
3519,40.674896,-73.80745,"(40.674896, -73.80745)"
3520,40.804695,-73.92239,"(40.804695, -73.92239)"
3521,40.691498,-73.91657,"(40.691498, -73.91657)"
3522,40.755516,-73.98363,"(40.755516, -73.98363)"
3523,40.759476,-73.86602,"(40.759476, -73.86602)"
3524,40.62584,-74.00294,"(40.62584, -74.00294)"
3525,40.685184,-73.920456,"(40.685184, -73.920456)"
3526,40.64647,-74.01258,"(40.64647, -74.01258)"
3527,40.622955,-73.93723,"(40.622955, -73.93723)"
3528,40.733055,-73.981255,"(40.733055, -73.981255)"
3529,40.659092,-73.74029,"(40.659092, -73.74029)"
3530,40.677822,-73.91636,"(40.677822, -73.91636)"
3531,40.811108,-73.92734,"(40.811108, -73.92734)"
3532,40.724754,-73.89859,"(40.724754, -73.89859)"
3533,40.75829,-73.83431,"(40.75829, -73.83431)"
3534,40.689434,-73.92195,"(40.689434, -73.92195)"
3535,40.751747,-73.97081,"(40.751747, -73.97081)"
3536,40.85566,-73.85546,"(40.85566, -73.85546)"
3537,40.65153,-73.96303,"(40.65153, -73.96303)"
3538,40.677666,-73.97645,"(40.677666, -73.97645)"
3539,40.624912,-74.146706,"(40.624912, -74.146706)"
3542,40.65621,-73.914665,"(40.65621, -73.914665)"
3543,40.776604,-73.94663,"(40.776604, -73.94663)"
3544,40.66612,-73.82225,"(40.66612, -73.82225)"
3546,40.683804,-73.91283,"(40.683804, -73.91283)"
3547,40.75831,-73.96294,"(40.75831, -73.96294)"
3548,40.586346,-73.93144,"(40.586346, -73.93144)"
3549,40.75533,-73.99119,"(40.75533, -73.99119)"
3550,40.62179,-73.970024,"(40.62179, -73.970024)"
3551,40.73136,-73.98257,"(40.73136, -73.98257)"
3552,40.69212,-73.98435,"(40.69212, -73.98435)"
3553,40.74561,-73.84785,"(40.74561, -73.84785)"
3554,40.737785,-73.93496,"(40.737785, -73.93496)"
3555,40.69125,-73.85087,"(40.69125, -73.85087)"
3556,40.68037,-73.98654,"(40.68037, -73.98654)"
3557,40.826427,-73.950455,"(40.826427, -73.950455)"
3558,40.771038,-73.83413,"(40.771038, -73.83413)"
3559,40.751884,-73.88376,"(40.751884, -73.88376)"
3560,40.769222,-73.92221,"(40.769222, -73.92221)"
3561,40.77234,-73.95269,"(40.77234, -73.95269)"
3562,40.740875,-73.89962,"(40.740875, -73.89962)"
3563,40.863186,-73.901955,"(40.863186, -73.901955)"
3564,40.82644,-73.87676,"(40.82644, -73.87676)"
3565,40.757874,-73.788506,"(40.757874, -73.788506)"
3567,40.65569,-73.84004,"(40.65569, -73.84004)"
3568,40.747894,-73.989174,"(40.747894, -73.989174)"
3569,40.756424,-73.76749,"(40.756424, -73.76749)"
3570,40.671978,-73.990616,"(40.671978, -73.990616)"
3571,40.66879,-73.88839,"(40.66879, -73.88839)"
3572,40.848362,-73.86252,"(40.848362, -73.86252)"
3573,40.825283,-73.88648,"(40.825283, -73.88648)"
3574,40.82255,-73.88573,"(40.82255, -73.88573)"
3575,40.643574,-73.98674,"(40.643574, -73.98674)"
3576,40.849236,-73.86279,"(40.849236, -73.86279)"
3577,40.80578,-73.877304,"(40.80578, -73.877304)"
3578,40.769096,-73.833664,"(40.769096, -73.833664)"
3579,40.79993,-73.940674,"(40.79993, -73.940674)"
3580,40.731247,-73.782135,"(40.731247, -73.782135)"
3581,40.70745,-74.011955,"(40.70745, -74.011955)"
3584,40.627632,-73.93652,"(40.627632, -73.93652)"
3585,40.72262,-73.901535,"(40.72262, -73.901535)"
3586,40.69613,-73.987114,"(40.69613, -73.987114)"
3587,40.661907,-73.99284,"(40.661907, -73.99284)"
3588,40.608253,-73.74925,"(40.608253, -73.74925)"
3589,40.715763,-73.74654,"(40.715763, -73.74654)"
3590,40.85245,-73.931694,"(40.85245, -73.931694)"
3591,40.615917,-73.986496,"(40.615917, -73.986496)"
3592,40.706367,-73.925354,"(40.706367, -73.925354)"
3593,40.717834,-73.95773,"(40.717834, -73.95773)"
3594,40.70333,-73.8638,"(40.70333, -73.8638)"
3595,40.70908,-73.9575,"(40.70908, -73.9575)"
3596,40.722775,-73.98524,"(40.722775, -73.98524)"
3597,40.7549,-73.74548,"(40.7549, -73.74548)"
3598,40.68322,-73.854706,"(40.68322, -73.854706)"
3599,40.71572,-73.825745,"(40.71572, -73.825745)"
3600,40.73433,-73.873215,"(40.73433, -73.873215)"
3601,40.830563,-73.92727,"(40.830563, -73.92727)"
3602,40.688293,-73.83186,"(40.688293, -73.83186)"
3603,40.674953,-73.80205,"(40.674953, -73.80205)"
3604,40.791733,-73.84792,"(40.791733, -73.84792)"
3605,40.853115,-73.89759,"(40.853115, -73.89759)"
3606,40.58847,-74.09039,"(40.58847, -74.09039)"
3607,40.75548,-73.74173,"(40.75548, -73.74173)"
3608,40.721676,-73.835976,"(40.721676, -73.835976)"
3609,40.601734,-73.935036,"(40.601734, -73.935036)"
3610,40.86224,-73.83096,"(40.86224, -73.83096)"
3611,40.59791,-74.08361,"(40.59791, -74.08361)"
3612,40.596294,-73.74821,"(40.596294, -73.74821)"
3613,40.764614,-73.95833,"(40.764614, -73.95833)"
3614,40.86451,-73.83494,"(40.86451, -73.83494)"
3615,40.694344,-73.74428,"(40.694344, -73.74428)"
3616,40.744644,-73.77041,"(40.744644, -73.77041)"
3617,40.708763,-73.998116,"(40.708763, -73.998116)"
3618,40.696205,-73.96159,"(40.696205, -73.96159)"
3619,40.780693,-73.9466,"(40.780693, -73.9466)"
3620,40.668606,-73.78168,"(40.668606, -73.78168)"
3621,40.757797,-73.899765,"(40.757797, -73.899765)"
3622,40.74766,-73.86346,"(40.74766, -73.86346)"
3623,40.637653,-73.899315,"(40.637653, -73.899315)"
3624,40.676884,-73.91923,"(40.676884, -73.91923)"
3625,40.5415,-74.16254,"(40.5415, -74.16254)"
3626,40.667076,-73.78266,"(40.667076, -73.78266)"
3627,40.60645,-74.08733,"(40.60645, -74.08733)"
3628,40.667095,-73.92276,"(40.667095, -73.92276)"
3629,40.672558,-73.99883,"(40.672558, -73.99883)"
3630,40.642033,-74.07536,"(40.642033, -74.07536)"
3631,40.70543,-73.87769,"(40.70543, -73.87769)"
3632,40.603687,-73.976906,"(40.603687, -73.976906)"
3633,40.7137,-74.01022,"(40.7137, -74.01022)"
3634,40.563446,-74.169754,"(40.563446, -74.169754)"
3635,40.74357,-73.992325,"(40.74357, -73.992325)"
3636,40.629078,-73.89703,"(40.629078, -73.89703)"
3637,40.722095,-73.77772,"(40.722095, -73.77772)"
3638,40.58938,-73.81556,"(40.58938, -73.81556)"
3639,40.662556,-73.91963,"(40.662556, -73.91963)"
3640,40.641186,-74.014404,"(40.641186, -74.014404)"
3641,40.750206,-74.00234,"(40.750206, -74.00234)"
3642,40.748466,-73.99247,"(40.748466, -73.99247)"
3643,40.70395,-73.745316,"(40.70395, -73.745316)"
3644,40.626457,-73.918,"(40.626457, -73.918)"
3645,40.579247,-74.16917,"(40.579247, -74.16917)"
3646,40.679203,-73.97172,"(40.679203, -73.97172)"
3647,40.664627,-73.84992,"(40.664627, -73.84992)"
3648,40.75757,-73.77668,"(40.75757, -73.77668)"
3649,40.677437,-73.99648,"(40.677437, -73.99648)"
3650,40.59728,-73.76687,"(40.59728, -73.76687)"
3651,40.842094,-73.84836,"(40.842094, -73.84836)"
3652,40.845566,-73.92849,"(40.845566, -73.92849)"
3653,40.675682,-74.00119,"(40.675682, -74.00119)"
3654,40.667084,-73.810196,"(40.667084, -73.810196)"
3655,40.844685,-73.9408,"(40.844685, -73.9408)"
3656,40.744354,-73.97485,"(40.744354, -73.97485)"
3657,40.758694,-73.87345,"(40.758694, -73.87345)"
3658,40.846146,-73.841835,"(40.846146, -73.841835)"
3659,40.708485,-74.01518,"(40.708485, -74.01518)"
3660,40.824005,-73.87383,"(40.824005, -73.87383)"
3661,40.689632,-73.82583,"(40.689632, -73.82583)"
3662,40.68629,-73.98527,"(40.68629, -73.98527)"
3663,40.718857,-73.946236,"(40.718857, -73.946236)"
3664,40.86832,-73.83317,"(40.86832, -73.83317)"
3665,40.72143,-73.99362,"(40.72143, -73.99362)"
3666,40.7621,-73.97881,"(40.7621, -73.97881)"
3667,40.63436,-74.11944,"(40.63436, -74.11944)"
3668,40.725796,-73.99762,"(40.725796, -73.99762)"
3669,40.686615,-73.912,"(40.686615, -73.912)"
3670,40.60063,-73.9831,"(40.60063, -73.9831)"
3671,40.64591,-74.01317,"(40.64591, -74.01317)"
3672,40.642776,-74.02003,"(40.642776, -74.02003)"
3673,40.611458,-74.15254,"(40.611458, -74.15254)"
3674,40.713287,-73.87163,"(40.713287, -73.87163)"
3675,40.647346,-74.007996,"(40.647346, -74.007996)"
3676,40.582756,-74.13041,"(40.582756, -74.13041)"
3677,40.794807,-73.94441,"(40.794807, -73.94441)"
3678,40.728634,-73.78293,"(40.728634, -73.78293)"
3679,40.62116,-73.9904,"(40.62116, -73.9904)"
3680,40.683506,-73.97594,"(40.683506, -73.97594)"
3681,40.755302,-73.97536,"(40.755302, -73.97536)"
3682,40.890915,-73.858765,"(40.890915, -73.858765)"
3683,40.743214,-73.95135,"(40.743214, -73.95135)"
3684,40.594917,-74.16765,"(40.594917, -74.16765)"
3685,40.749844,-73.938995,"(40.749844, -73.938995)"
3686,40.84019,-73.94307,"(40.84019, -73.94307)"
3687,40.66095,-73.92906,"(40.66095, -73.92906)"
3688,40.595566,-73.96645,"(40.595566, -73.96645)"
3689,40.728474,-73.85174,"(40.728474, -73.85174)"
3690,40.820824,-73.93966,"(40.820824, -73.93966)"
3691,40.608757,-74.038086,"(40.608757, -74.038086)"
3692,40.644176,-73.912926,"(40.644176, -73.912926)"
3693,40.83874,-73.913765,"(40.83874, -73.913765)"
3694,40.750782,-73.90107,"(40.750782, -73.90107)"
3695,40.584793,-74.16034,"(40.584793, -74.16034)"
3696,40.672985,-73.92592,"(40.672985, -73.92592)"
3697,40.737137,-73.70923,"(40.737137, -73.70923)"
3698,40.767277,-73.959496,"(40.767277, -73.959496)"
3699,40.851322,-73.93984,"(40.851322, -73.93984)"
3700,40.70138,-73.9551,"(40.70138, -73.9551)"
3702,40.680023,-73.794624,"(40.680023, -73.794624)"
3703,40.76294,-73.86067,"(40.76294, -73.86067)"
3704,40.685085,-73.97777,"(40.685085, -73.97777)"
3705,40.7319,-73.9888,"(40.7319, -73.9888)"
3706,40.71423,-73.81485,"(40.71423, -73.81485)"
3707,40.685383,-73.81973,"(40.685383, -73.81973)"
3708,40.85162,-73.82653,"(40.85162, -73.82653)"
3709,40.59703,-74.09337,"(40.59703, -74.09337)"
3710,40.72381,-73.93849,"(40.72381, -73.93849)"
3711,40.703915,-73.94817,"(40.703915, -73.94817)"
3712,40.84497,-73.90247,"(40.84497, -73.90247)"
3713,40.787792,-73.97123,"(40.787792, -73.97123)"
3714,40.75247,-73.8744,"(40.75247, -73.8744)"
3715,40.6681,-73.74089,"(40.6681, -73.74089)"
3716,40.854874,-73.916794,"(40.854874, -73.916794)"
3717,40.651546,-73.95257,"(40.651546, -73.95257)"
3718,40.66163,-73.91516,"(40.66163, -73.91516)"
3719,40.837452,-73.87378,"(40.837452, -73.87378)"
3720,40.74316,-73.82556,"(40.74316, -73.82556)"
3721,40.65621,-73.914665,"(40.65621, -73.914665)"
3722,40.75565,-73.76716,"(40.75565, -73.76716)"
3723,40.670986,-73.984795,"(40.670986, -73.984795)"
3724,40.726185,-73.87022,"(40.726185, -73.87022)"
3725,40.624893,-74.01341,"(40.624893, -74.01341)"
3726,40.6997,-73.922585,"(40.6997, -73.922585)"
3727,40.608757,-74.038086,"(40.608757, -74.038086)"
3728,40.853714,-73.92681,"(40.853714, -73.92681)"
3729,40.64649,-74.08654,"(40.64649, -74.08654)"
3730,40.663754,-73.937164,"(40.663754, -73.937164)"
3731,40.58525,-73.98728,"(40.58525, -73.98728)"
3732,40.719395,-74.00189,"(40.719395, -74.00189)"
3733,40.77077,-73.91727,"(40.77077, -73.91727)"
3734,40.62709,-73.94403,"(40.62709, -73.94403)"
3735,40.731094,-73.98278,"(40.731094, -73.98278)"
3736,40.704147,-73.788284,"(40.704147, -73.788284)"
3737,40.69858,-73.8142,"(40.69858, -73.8142)"
3738,40.541245,-74.15867,"(40.541245, -74.15867)"
3739,40.764416,-73.902916,"(40.764416, -73.902916)"
3740,40.753624,-73.96944,"(40.753624, -73.96944)"
3741,40.730885,-73.9479,"(40.730885, -73.9479)"
3742,40.766853,-73.82736,"(40.766853, -73.82736)"
3743,40.702076,-73.742065,"(40.702076, -73.742065)"
3744,40.608757,-74.038086,"(40.608757, -74.038086)"
3745,40.64594,-73.903206,"(40.64594, -73.903206)"
3747,40.733673,-73.97688,"(40.733673, -73.97688)"
3748,40.60913,-73.95741,"(40.60913, -73.95741)"
3749,40.843994,-73.89752,"(40.843994, -73.89752)"
3750,40.72481,-73.89461,"(40.72481, -73.89461)"
3751,40.690052,-73.99372,"(40.690052, -73.99372)"
3753,40.71282,-73.7832,"(40.71282, -73.7832)"
3754,40.619946,-74.07907,"(40.619946, -74.07907)"
3755,40.615993,-73.99717,"(40.615993, -73.99717)"
3756,40.590706,-74.165794,"(40.590706, -74.165794)"
3757,40.677483,-73.93033,"(40.677483, -73.93033)"
3759,40.651394,-73.75887,"(40.651394, -73.75887)"
3760,40.714485,-73.91412,"(40.714485, -73.91412)"
3761,40.704365,-73.81181,"(40.704365, -73.81181)"
3762,40.65785,-73.91648,"(40.65785, -73.91648)"
3763,40.751846,-73.994705,"(40.751846, -73.994705)"
3764,40.70524,-73.77508,"(40.70524, -73.77508)"
3765,40.768875,-73.94898,"(40.768875, -73.94898)"
3766,40.758366,-73.86765,"(40.758366, -73.86765)"
3767,40.58375,-73.92345,"(40.58375, -73.92345)"
3769,40.601006,-73.766685,"(40.601006, -73.766685)"
3770,40.68114,-73.7812,"(40.68114, -73.7812)"
3771,40.697083,-73.803406,"(40.697083, -73.803406)"
3772,40.709053,-73.96711,"(40.709053, -73.96711)"
3773,40.762665,-73.8876,"(40.762665, -73.8876)"
3774,40.67308,-73.91124,"(40.67308, -73.91124)"
3775,40.64812,-73.89292,"(40.64812, -73.89292)"
3776,40.64507,-73.95803,"(40.64507, -73.95803)"
3777,40.83442,-73.86297,"(40.83442, -73.86297)"
3778,40.82677,-73.856155,"(40.82677, -73.856155)"
3779,40.882374,-73.88642,"(40.882374, -73.88642)"
3781,40.873695,-73.824394,"(40.873695, -73.824394)"
3782,40.66645,-73.75764,"(40.66645, -73.75764)"
3783,40.888313,-73.91312,"(40.888313, -73.91312)"
3784,40.757843,-73.83023,"(40.757843, -73.83023)"
3785,40.832012,-73.940994,"(40.832012, -73.940994)"
3786,40.649082,-73.96399,"(40.649082, -73.96399)"
3787,40.67428,-73.916695,"(40.67428, -73.916695)"
3788,40.79184,-73.823524,"(40.79184, -73.823524)"
3789,40.8122,-73.94226,"(40.8122, -73.94226)"
3790,40.655632,-73.95987,"(40.655632, -73.95987)"
3791,40.70952,-73.95433,"(40.70952, -73.95433)"
3792,40.850857,-73.90765,"(40.850857, -73.90765)"
3793,40.763428,-73.96522,"(40.763428, -73.96522)"
3794,40.659485,-73.918304,"(40.659485, -73.918304)"
3795,40.634354,-73.94202,"(40.634354, -73.94202)"
3796,40.870056,-73.83222,"(40.870056, -73.83222)"
3797,40.78776,-73.79137,"(40.78776, -73.79137)"
3798,40.69279,-73.76522,"(40.69279, -73.76522)"
3799,40.814823,-73.90953,"(40.814823, -73.90953)"
3800,40.520916,-74.235115,"(40.520916, -74.235115)"
3801,40.81846,-73.91489,"(40.81846, -73.91489)"
3802,40.737885,-73.98091,"(40.737885, -73.98091)"
3803,40.624836,-74.136185,"(40.624836, -74.136185)"
3804,40.864227,-73.89578,"(40.864227, -73.89578)"
3805,40.737686,-73.98107,"(40.737686, -73.98107)"
3806,40.761097,-73.76386,"(40.761097, -73.76386)"
3807,40.862713,-73.90299,"(40.862713, -73.90299)"
3808,40.7493,-73.949425,"(40.7493, -73.949425)"
3809,40.67589,-73.87771,"(40.67589, -73.87771)"
3810,40.677174,-73.924774,"(40.677174, -73.924774)"
3811,40.719227,-73.962906,"(40.719227, -73.962906)"
3812,40.73594,-73.85887,"(40.73594, -73.85887)"
3813,40.62149,-74.02622,"(40.62149, -74.02622)"
3814,40.742863,-74.003975,"(40.742863, -74.003975)"
3815,40.753716,-73.987076,"(40.753716, -73.987076)"
3816,40.766884,-73.82396,"(40.766884, -73.82396)"
3817,40.699955,-73.98682,"(40.699955, -73.98682)"
3819,40.66494,-73.99664,"(40.66494, -73.99664)"
3820,40.764988,-73.82067,"(40.764988, -73.82067)"
3821,40.82325,-73.88277,"(40.82325, -73.88277)"
3822,40.76242,-73.82752,"(40.76242, -73.82752)"
3823,40.6796,-73.80349,"(40.6796, -73.80349)"
3825,40.8047,-73.91243,"(40.8047, -73.91243)"
3826,40.71543,-73.99797,"(40.71543, -73.99797)"
3827,40.681656,-73.72783,"(40.681656, -73.72783)"
3828,40.71621,-73.74454,"(40.71621, -73.74454)"
3829,40.763958,-73.82814,"(40.763958, -73.82814)"
3830,40.73204,-73.87034,"(40.73204, -73.87034)"
3831,40.669334,-73.87381,"(40.669334, -73.87381)"
3832,40.80016,-73.946846,"(40.80016, -73.946846)"
3833,40.889008,-73.85642,"(40.889008, -73.85642)"
3834,40.703655,-73.822464,"(40.703655, -73.822464)"
3835,40.767372,-73.950066,"(40.767372, -73.950066)"
3836,40.813175,-73.89845,"(40.813175, -73.89845)"
3837,40.836735,-73.88584,"(40.836735, -73.88584)"
3838,40.620438,-74.1672,"(40.620438, -74.1672)"
3839,40.63759,-73.74077,"(40.63759, -73.74077)"
3840,40.812263,-73.92059,"(40.812263, -73.92059)"
3842,40.66675,-73.779945,"(40.66675, -73.779945)"
3843,40.678226,-73.742386,"(40.678226, -73.742386)"
3844,40.63532,-74.02324,"(40.63532, -74.02324)"
3845,40.74044,-73.9946,"(40.74044, -73.9946)"
3846,40.77873,-73.97784,"(40.77873, -73.97784)"
3847,40.756035,-73.98695,"(40.756035, -73.98695)"
3848,40.663948,-73.91025,"(40.663948, -73.91025)"
3849,40.66077,-73.89551,"(40.66077, -73.89551)"
3850,40.742943,-73.91685,"(40.742943, -73.91685)"
3851,40.596687,-73.74422,"(40.596687, -73.74422)"
3852,40.763424,-73.83016,"(40.763424, -73.83016)"
3853,40.80623,-73.91206,"(40.80623, -73.91206)"
3854,40.825924,-73.85705,"(40.825924, -73.85705)"
3855,40.586117,-73.93604,"(40.586117, -73.93604)"
3856,40.70951,-73.95088,"(40.70951, -73.95088)"
3857,40.656372,-74.009384,"(40.656372, -74.009384)"
3859,40.711845,-73.859764,"(40.711845, -73.859764)"
3860,40.7537,-73.98865,"(40.7537, -73.98865)"
3861,40.687687,-73.792564,"(40.687687, -73.792564)"
3862,40.595036,-73.76017,"(40.595036, -73.76017)"
3863,40.80565,-73.92062,"(40.80565, -73.92062)"
3864,40.697163,-73.78718,"(40.697163, -73.78718)"
3865,40.780296,-73.825325,"(40.780296, -73.825325)"
3866,40.869335,-73.8255,"(40.869335, -73.8255)"
3867,40.845005,-73.90741,"(40.845005, -73.90741)"
3868,40.765675,-73.97624,"(40.765675, -73.97624)"
3869,40.717926,-73.98568,"(40.717926, -73.98568)"
3870,40.776665,-73.78281,"(40.776665, -73.78281)"
3871,40.634617,-74.02353,"(40.634617, -74.02353)"
3872,40.623657,-73.95306,"(40.623657, -73.95306)"
3873,40.623623,-73.986855,"(40.623623, -73.986855)"
3874,40.825924,-73.8399,"(40.825924, -73.8399)"
3875,40.760532,-73.77345,"(40.760532, -73.77345)"
3876,40.8757,-73.83683,"(40.8757, -73.83683)"
3877,40.69726,-73.95233,"(40.69726, -73.95233)"
3878,40.677498,-73.91362,"(40.677498, -73.91362)"
3879,40.874474,-73.90031,"(40.874474, -73.90031)"
3880,40.752815,-73.98138,"(40.752815, -73.98138)"
3881,40.854424,-73.863884,"(40.854424, -73.863884)"
3882,40.63103,-73.8877,"(40.63103, -73.8877)"
3883,40.682846,-73.95382,"(40.682846, -73.95382)"
3884,40.688534,-73.87229,"(40.688534, -73.87229)"
3885,40.894314,-73.86027,"(40.894314, -73.86027)"
3887,40.843105,-73.91044,"(40.843105, -73.91044)"
3888,40.854584,-73.8547,"(40.854584, -73.8547)"
3889,40.65501,-73.72964,"(40.65501, -73.72964)"
3890,40.697582,-73.94965,"(40.697582, -73.94965)"
3891,40.862534,-73.89708,"(40.862534, -73.89708)"
3892,40.699245,-73.744545,"(40.699245, -73.744545)"
3893,40.726444,-73.90317,"(40.726444, -73.90317)"
3894,40.754616,-73.997116,"(40.754616, -73.997116)"
3895,40.75895,-73.83192,"(40.75895, -73.83192)"
3896,40.805073,-73.92331,"(40.805073, -73.92331)"
3897,40.830303,-73.8718,"(40.830303, -73.8718)"
3898,40.777958,-73.90847,"(40.777958, -73.90847)"
3899,40.61732,-73.94408,"(40.61732, -73.94408)"
3900,40.72978,-73.98682,"(40.72978, -73.98682)"
3901,40.813374,-73.956276,"(40.813374, -73.956276)"
3902,40.61897,-74.09364,"(40.61897, -74.09364)"
3903,40.67868,-73.99768,"(40.67868, -73.99768)"
3904,40.630127,-73.94482,"(40.630127, -73.94482)"
3905,40.655273,-74.0105,"(40.655273, -74.0105)"
3906,40.665882,-73.99642,"(40.665882, -73.99642)"
3907,40.705826,-73.79397,"(40.705826, -73.79397)"
3908,40.583565,-73.98759,"(40.583565, -73.98759)"
3909,40.575302,-73.98453,"(40.575302, -73.98453)"
3910,40.639923,-74.08111,"(40.639923, -74.08111)"
3911,40.74116,-73.99409,"(40.74116, -73.99409)"
3912,40.630745,-73.97717,"(40.630745, -73.97717)"
3913,40.784992,-73.98261,"(40.784992, -73.98261)"
3914,40.736385,-73.802864,"(40.736385, -73.802864)"
3915,40.58576,-73.97442,"(40.58576, -73.97442)"
3916,40.595795,-74.14206,"(40.595795, -74.14206)"
3917,40.820503,-73.81273,"(40.820503, -73.81273)"
3918,40.720966,-73.8429,"(40.720966, -73.8429)"
3919,40.74665,-73.969124,"(40.74665, -73.969124)"
3920,40.697746,-73.763985,"(40.697746, -73.763985)"
3921,40.897808,-73.85262,"(40.897808, -73.85262)"
3922,40.792465,-73.79322,"(40.792465, -73.79322)"
3923,40.759346,-73.91981,"(40.759346, -73.91981)"
3924,40.6287,-74.022964,"(40.6287, -74.022964)"
3925,40.73104,-73.99961,"(40.73104, -73.99961)"
3926,40.577995,-73.95964,"(40.577995, -73.95964)"
3927,40.664253,-73.83916,"(40.664253, -73.83916)"
3928,40.683014,-73.83507,"(40.683014, -73.83507)"
3929,40.823036,-73.81597,"(40.823036, -73.81597)"
3930,40.71799,-73.906876,"(40.71799, -73.906876)"
3931,40.690292,-73.98444,"(40.690292, -73.98444)"
3932,40.67239,-73.87463,"(40.67239, -73.87463)"
3933,40.666004,-73.92591,"(40.666004, -73.92591)"
3934,40.66336,-73.95975,"(40.66336, -73.95975)"
3935,40.62546,-73.98384,"(40.62546, -73.98384)"
3936,40.70303,-73.88241,"(40.70303, -73.88241)"
3937,40.765358,-73.74429,"(40.765358, -73.74429)"
3938,40.587635,-74.091125,"(40.587635, -74.091125)"
3939,40.887844,-73.83173,"(40.887844, -73.83173)"
3940,40.740562,-73.80928,"(40.740562, -73.80928)"
3941,40.669796,-73.87057,"(40.669796, -73.87057)"
3942,40.858868,-73.86952,"(40.858868, -73.86952)"
3943,40.68545,-73.95432,"(40.68545, -73.95432)"
3944,40.566967,-74.11328,"(40.566967, -74.11328)"
3945,40.57098,-74.1107,"(40.57098, -74.1107)"
3946,40.701252,-73.951645,"(40.701252, -73.951645)"
3947,40.765358,-73.965904,"(40.765358, -73.965904)"
3948,40.590935,-74.15236,"(40.590935, -74.15236)"
3949,40.729443,-73.95002,"(40.729443, -73.95002)"
3950,40.751583,-73.86204,"(40.751583, -73.86204)"
3951,40.69613,-73.987114,"(40.69613, -73.987114)"
3952,40.710197,-73.95843,"(40.710197, -73.95843)"
3953,40.58902,-74.13867,"(40.58902, -74.13867)"
3954,40.666935,-73.782715,"(40.666935, -73.782715)"
3955,40.64705,-73.895424,"(40.64705, -73.895424)"
3956,40.82419,-73.91385,"(40.82419, -73.91385)"
3957,40.84487,-73.92068,"(40.84487, -73.92068)"
3958,40.59592,-73.941025,"(40.59592, -73.941025)"
3959,40.7493,-73.88519,"(40.7493, -73.88519)"
3960,40.680817,-73.92866,"(40.680817, -73.92866)"
3961,40.631935,-73.91321,"(40.631935, -73.91321)"
3962,40.765953,-73.87476,"(40.765953, -73.87476)"
3963,40.75388,-73.96616,"(40.75388, -73.96616)"
3964,40.758274,-73.93336,"(40.758274, -73.93336)"
3965,40.75592,-73.90251,"(40.75592, -73.90251)"
3966,40.595364,-74.09723,"(40.595364, -74.09723)"
3967,40.75565,-73.98352,"(40.75565, -73.98352)"
3968,40.749794,-73.99149,"(40.749794, -73.99149)"
3969,40.699776,-73.831795,"(40.699776, -73.831795)"
3970,40.677654,-73.82866,"(40.677654, -73.82866)"
3972,40.600857,-73.9986,"(40.600857, -73.9986)"
3973,40.5771,-74.104965,"(40.5771, -74.104965)"
3974,40.81801,-73.80284,"(40.81801, -73.80284)"
3975,40.73988,-73.99872,"(40.73988, -73.99872)"
3976,40.68627,-73.97813,"(40.68627, -73.97813)"
3977,40.675926,-73.95608,"(40.675926, -73.95608)"
3978,40.777534,-73.77993,"(40.777534, -73.77993)"
3979,40.761173,-73.95789,"(40.761173, -73.95789)"
3980,40.8047,-73.83141,"(40.8047, -73.83141)"
3981,40.69706,-73.81466,"(40.69706, -73.81466)"
3982,40.834183,-73.87857,"(40.834183, -73.87857)"
3983,40.765812,-73.98473,"(40.765812, -73.98473)"
3984,40.84211,-73.82557,"(40.84211, -73.82557)"
3985,40.747684,-73.97879,"(40.747684, -73.97879)"
3986,40.869076,-73.93062,"(40.869076, -73.93062)"
3987,40.65318,-74.00561,"(40.65318, -74.00561)"
3988,40.732033,-73.91893,"(40.732033, -73.91893)"
3989,40.62595,-74.136826,"(40.62595, -74.136826)"
3990,40.7031,-73.859795,"(40.7031, -73.859795)"
3991,40.609917,-73.89746,"(40.609917, -73.89746)"
3992,40.8882,-73.90761,"(40.8882, -73.90761)"
3993,40.695908,-73.98322,"(40.695908, -73.98322)"
3995,40.635674,-73.94797,"(40.635674, -73.94797)"
3996,40.70257,-73.99259,"(40.70257, -73.99259)"
3997,40.596184,-73.99739,"(40.596184, -73.99739)"
3998,40.832237,-73.942505,"(40.832237, -73.942505)"
3999,40.75729,-73.88948,"(40.75729, -73.88948)"
4000,40.891422,-73.841225,"(40.891422, -73.841225)"
4001,40.752686,-74.000534,"(40.752686, -74.000534)"
4002,40.805077,-73.91092,"(40.805077, -73.91092)"
4003,40.800663,-73.94436,"(40.800663, -73.94436)"
4004,40.688362,-73.77663,"(40.688362, -73.77663)"
4006,40.741028,-73.99417,"(40.741028, -73.99417)"
4007,40.739067,-73.88955,"(40.739067, -73.88955)"
4008,40.732758,-73.990036,"(40.732758, -73.990036)"
4009,40.66012,-73.95058,"(40.66012, -73.95058)"
4010,40.82824,-73.92568,"(40.82824, -73.92568)"
4011,40.684666,-73.96404,"(40.684666, -73.96404)"
4012,40.66243,-73.88168,"(40.66243, -73.88168)"
4013,40.572674,-74.10755,"(40.572674, -74.10755)"
4014,40.74316,-73.82556,"(40.74316, -73.82556)"
4015,40.60015,-74.17903,"(40.60015, -74.17903)"
4016,40.64412,-73.98907,"(40.64412, -73.98907)"
4017,40.803997,-73.93142,"(40.803997, -73.93142)"
4018,40.657516,-74.0082,"(40.657516, -74.0082)"
4020,40.629986,-73.97157,"(40.629986, -73.97157)"
4021,40.708534,-73.96258,"(40.708534, -73.96258)"
4022,40.8429,-73.93843,"(40.8429, -73.93843)"
4023,40.80834,-73.92775,"(40.80834, -73.92775)"
4024,40.771446,-73.83382,"(40.771446, -73.83382)"
4025,40.8678,-73.86251,"(40.8678, -73.86251)"
4026,40.617683,-73.98466,"(40.617683, -73.98466)"
4027,40.739395,-73.87792,"(40.739395, -73.87792)"
4028,40.63197,-74.075966,"(40.63197, -74.075966)"
4029,40.787506,-73.9383,"(40.787506, -73.9383)"
4030,40.674255,-73.87989,"(40.674255, -73.87989)"
4031,40.632835,-74.02724,"(40.632835, -74.02724)"
4032,40.818504,-73.91448,"(40.818504, -73.91448)"
4033,40.68518,-73.933495,"(40.68518, -73.933495)"
4034,40.701942,-73.961754,"(40.701942, -73.961754)"
4035,40.760536,-73.95836,"(40.760536, -73.95836)"
4036,40.65561,-73.977875,"(40.65561, -73.977875)"
4037,40.653652,-73.95836,"(40.653652, -73.95836)"
4038,40.701588,-73.74865,"(40.701588, -73.74865)"
4039,40.741863,-73.90751,"(40.741863, -73.90751)"
4040,40.82638,-73.8825,"(40.82638, -73.8825)"
4041,40.712727,-73.87935,"(40.712727, -73.87935)"
4043,40.660847,-73.8403,"(40.660847, -73.8403)"
4044,40.867474,-73.89741,"(40.867474, -73.89741)"
4045,40.675735,-73.89686,"(40.675735, -73.89686)"
4046,40.667095,-73.92276,"(40.667095, -73.92276)"
4047,40.631134,-74.12794,"(40.631134, -74.12794)"
4048,40.77686,-73.82168,"(40.77686, -73.82168)"
4050,40.60981,-73.92251,"(40.60981, -73.92251)"
4051,40.896694,-73.853516,"(40.896694, -73.853516)"
4052,40.678364,-73.77949,"(40.678364, -73.77949)"
4053,40.7606,-73.96434,"(40.7606, -73.96434)"
4054,40.68883,-73.95719,"(40.68883, -73.95719)"
4055,40.770256,-73.91586,"(40.770256, -73.91586)"
4056,40.701862,-73.94383,"(40.701862, -73.94383)"
4057,40.73247,-73.86167,"(40.73247, -73.86167)"
4058,40.655193,-73.91887,"(40.655193, -73.91887)"
4059,40.79752,-73.92039,"(40.79752, -73.92039)"
4061,40.832863,-73.84494,"(40.832863, -73.84494)"
4062,40.631905,-74.13168,"(40.631905, -74.13168)"
4063,40.752617,-73.99451,"(40.752617, -73.99451)"
4064,40.74447,-73.91464,"(40.74447, -73.91464)"
4065,40.771626,-73.87611,"(40.771626, -73.87611)"
4066,40.605335,-73.75528,"(40.605335, -73.75528)"
4067,40.60665,-73.7627,"(40.60665, -73.7627)"
4068,40.758854,-73.830124,"(40.758854, -73.830124)"
4069,40.73921,-73.815285,"(40.73921, -73.815285)"
4070,40.68081,-73.85016,"(40.68081, -73.85016)"
4071,40.70844,-73.87621,"(40.70844, -73.87621)"
4072,40.727383,-73.81945,"(40.727383, -73.81945)"
4073,40.821365,-73.89836,"(40.821365, -73.89836)"
4074,40.723637,-73.839676,"(40.723637, -73.839676)"
4075,40.72924,-73.8152,"(40.72924, -73.8152)"
4076,40.843994,-73.89752,"(40.843994, -73.89752)"
4077,0.0,0.0,"(0.0, 0.0)"
4078,40.71552,-74.00925,"(40.71552, -74.00925)"
4079,40.75533,-73.99119,"(40.75533, -73.99119)"
4080,40.622765,-73.97937,"(40.622765, -73.97937)"
4081,40.72224,-73.9863,"(40.72224, -73.9863)"
4082,40.8432,-73.89155,"(40.8432, -73.89155)"
4083,40.792095,-73.97366,"(40.792095, -73.97366)"
4084,40.743317,-73.731384,"(40.743317, -73.731384)"
4085,40.78849,-73.78973,"(40.78849, -73.78973)"
4086,40.695087,-73.79286,"(40.695087, -73.79286)"
4087,40.60728,-73.944214,"(40.60728, -73.944214)"
4088,40.737682,-73.85206,"(40.737682, -73.85206)"
4089,40.722343,-73.77717,"(40.722343, -73.77717)"
4090,40.699512,-73.81461,"(40.699512, -73.81461)"
4091,40.731693,-73.953545,"(40.731693, -73.953545)"
4092,40.88939,-73.89839,"(40.88939, -73.89839)"
4093,40.86781,-73.89916,"(40.86781, -73.89916)"
4094,40.910477,-73.903114,"(40.910477, -73.903114)"
4095,40.704308,-73.91924,"(40.704308, -73.91924)"
4096,40.692123,-73.97761,"(40.692123, -73.97761)"
4098,40.807087,-73.94178,"(40.807087, -73.94178)"
4099,40.72637,-73.789856,"(40.72637, -73.789856)"
4101,40.61074,-74.09583,"(40.61074, -74.09583)"
4102,40.624855,-73.99195,"(40.624855, -73.99195)"
4103,40.70017,-73.90921,"(40.70017, -73.90921)"
4104,40.634354,-73.94202,"(40.634354, -73.94202)"
4105,40.656708,-74.00537,"(40.656708, -74.00537)"
4106,40.704327,-73.797714,"(40.704327, -73.797714)"
4108,40.760925,-73.96705,"(40.760925, -73.96705)"
4110,40.689407,-73.9099,"(40.689407, -73.9099)"
4111,40.742836,-73.97214,"(40.742836, -73.97214)"
4112,40.778664,-73.90946,"(40.778664, -73.90946)"
4113,40.74327,-73.961464,"(40.74327, -73.961464)"
4114,40.704952,-74.01566,"(40.704952, -74.01566)"
4115,40.826298,-73.94808,"(40.826298, -73.94808)"
4116,40.555824,-74.16103,"(40.555824, -74.16103)"
4117,40.82733,-73.8498,"(40.82733, -73.8498)"
4118,40.620605,-73.9586,"(40.620605, -73.9586)"
4119,40.752136,-73.92564,"(40.752136, -73.92564)"
4120,40.692005,-73.98111,"(40.692005, -73.98111)"
4121,40.54209,-74.16307,"(40.54209, -74.16307)"
4122,40.75239,-73.70706,"(40.75239, -73.70706)"
4123,40.831257,-73.93574,"(40.831257, -73.93574)"
4124,40.7059,-73.963104,"(40.7059, -73.963104)"
4125,40.795162,-73.935585,"(40.795162, -73.935585)"
4126,40.586098,-73.93237,"(40.586098, -73.93237)"
4127,40.65965,-73.773834,"(40.65965, -73.773834)"
4128,40.74274,-73.89283,"(40.74274, -73.89283)"
4129,40.683342,-73.80433,"(40.683342, -73.80433)"
4130,40.842083,-73.92011,"(40.842083, -73.92011)"
4131,40.71319,-73.992424,"(40.71319, -73.992424)"
4132,40.701797,-73.94842,"(40.701797, -73.94842)"
4133,40.57719,-74.00056,"(40.57719, -74.00056)"
4134,40.735634,-73.87602,"(40.735634, -73.87602)"
4135,40.871834,-73.8775,"(40.871834, -73.8775)"
4136,40.756027,-73.974846,"(40.756027, -73.974846)"
4137,40.823135,-73.88225,"(40.823135, -73.88225)"
4138,40.643066,-73.97883,"(40.643066, -73.97883)"
4139,40.651325,-73.93906,"(40.651325, -73.93906)"
4140,40.68947,-73.96911,"(40.68947, -73.96911)"
4142,40.609985,-73.96239,"(40.609985, -73.96239)"
4143,40.889687,-73.83483,"(40.889687, -73.83483)"
4144,40.65881,-73.98172,"(40.65881, -73.98172)"
4145,40.885952,-73.8279,"(40.885952, -73.8279)"
4146,40.682568,-73.78202,"(40.682568, -73.78202)"
4147,40.766758,-73.98658,"(40.766758, -73.98658)"
4148,40.537746,-74.21781,"(40.537746, -74.21781)"
4149,40.636803,-73.960686,"(40.636803, -73.960686)"
4150,40.825573,-73.918465,"(40.825573, -73.918465)"
4151,40.650387,-73.95872,"(40.650387, -73.95872)"
4152,40.614883,-73.99384,"(40.614883, -73.99384)"
4153,40.67266,-73.87263,"(40.67266, -73.87263)"
4154,40.701527,-73.98957,"(40.701527, -73.98957)"
4155,40.628166,-73.92787,"(40.628166, -73.92787)"
4156,40.74357,-73.73509,"(40.74357, -73.73509)"
4157,40.62237,-74.0017,"(40.62237, -74.0017)"
4158,40.766308,-73.8197,"(40.766308, -73.8197)"
4159,40.666122,-73.93139,"(40.666122, -73.93139)"
4160,40.81043,-73.949684,"(40.81043, -73.949684)"
4161,40.742676,-73.839516,"(40.742676, -73.839516)"
4162,40.771782,-73.96544,"(40.771782, -73.96544)"
4163,40.709343,-73.8178,"(40.709343, -73.8178)"
4164,40.74045,-73.844376,"(40.74045, -73.844376)"
4165,40.77035,-73.87084,"(40.77035, -73.87084)"
4166,40.654526,-73.73979,"(40.654526, -73.73979)"
4167,40.68611,-73.91218,"(40.68611, -73.91218)"
4168,40.754147,-73.722885,"(40.754147, -73.722885)"
4169,40.72201,-73.853485,"(40.72201, -73.853485)"
4170,40.60595,-74.07601,"(40.60595, -74.07601)"
4171,40.655815,-73.96205,"(40.655815, -73.96205)"
4172,40.81218,-73.9011,"(40.81218, -73.9011)"
4173,40.750206,-74.00234,"(40.750206, -74.00234)"
4174,40.863667,-73.8975,"(40.863667, -73.8975)"
4175,40.75221,-73.90443,"(40.75221, -73.90443)"
4176,40.732006,-73.95795,"(40.732006, -73.95795)"
4177,40.643456,-73.972725,"(40.643456, -73.972725)"
4178,40.714436,-73.974754,"(40.714436, -73.974754)"
4179,40.557568,-74.207,"(40.557568, -74.207)"
4181,40.762306,-73.82745,"(40.762306, -73.82745)"
4182,40.79465,-73.971794,"(40.79465, -73.971794)"
4183,40.883068,-73.83041,"(40.883068, -73.83041)"
4184,40.771385,-73.95648,"(40.771385, -73.95648)"
4185,40.71382,-73.92077,"(40.71382, -73.92077)"
4186,40.689243,-73.98873,"(40.689243, -73.98873)"
4187,40.774967,-73.9568,"(40.774967, -73.9568)"
4188,40.86455,-73.901955,"(40.86455, -73.901955)"
4189,40.60376,-73.74781,"(40.60376, -73.74781)"
4190,40.72851,-73.90574,"(40.72851, -73.90574)"
4191,40.59938,-73.95141,"(40.59938, -73.95141)"
4192,40.877796,-73.86806,"(40.877796, -73.86806)"
4193,40.800552,-73.958206,"(40.800552, -73.958206)"
4194,40.525684,-74.20113,"(40.525684, -74.20113)"
4195,40.74351,-73.717415,"(40.74351, -73.717415)"
4196,40.668495,-73.925606,"(40.668495, -73.925606)"
4197,40.804264,-73.91349,"(40.804264, -73.91349)"
4198,40.69418,-73.95608,"(40.69418, -73.95608)"
4199,40.748123,-73.87929,"(40.748123, -73.87929)"
4200,40.72142,-74.00473,"(40.72142, -74.00473)"
4201,40.629932,-74.031364,"(40.629932, -74.031364)"
4202,40.68777,-73.98701,"(40.68777, -73.98701)"
4203,40.774807,-73.98442,"(40.774807, -73.98442)"
4204,40.853706,-73.871864,"(40.853706, -73.871864)"
4205,40.66557,-73.920876,"(40.66557, -73.920876)"
4206,40.75802,-73.98574,"(40.75802, -73.98574)"
4207,40.604206,-73.99146,"(40.604206, -73.99146)"
4209,40.67997,-73.77624,"(40.67997, -73.77624)"
4210,40.682774,-73.84324,"(40.682774, -73.84324)"
4211,40.567535,-74.11904,"(40.567535, -74.11904)"
4212,40.646313,-73.87386,"(40.646313, -73.87386)"
4214,40.758373,-73.748886,"(40.758373, -73.748886)"
4215,40.70975,-73.79562,"(40.70975, -73.79562)"
4216,40.58425,-73.9638,"(40.58425, -73.9638)"
4217,40.85406,-73.91936,"(40.85406, -73.91936)"
4218,40.6061,-73.97787,"(40.6061, -73.97787)"
4219,40.856743,-73.917625,"(40.856743, -73.917625)"
4220,40.740356,-73.99046,"(40.740356, -73.99046)"
4221,40.7568,-73.873665,"(40.7568, -73.873665)"
4222,40.853085,-73.884995,"(40.853085, -73.884995)"
4223,40.760822,-73.99832,"(40.760822, -73.99832)"
4224,40.668552,-73.80987,"(40.668552, -73.80987)"
4225,40.58124,-74.09845,"(40.58124, -74.09845)"
4227,40.85214,-73.92071,"(40.85214, -73.92071)"
4228,40.693188,-73.95421,"(40.693188, -73.95421)"
4229,40.57529,-73.97655,"(40.57529, -73.97655)"
4230,40.757915,-73.99145,"(40.757915, -73.99145)"
4231,40.8452,-73.916885,"(40.8452, -73.916885)"
4232,40.672874,-73.92367,"(40.672874, -73.92367)"
4233,40.60877,-73.757805,"(40.60877, -73.757805)"
4234,40.803486,-73.93529,"(40.803486, -73.93529)"
4235,40.741714,-73.90634,"(40.741714, -73.90634)"
4236,40.68969,-73.99237,"(40.68969, -73.99237)"
4237,40.69782,-73.8887,"(40.69782, -73.8887)"
4238,40.75333,-73.70682,"(40.75333, -73.70682)"
4239,40.72631,-74.0075,"(40.72631, -74.0075)"
4240,40.6575,-73.839455,"(40.6575, -73.839455)"
4241,40.77173,-73.73567,"(40.77173, -73.73567)"
4243,40.7332,-74.0006,"(40.7332, -74.0006)"
4244,40.71025,-73.799866,"(40.71025, -73.799866)"
4245,40.780407,-73.81211,"(40.780407, -73.81211)"
4246,40.802822,-73.930405,"(40.802822, -73.930405)"
4247,40.70179,-73.81601,"(40.70179, -73.81601)"
4249,40.741665,-74.00114,"(40.741665, -74.00114)"
4250,40.666233,-73.761,"(40.666233, -73.761)"
4252,40.707638,-74.00816,"(40.707638, -74.00816)"
4253,40.86221,-73.89965,"(40.86221, -73.89965)"
4254,40.707222,-73.74714,"(40.707222, -73.74714)"
4255,40.66411,-73.74045,"(40.66411, -73.74045)"
4257,40.747185,-73.9897,"(40.747185, -73.9897)"
4258,40.742493,-73.87337,"(40.742493, -73.87337)"
4259,40.867123,-73.91699,"(40.867123, -73.91699)"
4260,40.665737,-73.75194,"(40.665737, -73.75194)"
4261,40.661385,-73.95362,"(40.661385, -73.95362)"
4262,40.664604,-73.97685,"(40.664604, -73.97685)"
4263,40.87303,-73.85656,"(40.87303, -73.85656)"
4264,40.760517,-73.77743,"(40.760517, -73.77743)"
4265,40.707603,-73.87381,"(40.707603, -73.87381)"
4267,40.666393,-73.75177,"(40.666393, -73.75177)"
4269,40.76732,-73.92231,"(40.76732, -73.92231)"
4270,40.760555,-73.98572,"(40.760555, -73.98572)"
4271,40.695995,-73.96742,"(40.695995, -73.96742)"
4272,40.629986,-73.97157,"(40.629986, -73.97157)"
4273,40.658577,-73.89063,"(40.658577, -73.89063)"
4274,40.692593,-73.91551,"(40.692593, -73.91551)"
4275,40.76781,-73.96202,"(40.76781, -73.96202)"
4277,40.76137,-73.72905,"(40.76137, -73.72905)"
4278,40.818558,-73.92732,"(40.818558, -73.92732)"
4279,40.654957,-74.007034,"(40.654957, -74.007034)"
4280,40.764263,-73.77134,"(40.764263, -73.77134)"
4281,40.88428,-73.857185,"(40.88428, -73.857185)"
4282,40.80295,-73.949776,"(40.80295, -73.949776)"
4283,40.739956,-73.89421,"(40.739956, -73.89421)"
4284,40.85441,-73.86294,"(40.85441, -73.86294)"
4285,40.562637,-74.1926,"(40.562637, -74.1926)"
4287,40.66337,-73.74959,"(40.66337, -73.74959)"
4288,40.831196,-73.90026,"(40.831196, -73.90026)"
4289,40.743774,-73.983215,"(40.743774, -73.983215)"
4290,40.747833,-73.83301,"(40.747833, -73.83301)"
4291,40.68659,-74.00842,"(40.68659, -74.00842)"
4292,40.811478,-73.950226,"(40.811478, -73.950226)"
4293,40.652786,-73.91997,"(40.652786, -73.91997)"
4294,40.805508,-73.96201,"(40.805508, -73.96201)"
4295,40.74576,-73.92581,"(40.74576, -73.92581)"
4296,40.65415,-73.949936,"(40.65415, -73.949936)"
4298,40.75453,-73.99546,"(40.75453, -73.99546)"
4299,40.750095,-73.81855,"(40.750095, -73.81855)"
4300,40.666187,-73.916664,"(40.666187, -73.916664)"
4301,40.69168,-73.999344,"(40.69168, -73.999344)"
4302,40.83569,-73.86857,"(40.83569, -73.86857)"
4303,40.72224,-73.9863,"(40.72224, -73.9863)"
4304,40.692284,-73.95568,"(40.692284, -73.95568)"
4305,40.770702,-73.835205,"(40.770702, -73.835205)"
4306,40.757526,-73.78658,"(40.757526, -73.78658)"
4307,40.8674,-73.92205,"(40.8674, -73.92205)"
4308,40.747627,-73.863106,"(40.747627, -73.863106)"
4309,40.773067,-73.81742,"(40.773067, -73.81742)"
4310,40.76078,-73.98061,"(40.76078, -73.98061)"
4311,40.630547,-74.00934,"(40.630547, -74.00934)"
4312,40.748356,-74.00369,"(40.748356, -74.00369)"
4313,40.684006,-74.001656,"(40.684006, -74.001656)"
4314,40.662514,-73.87202,"(40.662514, -73.87202)"
4315,40.69328,-73.86829,"(40.69328, -73.86829)"
4316,40.71122,-73.961525,"(40.71122, -73.961525)"
4317,40.684776,-73.84422,"(40.684776, -73.84422)"
4318,40.73091,-73.86084,"(40.73091, -73.86084)"
4319,40.624172,-73.94836,"(40.624172, -73.94836)"
4320,40.750904,-73.98068,"(40.750904, -73.98068)"
4321,40.642025,-73.99918,"(40.642025, -73.99918)"
4322,40.75443,-73.916084,"(40.75443, -73.916084)"
4323,40.59793,-73.9855,"(40.59793, -73.9855)"
4324,40.72218,-74.00066,"(40.72218, -74.00066)"
4325,40.764706,-73.822975,"(40.764706, -73.822975)"
4326,40.704628,-73.74564,"(40.704628, -73.74564)"
4327,40.734978,-73.8614,"(40.734978, -73.8614)"
4329,40.82273,-73.86712,"(40.82273, -73.86712)"
4330,40.666386,-73.785,"(40.666386, -73.785)"
4331,40.879326,-73.905594,"(40.879326, -73.905594)"
4332,40.764885,-73.98647,"(40.764885, -73.98647)"
4333,40.676647,-73.77816,"(40.676647, -73.77816)"
4334,40.756134,-73.74047,"(40.756134, -73.74047)"
4335,40.710552,-74.01365,"(40.710552, -74.01365)"
4336,40.695156,-73.92002,"(40.695156, -73.92002)"
4337,40.642315,-73.92645,"(40.642315, -73.92645)"
4338,40.751656,-73.99014,"(40.751656, -73.99014)"
4339,40.82563,-73.84816,"(40.82563, -73.84816)"
4340,40.853443,-73.889275,"(40.853443, -73.889275)"
4341,40.75904,-73.82356,"(40.75904, -73.82356)"
4342,40.740025,-73.97626,"(40.740025, -73.97626)"
4343,40.83154,-73.910034,"(40.83154, -73.910034)"
4344,40.685383,-73.81973,"(40.685383, -73.81973)"
4345,40.69536,-73.93237,"(40.69536, -73.93237)"
4346,40.808296,-73.96889,"(40.808296, -73.96889)"
4347,40.693043,-73.82751,"(40.693043, -73.82751)"
4348,40.631615,-74.016335,"(40.631615, -74.016335)"
4349,40.79507,-73.93919,"(40.79507, -73.93919)"
4350,40.854496,-73.88543,"(40.854496, -73.88543)"
4351,40.69773,-73.81409,"(40.69773, -73.81409)"
4352,40.805744,-73.94865,"(40.805744, -73.94865)"
4353,40.73966,-73.807465,"(40.73966, -73.807465)"
4354,40.71362,-73.75508,"(40.71362, -73.75508)"
4355,40.65264,-73.949776,"(40.65264, -73.949776)"
4356,40.845024,-73.92632,"(40.845024, -73.92632)"
4357,40.748405,-73.892624,"(40.748405, -73.892624)"
4358,40.702362,-73.91291,"(40.702362, -73.91291)"
4359,40.861744,-73.911804,"(40.861744, -73.911804)"
4360,40.711372,-73.85034,"(40.711372, -73.85034)"
4361,40.73978,-73.97952,"(40.73978, -73.97952)"
4362,40.578537,-74.169556,"(40.578537, -74.169556)"
4363,40.773335,-73.95506,"(40.773335, -73.95506)"
4365,40.745068,-73.936356,"(40.745068, -73.936356)"
4366,40.514057,-74.24178,"(40.514057, -74.24178)"
4367,40.71771,-73.86303,"(40.71771, -73.86303)"
4369,40.875893,-73.88825,"(40.875893, -73.88825)"
4370,40.819786,-73.91216,"(40.819786, -73.91216)"
4371,40.86062,-73.82813,"(40.86062, -73.82813)"
4372,40.820095,-73.955086,"(40.820095, -73.955086)"
4373,40.741734,-73.97829,"(40.741734, -73.97829)"
4374,40.718025,-74.00305,"(40.718025, -74.00305)"
4376,40.873737,-73.90593,"(40.873737, -73.90593)"
4377,40.647255,-74.087944,"(40.647255, -74.087944)"
4378,40.60226,-74.003075,"(40.60226, -74.003075)"
4379,40.608105,-73.75414,"(40.608105, -73.75414)"
4380,40.811733,-73.9267,"(40.811733, -73.9267)"
4381,40.70921,-73.87017,"(40.70921, -73.87017)"
4382,40.52782,-74.18882,"(40.52782, -74.18882)"
4383,40.681034,-73.90326,"(40.681034, -73.90326)"
4384,40.7606,-73.96434,"(40.7606, -73.96434)"
4385,40.680016,-73.87743,"(40.680016, -73.87743)"
4386,40.766308,-73.8197,"(40.766308, -73.8197)"
4387,40.660675,-74.00138,"(40.660675, -74.00138)"
4388,40.63746,-73.99465,"(40.63746, -73.99465)"
4389,40.648117,-73.97135,"(40.648117, -73.97135)"
4390,40.856106,-73.90646,"(40.856106, -73.90646)"
4391,40.677498,-73.8276,"(40.677498, -73.8276)"
4392,40.758587,-73.98509,"(40.758587, -73.98509)"
4393,40.694077,-73.89729,"(40.694077, -73.89729)"
4394,40.77493,-73.89951,"(40.77493, -73.89951)"
4395,40.88867,-73.89092,"(40.88867, -73.89092)"
4396,40.626778,-74.16309,"(40.626778, -74.16309)"
4397,40.668316,-73.988,"(40.668316, -73.988)"
4398,40.673004,-73.88407,"(40.673004, -73.88407)"
4399,40.714634,-73.75133,"(40.714634, -73.75133)"
4400,40.814617,-73.942055,"(40.814617, -73.942055)"
4401,40.716557,-73.82869,"(40.716557, -73.82869)"
4402,40.719517,-73.994385,"(40.719517, -73.994385)"
4403,40.751442,-73.97606,"(40.751442, -73.97606)"
4404,40.709988,-73.933304,"(40.709988, -73.933304)"
4405,40.677605,-74.002754,"(40.677605, -74.002754)"
4406,40.665535,-73.93699,"(40.665535, -73.93699)"
4407,40.59063,-73.993,"(40.59063, -73.993)"
4408,40.76507,-73.966125,"(40.76507, -73.966125)"
4409,40.747543,-73.97079,"(40.747543, -73.97079)"
4410,40.58062,-73.95472,"(40.58062, -73.95472)"
4411,40.635494,-74.00196,"(40.635494, -74.00196)"
4412,40.585934,-73.9519,"(40.585934, -73.9519)"
4413,40.847897,-73.94523,"(40.847897, -73.94523)"
4414,40.65204,-73.887955,"(40.65204, -73.887955)"
4415,40.753693,-73.89831,"(40.753693, -73.89831)"
4416,40.70739,-73.95054,"(40.70739, -73.95054)"
4417,40.84009,-73.88036,"(40.84009, -73.88036)"
4418,40.697487,-73.93618,"(40.697487, -73.93618)"
4419,40.757065,-73.73904,"(40.757065, -73.73904)"
4420,40.691353,-73.92142,"(40.691353, -73.92142)"
4421,40.770515,-73.89283,"(40.770515, -73.89283)"
4422,40.620434,-74.024475,"(40.620434, -74.024475)"
4423,40.63554,-73.92284,"(40.63554, -73.92284)"
4424,40.75831,-73.96294,"(40.75831, -73.96294)"
4425,40.655773,-73.94441,"(40.655773, -73.94441)"
4427,40.830563,-73.92727,"(40.830563, -73.92727)"
4428,40.70955,-73.95887,"(40.70955, -73.95887)"
4429,40.84962,-73.930786,"(40.84962, -73.930786)"
4430,40.713345,-73.96017,"(40.713345, -73.96017)"
4431,40.64741,-74.018684,"(40.64741, -74.018684)"
4432,40.626568,-73.970924,"(40.626568, -73.970924)"
4433,40.68629,-73.979095,"(40.68629, -73.979095)"
4434,40.66605,-73.81525,"(40.66605, -73.81525)"
4435,40.707653,-73.83118,"(40.707653, -73.83118)"
4436,40.88065,-73.86494,"(40.88065, -73.86494)"
4437,40.73093,-73.864586,"(40.73093, -73.864586)"
4438,40.696033,-73.98453,"(40.696033, -73.98453)"
4439,40.537857,-74.17414,"(40.537857, -74.17414)"
4440,40.654312,-73.91759,"(40.654312, -73.91759)"
4441,40.852066,-73.868614,"(40.852066, -73.868614)"
4442,40.81906,-73.8638,"(40.81906, -73.8638)"
4443,40.66764,-73.98834,"(40.66764, -73.98834)"
4445,40.76553,-73.74215,"(40.76553, -73.74215)"
4446,40.75539,-73.828285,"(40.75539, -73.828285)"
4447,40.700775,-73.9629,"(40.700775, -73.9629)"
4448,40.75834,-73.95775,"(40.75834, -73.95775)"
4449,40.76484,-73.970505,"(40.76484, -73.970505)"
4450,40.601383,-74.07923,"(40.601383, -74.07923)"
4451,40.60309,-73.99262,"(40.60309, -73.99262)"
4452,40.744892,-73.77022,"(40.744892, -73.77022)"
4456,40.679913,-74.00226,"(40.679913, -74.00226)"
4457,40.870777,-73.81923,"(40.870777, -73.81923)"
4458,40.66117,-73.89262,"(40.66117, -73.89262)"
4459,40.732388,-73.943726,"(40.732388, -73.943726)"
4460,40.83771,-73.84118,"(40.83771, -73.84118)"
4461,40.70558,-73.739716,"(40.70558, -73.739716)"
4462,40.812862,-73.93458,"(40.812862, -73.93458)"
4463,40.79793,-73.934,"(40.79793, -73.934)"
4464,40.806343,-73.93318,"(40.806343, -73.93318)"
4465,40.685673,-73.846725,"(40.685673, -73.846725)"
4466,40.73251,-73.86827,"(40.73251, -73.86827)"
4468,40.70739,-73.96523,"(40.70739, -73.96523)"
4469,40.763363,-73.95925,"(40.763363, -73.95925)"
4470,40.658157,-73.91598,"(40.658157, -73.91598)"
4471,40.67086,-73.863174,"(40.67086, -73.863174)"
4472,40.73262,-73.70754,"(40.73262, -73.70754)"
4473,40.73722,-73.9814,"(40.73722, -73.9814)"
4474,40.844833,-73.909386,"(40.844833, -73.909386)"
4475,40.657837,-73.95033,"(40.657837, -73.95033)"
4476,40.513924,-74.245,"(40.513924, -74.245)"
4477,40.665257,-73.76305,"(40.665257, -73.76305)"
4478,40.766296,-73.98783,"(40.766296, -73.98783)"
4479,40.759457,-73.93589,"(40.759457, -73.93589)"
4480,40.86832,-73.83317,"(40.86832, -73.83317)"
4481,40.749157,-73.86943,"(40.749157, -73.86943)"
4482,40.65785,-73.91648,"(40.65785, -73.91648)"
4483,40.842686,-73.89817,"(40.842686, -73.89817)"
4484,40.828457,-73.913895,"(40.828457, -73.913895)"
4486,40.659107,-73.99576,"(40.659107, -73.99576)"
4487,40.8156,-73.9343,"(40.8156, -73.9343)"
4488,40.6682,-73.83929,"(40.6682, -73.83929)"
4489,40.687046,-73.792114,"(40.687046, -73.792114)"
4490,40.8076,-73.93719,"(40.8076, -73.93719)"
4491,40.598614,-74.17602,"(40.598614, -74.17602)"
4492,40.718285,-73.81491,"(40.718285, -73.81491)"
4493,40.676014,-73.903465,"(40.676014, -73.903465)"
4494,40.742916,-73.99494,"(40.742916, -73.99494)"
4495,40.750828,-74.00189,"(40.750828, -74.00189)"
4496,40.748863,-73.97584,"(40.748863, -73.97584)"
4497,40.581184,-73.825096,"(40.581184, -73.825096)"
4498,40.730553,-73.84142,"(40.730553, -73.84142)"
4499,40.7308,-73.71963,"(40.7308, -73.71963)"
4500,40.69165,-73.779205,"(40.69165, -73.779205)"
4501,40.743336,-73.9511,"(40.743336, -73.9511)"
4502,40.84036,-73.91807,"(40.84036, -73.91807)"
4503,40.744453,-73.92983,"(40.744453, -73.92983)"
4504,40.70219,-73.880165,"(40.70219, -73.880165)"
4505,40.78012,-73.91153,"(40.78012, -73.91153)"
4506,40.708344,-73.91155,"(40.708344, -73.91155)"
4507,40.801754,-73.93121,"(40.801754, -73.93121)"
4508,40.77299,-73.980095,"(40.77299, -73.980095)"
4509,40.615093,-73.96436,"(40.615093, -73.96436)"
4510,40.762756,-73.82261,"(40.762756, -73.82261)"
4511,40.751835,-73.73687,"(40.751835, -73.73687)"
4512,40.68659,-74.00842,"(40.68659, -74.00842)"
4513,40.731087,-73.85327,"(40.731087, -73.85327)"
4515,40.68532,-73.98071,"(40.68532, -73.98071)"
4516,40.655983,-73.897575,"(40.655983, -73.897575)"
4517,40.725777,-73.79175,"(40.725777, -73.79175)"
4518,40.619576,-74.03265,"(40.619576, -74.03265)"
4519,40.585922,-74.10526,"(40.585922, -74.10526)"
4520,40.80642,-73.948265,"(40.80642, -73.948265)"
4521,40.860863,-73.9202,"(40.860863, -73.9202)"
4522,40.771305,-73.87664,"(40.771305, -73.87664)"
4523,40.667835,-73.89484,"(40.667835, -73.89484)"
4524,40.680756,-73.813446,"(40.680756, -73.813446)"
4525,40.715794,-74.00725,"(40.715794, -74.00725)"
4526,40.70717,-73.94491,"(40.70717, -73.94491)"
4528,40.637966,-73.981895,"(40.637966, -73.981895)"
4529,40.719276,-73.73551,"(40.719276, -73.73551)"
4530,40.599953,-73.74917,"(40.599953, -73.74917)"
4531,40.8636,-73.865005,"(40.8636, -73.865005)"
4532,40.830914,-73.92047,"(40.830914, -73.92047)"
4533,40.75522,-73.97907,"(40.75522, -73.97907)"
4534,40.774685,-73.90383,"(40.774685, -73.90383)"
4535,40.777874,-73.95175,"(40.777874, -73.95175)"
4536,40.704422,-73.99491,"(40.704422, -73.99491)"
4537,40.66607,-73.76175,"(40.66607, -73.76175)"
4538,40.76912,-73.95505,"(40.76912, -73.95505)"
4539,40.85214,-73.92071,"(40.85214, -73.92071)"
4540,40.674576,-73.84844,"(40.674576, -73.84844)"
4541,40.89675,-73.85988,"(40.89675, -73.85988)"
4542,40.697758,-73.91397,"(40.697758, -73.91397)"
4544,40.760822,-73.99832,"(40.760822, -73.99832)"
4545,40.87911,-73.84325,"(40.87911, -73.84325)"
4546,40.84153,-73.87239,"(40.84153, -73.87239)"
4547,40.819523,-73.930984,"(40.819523, -73.930984)"
4548,40.77437,-73.963554,"(40.77437, -73.963554)"
4550,40.625088,-74.010735,"(40.625088, -74.010735)"
4551,40.884033,-73.89797,"(40.884033, -73.89797)"
4552,40.792263,-73.79332,"(40.792263, -73.79332)"
4553,40.73389,-73.986465,"(40.73389, -73.986465)"
4554,40.751774,-73.98277,"(40.751774, -73.98277)"
4555,40.75203,-73.92915,"(40.75203, -73.92915)"
4556,40.74099,-73.995926,"(40.74099, -73.995926)"
4557,40.820305,-73.89083,"(40.820305, -73.89083)"
4558,40.632965,-73.92643,"(40.632965, -73.92643)"
4559,40.86663,-73.87046,"(40.86663, -73.87046)"
4560,40.83623,-73.94227,"(40.83623, -73.94227)"
4561,40.760456,-73.98374,"(40.760456, -73.98374)"
4562,40.671505,-73.90734,"(40.671505, -73.90734)"
4563,40.848736,-73.93234,"(40.848736, -73.93234)"
4564,40.84821,-73.89925,"(40.84821, -73.89925)"
4565,40.850494,-73.91546,"(40.850494, -73.91546)"
4566,40.787685,-73.97502,"(40.787685, -73.97502)"
4568,40.672527,-73.95026,"(40.672527, -73.95026)"
4569,40.62948,-73.94447,"(40.62948, -73.94447)"
4570,40.75776,-73.79774,"(40.75776, -73.79774)"
4571,40.82066,-73.84213,"(40.82066, -73.84213)"
4572,40.725777,-73.79175,"(40.725777, -73.79175)"
4573,40.830143,-73.92858,"(40.830143, -73.92858)"
4574,40.662834,-73.814255,"(40.662834, -73.814255)"
4575,40.762386,-73.81467,"(40.762386, -73.81467)"
4576,40.5868,-74.16824,"(40.5868, -74.16824)"
4577,40.74456,-73.87651,"(40.74456, -73.87651)"
4578,40.640903,-74.00035,"(40.640903, -74.00035)"
4579,40.75156,-73.829384,"(40.75156, -73.829384)"
4580,40.8305,-73.861626,"(40.8305, -73.861626)"
4581,40.7673,-73.98169,"(40.7673, -73.98169)"
4582,40.650517,-73.92359,"(40.650517, -73.92359)"
4583,40.729046,-74.00249,"(40.729046, -74.00249)"
4584,40.699955,-73.98682,"(40.699955, -73.98682)"
4585,40.824432,-73.873604,"(40.824432, -73.873604)"
4586,40.664948,-73.94262,"(40.664948, -73.94262)"
4587,40.81941,-73.85129,"(40.81941, -73.85129)"
4588,40.84519,-73.9112,"(40.84519, -73.9112)"
4589,40.75733,-73.93136,"(40.75733, -73.93136)"
4590,40.60712,-73.81943,"(40.60712, -73.81943)"
4591,40.691536,-73.99912,"(40.691536, -73.99912)"
4592,40.62873,-73.94334,"(40.62873, -73.94334)"
4593,40.736576,-73.97787,"(40.736576, -73.97787)"
4594,40.672848,-73.76405,"(40.672848, -73.76405)"
4595,40.781666,-73.986694,"(40.781666, -73.986694)"
4596,40.754364,-73.99276,"(40.754364, -73.99276)"
4597,40.637775,-73.90824,"(40.637775, -73.90824)"
4598,40.732372,-74.00348,"(40.732372, -74.00348)"
4599,40.831482,-73.89976,"(40.831482, -73.89976)"
4600,40.702534,-73.87352,"(40.702534, -73.87352)"
4601,40.618618,-74.09212,"(40.618618, -74.09212)"
4602,40.724766,-73.75399,"(40.724766, -73.75399)"
4603,40.759396,-73.79941,"(40.759396, -73.79941)"
4604,40.716587,-74.008385,"(40.716587, -74.008385)"
4605,40.71146,-73.79647,"(40.71146, -73.79647)"
4606,40.711132,-73.96655,"(40.711132, -73.96655)"
4607,40.62418,-73.97048,"(40.62418, -73.97048)"
4608,40.68111,-73.91031,"(40.68111, -73.91031)"
4609,40.661118,-73.91861,"(40.661118, -73.91861)"
4610,40.664963,-73.98982,"(40.664963, -73.98982)"
4611,40.748466,-73.87352,"(40.748466, -73.87352)"
4612,40.599144,-73.95356,"(40.599144, -73.95356)"
4613,40.757946,-73.9099,"(40.757946, -73.9099)"
4614,40.763958,-73.82814,"(40.763958, -73.82814)"
4615,40.74345,-73.9882,"(40.74345, -73.9882)"
4616,40.706566,-73.9576,"(40.706566, -73.9576)"
4617,40.784554,-73.85502,"(40.784554, -73.85502)"
4618,40.857517,-73.932205,"(40.857517, -73.932205)"
4619,40.89646,-73.86921,"(40.89646, -73.86921)"
4620,40.75939,-73.98508,"(40.75939, -73.98508)"
4621,40.804066,-73.93117,"(40.804066, -73.93117)"
4622,40.6592,-73.77306,"(40.6592, -73.77306)"
4623,40.82503,-73.93122,"(40.82503, -73.93122)"
4624,40.730194,-73.77758,"(40.730194, -73.77758)"
4625,40.76311,-73.962524,"(40.76311, -73.962524)"
4627,40.851177,-73.93925,"(40.851177, -73.93925)"
4629,40.747272,-73.96673,"(40.747272, -73.96673)"
4630,40.651867,-73.9127,"(40.651867, -73.9127)"
4631,40.642174,-74.02064,"(40.642174, -74.02064)"
4632,40.62579,-74.00119,"(40.62579, -74.00119)"
4633,40.681126,-73.96446,"(40.681126, -73.96446)"
4634,40.70052,-74.01551,"(40.70052, -74.01551)"
4635,40.75492,-73.98833,"(40.75492, -73.98833)"
4636,40.623928,-74.13725,"(40.623928, -74.13725)"
4637,40.878624,-73.88031,"(40.878624, -73.88031)"
4638,40.714478,-74.01354,"(40.714478, -74.01354)"
4639,40.83421,-73.8844,"(40.83421, -73.8844)"
4640,40.726444,-73.76579,"(40.726444, -73.76579)"
4641,40.726814,-73.83846,"(40.726814, -73.83846)"
4643,40.748177,-73.96835,"(40.748177, -73.96835)"
4644,40.634415,-73.94105,"(40.634415, -73.94105)"
4645,40.86268,-73.90905,"(40.86268, -73.90905)"
4646,40.862823,-73.92552,"(40.862823, -73.92552)"
4647,40.842335,-73.91619,"(40.842335, -73.91619)"
4648,40.879494,-73.88226,"(40.879494, -73.88226)"
4649,40.80719,-73.92431,"(40.80719, -73.92431)"
4650,40.76229,-73.986115,"(40.76229, -73.986115)"
4651,40.759712,-73.71441,"(40.759712, -73.71441)"
4652,40.750763,-73.97446,"(40.750763, -73.97446)"
4653,40.81231,-73.91648,"(40.81231, -73.91648)"
4654,40.674118,-73.89839,"(40.674118, -73.89839)"
4655,40.729404,-73.99455,"(40.729404, -73.99455)"
4656,40.815342,-73.93067,"(40.815342, -73.93067)"
4657,40.694275,-73.901855,"(40.694275, -73.901855)"
4658,40.61335,-73.92145,"(40.61335, -73.92145)"
4659,40.757694,-74.000595,"(40.757694, -74.000595)"
4660,40.717342,-73.99118,"(40.717342, -73.99118)"
4661,40.579765,-74.103806,"(40.579765, -74.103806)"
4662,40.742256,-73.97768,"(40.742256, -73.97768)"
4663,40.69931,-73.75736,"(40.69931, -73.75736)"
4665,40.580585,-73.96649,"(40.580585, -73.96649)"
4666,40.66956,-73.846344,"(40.66956, -73.846344)"
4667,40.674976,-73.898605,"(40.674976, -73.898605)"
4668,40.703648,-73.96647,"(40.703648, -73.96647)"
4669,40.75529,-73.99493,"(40.75529, -73.99493)"
4670,40.830784,-73.90503,"(40.830784, -73.90503)"
4671,40.704212,-74.0088,"(40.704212, -74.0088)"
4673,40.613213,-74.06989,"(40.613213, -74.06989)"
4674,40.756134,-73.74047,"(40.756134, -73.74047)"
4675,40.60317,-73.960075,"(40.60317, -73.960075)"
4676,40.71268,-73.815445,"(40.71268, -73.815445)"
4677,40.740543,-73.9382,"(40.740543, -73.9382)"
4678,40.880337,-73.83824,"(40.880337, -73.83824)"
4679,40.720074,-73.988365,"(40.720074, -73.988365)"
4680,40.815395,-73.927155,"(40.815395, -73.927155)"
4681,40.64664,-73.9246,"(40.64664, -73.9246)"
4682,40.669724,-73.86097,"(40.669724, -73.86097)"
4683,40.563915,-74.11637,"(40.563915, -74.11637)"
4684,40.63043,-73.88593,"(40.63043, -73.88593)"
4685,40.763668,-73.82303,"(40.763668, -73.82303)"
4686,40.646988,-73.969315,"(40.646988, -73.969315)"
4687,40.65812,-73.934006,"(40.65812, -73.934006)"
4688,40.668808,-73.80356,"(40.668808, -73.80356)"
4689,40.685192,-73.977036,"(40.685192, -73.977036)"
4690,40.592785,-74.06833,"(40.592785, -74.06833)"
4691,40.762184,-73.993614,"(40.762184, -73.993614)"
4692,40.625927,-73.94036,"(40.625927, -73.94036)"
4693,40.679653,-73.88556,"(40.679653, -73.88556)"
4694,40.563942,-74.152405,"(40.563942, -74.152405)"
4695,40.844975,-73.91877,"(40.844975, -73.91877)"
4696,40.686928,-73.98484,"(40.686928, -73.98484)"
4697,40.669823,-73.95005,"(40.669823, -73.95005)"
4698,40.68159,-74.007935,"(40.68159, -74.007935)"
4699,40.625454,-74.01283,"(40.625454, -74.01283)"
4700,40.737606,-73.74073,"(40.737606, -73.74073)"
4701,40.713135,-73.92945,"(40.713135, -73.92945)"
4702,40.576775,-73.96225,"(40.576775, -73.96225)"
4703,40.699127,-73.95567,"(40.699127, -73.95567)"
4704,40.760536,-73.95836,"(40.760536, -73.95836)"
4705,40.689445,-73.95513,"(40.689445, -73.95513)"
4706,40.84019,-73.94307,"(40.84019, -73.94307)"
4707,40.699684,-73.750565,"(40.699684, -73.750565)"
4708,40.6952,-73.92844,"(40.6952, -73.92844)"
4709,40.74044,-74.00203,"(40.74044, -74.00203)"
4711,40.75979,-73.98793,"(40.75979, -73.98793)"
4712,40.680313,-73.86844,"(40.680313, -73.86844)"
4713,40.759346,-73.91981,"(40.759346, -73.91981)"
4714,40.760464,-73.826546,"(40.760464, -73.826546)"
4715,40.748356,-73.82053,"(40.748356, -73.82053)"
4716,40.74192,-73.81646,"(40.74192, -73.81646)"
4718,40.63202,-73.94877,"(40.63202, -73.94877)"
4719,40.65318,-74.00561,"(40.65318, -74.00561)"
4720,40.8213,-73.88033,"(40.8213, -73.88033)"
4722,40.640976,-73.94814,"(40.640976, -73.94814)"
4723,40.63309,-74.16168,"(40.63309, -74.16168)"
4724,40.72136,-73.99362,"(40.72136, -73.99362)"
4725,40.617702,-74.09408,"(40.617702, -74.09408)"
4726,40.606358,-74.120926,"(40.606358, -74.120926)"
4727,40.892128,-73.84719,"(40.892128, -73.84719)"
4728,40.69691,-73.815125,"(40.69691, -73.815125)"
4729,40.87237,-73.88559,"(40.87237, -73.88559)"
4730,40.7879,-73.95368,"(40.7879, -73.95368)"
4731,40.74782,-73.99665,"(40.74782, -73.99665)"
4733,40.82523,-73.94761,"(40.82523, -73.94761)"
4734,40.601532,-73.98703,"(40.601532, -73.98703)"
4735,40.75645,-73.97032,"(40.75645, -73.97032)"
4736,40.787735,-73.78986,"(40.787735, -73.78986)"
4737,40.635258,-73.92745,"(40.635258, -73.92745)"
4738,40.7406,-73.879326,"(40.7406, -73.879326)"
4739,40.7092,-73.9919,"(40.7092, -73.9919)"
4740,40.65777,-73.93962,"(40.65777, -73.93962)"
4741,40.73395,-73.87178,"(40.73395, -73.87178)"
4742,40.71787,-73.997116,"(40.71787, -73.997116)"
4743,40.76432,-73.9772,"(40.76432, -73.9772)"
4744,40.82564,-73.848206,"(40.82564, -73.848206)"
4745,40.711994,-73.73882,"(40.711994, -73.73882)"
4746,40.65342,-73.88898,"(40.65342, -73.88898)"
4747,40.79398,-73.97229,"(40.79398, -73.97229)"
4748,40.845642,-73.90211,"(40.845642, -73.90211)"
4749,40.819572,-73.95175,"(40.819572, -73.95175)"
4750,40.683422,-73.865486,"(40.683422, -73.865486)"
4751,40.764915,-73.95517,"(40.764915, -73.95517)"
4752,40.741028,-73.93432,"(40.741028, -73.93432)"
4753,40.679035,-73.938515,"(40.679035, -73.938515)"
4754,40.660946,-73.96067,"(40.660946, -73.96067)"
4755,40.613503,-74.179504,"(40.613503, -74.179504)"
4756,40.595932,-73.75963,"(40.595932, -73.75963)"
4757,40.819878,-73.90153,"(40.819878, -73.90153)"
4758,40.659584,-74.00247,"(40.659584, -74.00247)"
4759,40.65736,-73.84046,"(40.65736, -73.84046)"
4760,40.69832,-73.962265,"(40.69832, -73.962265)"
4761,40.679935,-73.776375,"(40.679935, -73.776375)"
4762,40.761826,-73.920006,"(40.761826, -73.920006)"
4763,40.567966,-74.1231,"(40.567966, -74.1231)"
4764,40.663296,-73.88979,"(40.663296, -73.88979)"
4765,40.764267,-73.722946,"(40.764267, -73.722946)"
4766,40.66645,-73.75764,"(40.66645, -73.75764)"
4767,40.870453,-73.83379,"(40.870453, -73.83379)"
4768,40.839806,-73.88113,"(40.839806, -73.88113)"
4769,40.663307,-73.81842,"(40.663307, -73.81842)"
4770,40.66549,-73.75236,"(40.66549, -73.75236)"
4771,40.65274,-74.009384,"(40.65274, -74.009384)"
4772,40.78169,-73.94897,"(40.78169, -73.94897)"
4773,40.734375,-73.87342,"(40.734375, -73.87342)"
4774,40.7171,-73.9986,"(40.7171, -73.9986)"
4775,40.672558,-73.99883,"(40.672558, -73.99883)"
4776,40.763893,-73.915,"(40.763893, -73.915)"
4777,40.7266,-74.00744,"(40.7266, -74.00744)"
4778,40.71572,-73.825745,"(40.71572, -73.825745)"
4779,40.86789,-73.86729,"(40.86789, -73.86729)"
4780,40.816864,-73.882744,"(40.816864, -73.882744)"
4781,40.76457,-73.97364,"(40.76457, -73.97364)"
4782,40.759686,-73.9858,"(40.759686, -73.9858)"
4783,40.84126,-73.92805,"(40.84126, -73.92805)"
4784,40.67181,-73.998795,"(40.67181, -73.998795)"
4785,40.72419,-73.790886,"(40.72419, -73.790886)"
4786,40.702156,-73.92719,"(40.702156, -73.92719)"
4787,40.80719,-73.92431,"(40.80719, -73.92431)"
4788,40.779804,-73.98448,"(40.779804, -73.98448)"
4789,40.608757,-74.038086,"(40.608757, -74.038086)"
4790,40.779633,-73.91084,"(40.779633, -73.91084)"
4791,40.640583,-73.95573,"(40.640583, -73.95573)"
4792,40.61243,-73.96386,"(40.61243, -73.96386)"
4793,40.85232,-73.86301,"(40.85232, -73.86301)"
4794,40.81608,-73.917694,"(40.81608, -73.917694)"
4795,40.752228,-73.93911,"(40.752228, -73.93911)"
4796,40.727516,-73.951454,"(40.727516, -73.951454)"
4797,40.680313,-73.842026,"(40.680313, -73.842026)"
4798,40.75003,-73.98434,"(40.75003, -73.98434)"
4799,40.83805,-73.91945,"(40.83805, -73.91945)"
4800,40.666973,-73.89849,"(40.666973, -73.89849)"
4801,40.600136,-74.11303,"(40.600136, -74.11303)"
4802,40.878742,-73.87255,"(40.878742, -73.87255)"
4803,40.756653,-73.98635,"(40.756653, -73.98635)"
4805,40.76507,-73.964035,"(40.76507, -73.964035)"
4806,40.82065,-73.917725,"(40.82065, -73.917725)"
4807,40.809483,-73.945496,"(40.809483, -73.945496)"
4808,40.609108,-73.74685,"(40.609108, -73.74685)"
4809,40.669403,-73.94221,"(40.669403, -73.94221)"
4810,40.654682,-73.94134,"(40.654682, -73.94134)"
4811,40.60283,-73.99533,"(40.60283, -73.99533)"
4812,40.88144,-73.848755,"(40.88144, -73.848755)"
4813,40.696117,-73.970436,"(40.696117, -73.970436)"
4814,40.707092,-73.89724,"(40.707092, -73.89724)"
4815,40.630127,-73.94482,"(40.630127, -73.94482)"
4816,40.738995,-73.75635,"(40.738995, -73.75635)"
4817,40.6993,-73.91361,"(40.6993, -73.91361)"
4818,40.587303,-73.96036,"(40.587303, -73.96036)"
4819,40.674904,-73.94447,"(40.674904, -73.94447)"
4820,40.778492,-73.92583,"(40.778492, -73.92583)"
4821,40.73907,-73.84753,"(40.73907, -73.84753)"
4822,40.783566,-73.77733,"(40.783566, -73.77733)"
4823,40.68659,-74.00842,"(40.68659, -74.00842)"
4824,40.812473,-73.90542,"(40.812473, -73.90542)"
4825,40.73798,-73.98083,"(40.73798, -73.98083)"
4826,40.735256,-73.79469,"(40.735256, -73.79469)"
4827,40.762394,-73.97861,"(40.762394, -73.97861)"
4829,40.737965,-73.98687,"(40.737965, -73.98687)"
4830,40.72218,-73.949875,"(40.72218, -73.949875)"
4832,40.666122,-73.93139,"(40.666122, -73.93139)"
4833,40.832714,-73.868256,"(40.832714, -73.868256)"
4834,40.55464,-74.14608,"(40.55464, -74.14608)"
4835,40.606182,-74.07613,"(40.606182, -74.07613)"
4836,40.64367,-74.015495,"(40.64367, -74.015495)"
4837,40.856045,-73.90079,"(40.856045, -73.90079)"
4838,40.66308,-73.89464,"(40.66308, -73.89464)"
4839,40.637127,-73.99711,"(40.637127, -73.99711)"
4840,40.678013,-73.905975,"(40.678013, -73.905975)"
4841,40.604782,-73.754005,"(40.604782, -73.754005)"
4842,40.79522,-73.921524,"(40.79522, -73.921524)"
4843,40.842503,-73.92797,"(40.842503, -73.92797)"
4844,40.84271,-73.885666,"(40.84271, -73.885666)"
4845,40.681664,-73.934784,"(40.681664, -73.934784)"
4846,40.75426,-73.74334,"(40.75426, -73.74334)"
4848,40.663544,-73.86949,"(40.663544, -73.86949)"
4849,40.59392,-73.97367,"(40.59392, -73.97367)"
4850,40.77873,-73.97784,"(40.77873, -73.97784)"
4851,40.67069,-73.91703,"(40.67069, -73.91703)"
4852,40.792362,-73.96418,"(40.792362, -73.96418)"
4853,40.66255,-73.90893,"(40.66255, -73.90893)"
4854,40.66454,-73.82276,"(40.66454, -73.82276)"
4855,40.720623,-73.94275,"(40.720623, -73.94275)"
4856,40.750763,-73.97446,"(40.750763, -73.97446)"
4857,40.756653,-73.97858,"(40.756653, -73.97858)"
4858,40.778595,-73.8469,"(40.778595, -73.8469)"
4859,40.67308,-73.91124,"(40.67308, -73.91124)"
4860,40.69535,-73.72685,"(40.69535, -73.72685)"
4861,40.744507,-73.85556,"(40.744507, -73.85556)"
4862,40.76802,-73.78845,"(40.76802, -73.78845)"
4863,40.697933,-73.892006,"(40.697933, -73.892006)"
4864,40.75426,-73.74334,"(40.75426, -73.74334)"
4865,40.865143,-73.87204,"(40.865143, -73.87204)"
4866,40.790443,-73.97488,"(40.790443, -73.97488)"
4867,40.666306,-73.79171,"(40.666306, -73.79171)"
4868,40.702927,-73.74926,"(40.702927, -73.74926)"
4869,40.623367,-73.989494,"(40.623367, -73.989494)"
4870,40.62149,-74.02622,"(40.62149, -74.02622)"
4871,40.674034,-73.899,"(40.674034, -73.899)"
4872,40.666718,-73.89162,"(40.666718, -73.89162)"
4873,40.615185,-73.98367,"(40.615185, -73.98367)"
4874,40.651974,-73.86542,"(40.651974, -73.86542)"
4875,40.65993,-73.891655,"(40.65993, -73.891655)"
4876,40.733715,-73.98822,"(40.733715, -73.98822)"
4877,40.689598,-73.91025,"(40.689598, -73.91025)"
4878,40.827663,-73.85522,"(40.827663, -73.85522)"
4879,40.74977,-73.987785,"(40.74977, -73.987785)"
4880,40.865387,-73.893456,"(40.865387, -73.893456)"
4881,40.69036,-73.91069,"(40.69036, -73.91069)"
4882,40.73177,-73.866714,"(40.73177, -73.866714)"
4883,40.871117,-73.87683,"(40.871117, -73.87683)"
4884,40.68272,-73.82912,"(40.68272, -73.82912)"
4885,40.73735,-73.98422,"(40.73735, -73.98422)"
4886,40.76284,-73.9619,"(40.76284, -73.9619)"
4887,40.709198,-73.99609,"(40.709198, -73.99609)"
4888,40.76812,-73.95887,"(40.76812, -73.95887)"
4889,40.732243,-73.87013,"(40.732243, -73.87013)"
4890,40.722572,-73.851364,"(40.722572, -73.851364)"
4891,40.668247,-73.84602,"(40.668247, -73.84602)"
4892,40.758514,-73.91939,"(40.758514, -73.91939)"
4893,40.73501,-73.99541,"(40.73501, -73.99541)"
4894,40.770817,-73.99269,"(40.770817, -73.99269)"
4895,40.650173,-73.97383,"(40.650173, -73.97383)"
4896,40.711243,-73.793335,"(40.711243, -73.793335)"
4897,40.8451,-73.91878,"(40.8451, -73.91878)"
4898,40.84481,-73.85832,"(40.84481, -73.85832)"
4899,40.856537,-73.87257,"(40.856537, -73.87257)"
4900,40.8337,-73.879845,"(40.8337, -73.879845)"
4901,40.807697,-73.937126,"(40.807697, -73.937126)"
4902,40.62769,-74.13786,"(40.62769, -74.13786)"
4903,40.789368,-73.81153,"(40.789368, -73.81153)"
4904,40.729774,-73.85252,"(40.729774, -73.85252)"
4905,40.66157,-73.91548,"(40.66157, -73.91548)"
4906,40.70969,-73.921585,"(40.70969, -73.921585)"
4907,40.665028,-73.747215,"(40.665028, -73.747215)"
4908,40.721233,-73.73634,"(40.721233, -73.73634)"
4909,40.87584,-73.90314,"(40.87584, -73.90314)"
4910,40.66401,-73.99771,"(40.66401, -73.99771)"
4911,40.608364,-73.95727,"(40.608364, -73.95727)"
4912,40.635582,-73.99155,"(40.635582, -73.99155)"
4913,40.746666,-73.8749,"(40.746666, -73.8749)"
4914,40.661724,-74.0001,"(40.661724, -74.0001)"
4915,40.608562,-74.1472,"(40.608562, -74.1472)"
4916,40.616814,-73.94396,"(40.616814, -73.94396)"
4917,40.802753,-73.93358,"(40.802753, -73.93358)"
4918,40.655495,-73.88833,"(40.655495, -73.88833)"
4919,40.74327,-73.961464,"(40.74327, -73.961464)"
4920,40.69093,-73.9113,"(40.69093, -73.9113)"
4921,40.663364,-73.76383,"(40.663364, -73.76383)"
4922,40.71723,-74.0048,"(40.71723, -74.0048)"
4923,40.613674,-74.06585,"(40.613674, -74.06585)"
4924,40.67452,-73.878044,"(40.67452, -73.878044)"
4925,40.642574,-73.90235,"(40.642574, -73.90235)"
4926,40.66951,-73.90683,"(40.66951, -73.90683)"
4927,40.674747,-73.97064,"(40.674747, -73.97064)"
4928,40.66276,-73.944214,"(40.66276, -73.944214)"
4929,40.86304,-73.85807,"(40.86304, -73.85807)"
4930,40.74111,-73.89842,"(40.74111, -73.89842)"
4933,40.734276,-73.8477,"(40.734276, -73.8477)"
4935,40.708347,-73.96724,"(40.708347, -73.96724)"
4936,40.719543,-73.85914,"(40.719543, -73.85914)"
4937,40.679653,-73.77724,"(40.679653, -73.77724)"
4938,40.757446,-73.81848,"(40.757446, -73.81848)"
4939,40.76066,-73.943306,"(40.76066, -73.943306)"
4940,40.827583,-73.82328,"(40.827583, -73.82328)"
4941,40.708466,-73.73479,"(40.708466, -73.73479)"
4942,40.79184,-73.823524,"(40.79184, -73.823524)"
4943,40.760612,-73.872894,"(40.760612, -73.872894)"
4944,40.60359,-74.13156,"(40.60359, -74.13156)"
4945,40.73783,-73.9357,"(40.73783, -73.9357)"
4946,40.76099,-73.97722,"(40.76099, -73.97722)"
4947,40.695957,-73.742744,"(40.695957, -73.742744)"
4948,40.696205,-73.96159,"(40.696205, -73.96159)"
4949,40.727966,-73.95007,"(40.727966, -73.95007)"
4950,40.861862,-73.91282,"(40.861862, -73.91282)"
4951,40.844105,-73.923065,"(40.844105, -73.923065)"
4952,40.755486,-73.82472,"(40.755486, -73.82472)"
4953,40.743336,-73.9511,"(40.743336, -73.9511)"
4954,40.639854,-73.983505,"(40.639854, -73.983505)"
4955,40.857117,-73.89907,"(40.857117, -73.89907)"
4956,40.712,-73.82546,"(40.712, -73.82546)"
4957,40.55025,-74.22132,"(40.55025, -74.22132)"
4958,40.737537,-73.929955,"(40.737537, -73.929955)"
4959,40.72145,-73.851944,"(40.72145, -73.851944)"
4960,40.678238,-73.94415,"(40.678238, -73.94415)"
4961,40.760857,-73.961075,"(40.760857, -73.961075)"
4962,40.69802,-73.97499,"(40.69802, -73.97499)"
4963,40.62578,-74.02416,"(40.62578, -74.02416)"
4964,40.69249,-73.81706,"(40.69249, -73.81706)"
4965,40.659027,-73.98508,"(40.659027, -73.98508)"
4966,40.57437,-74.10584,"(40.57437, -74.10584)"
4967,40.85914,-73.81824,"(40.85914, -73.81824)"
4969,40.729557,-73.98991,"(40.729557, -73.98991)"
4970,40.763416,-73.92844,"(40.763416, -73.92844)"
4971,40.587166,-73.96169,"(40.587166, -73.96169)"
4972,40.740707,-73.813095,"(40.740707, -73.813095)"
4973,40.579193,-73.95435,"(40.579193, -73.95435)"
4974,40.696358,-73.93414,"(40.696358, -73.93414)"
4975,40.75167,-73.94188,"(40.75167, -73.94188)"
4976,40.828316,-73.93118,"(40.828316, -73.93118)"
4977,40.831,-73.82652,"(40.831, -73.82652)"
4978,40.620914,-73.9753,"(40.620914, -73.9753)"
4979,40.72595,-73.72148,"(40.72595, -73.72148)"
4980,40.601917,-73.971436,"(40.601917, -73.971436)"
4981,40.68149,-73.87972,"(40.68149, -73.87972)"
4982,40.666294,-73.89445,"(40.666294, -73.89445)"
4983,40.711777,-73.99971,"(40.711777, -73.99971)"
4984,40.76635,-73.98314,"(40.76635, -73.98314)"
4985,40.818947,-73.95221,"(40.818947, -73.95221)"
4987,40.711212,-73.96339,"(40.711212, -73.96339)"
4989,40.83918,-73.94115,"(40.83918, -73.94115)"
4990,40.684277,-73.78302,"(40.684277, -73.78302)"
4991,40.723648,-73.99103,"(40.723648, -73.99103)"
4992,40.862446,-73.907845,"(40.862446, -73.907845)"
4993,40.64006,-73.94731,"(40.64006, -73.94731)"
4994,40.60715,-73.89837,"(40.60715, -73.89837)"
4995,40.72757,-73.94698,"(40.72757, -73.94698)"
4996,40.636684,-73.74054,"(40.636684, -73.74054)"
4997,40.73675,-73.87767,"(40.73675, -73.87767)"
4998,40.715168,-74.000534,"(40.715168, -74.000534)"
4999,40.83968,-73.929276,"(40.83968, -73.929276)"
5000,40.85918,-73.88497,"(40.85918, -73.88497)"
5001,40.743958,-73.833664,"(40.743958, -73.833664)"
5002,40.725056,-73.73839,"(40.725056, -73.73839)"
5003,40.618416,-74.079895,"(40.618416, -74.079895)"
5004,40.7043,-73.75562,"(40.7043, -73.75562)"
5005,40.74656,-73.917885,"(40.74656, -73.917885)"
5006,40.59399,-73.9962,"(40.59399, -73.9962)"
5007,40.855854,-73.85555,"(40.855854, -73.85555)"
5008,40.583664,-73.98656,"(40.583664, -73.98656)"
5009,40.713287,-73.87163,"(40.713287, -73.87163)"
5010,40.743156,-73.97213,"(40.743156, -73.97213)"
5011,40.693924,-73.97101,"(40.693924, -73.97101)"
5012,40.67578,-74.0014,"(40.67578, -74.0014)"
5013,40.723454,-73.94033,"(40.723454, -73.94033)"
5014,40.62104,-74.03206,"(40.62104, -74.03206)"
5015,40.687355,-73.9183,"(40.687355, -73.9183)"
5016,40.739616,-73.78612,"(40.739616, -73.78612)"
5017,40.805737,-73.94065,"(40.805737, -73.94065)"
5018,40.711037,-73.81445,"(40.711037, -73.81445)"
5019,40.78517,-73.973145,"(40.78517, -73.973145)"
5020,40.767174,-73.93765,"(40.767174, -73.93765)"
5021,40.52128,-74.23946,"(40.52128, -74.23946)"
5022,40.86697,-73.837326,"(40.86697, -73.837326)"
5023,40.767838,-73.98137,"(40.767838, -73.98137)"
5024,40.556923,-74.17485,"(40.556923, -74.17485)"
5025,40.665535,-73.93699,"(40.665535, -73.93699)"
5026,40.713394,-73.85956,"(40.713394, -73.85956)"
5027,40.693394,-73.78894,"(40.693394, -73.78894)"
5028,40.60569,-73.98029,"(40.60569, -73.98029)"
5029,40.808163,-73.92653,"(40.808163, -73.92653)"
5030,40.62994,-74.023415,"(40.62994, -74.023415)"
5031,40.574158,-74.11669,"(40.574158, -74.11669)"
5032,40.796738,-73.92925,"(40.796738, -73.92925)"
5033,40.70058,-73.80775,"(40.70058, -73.80775)"
5034,40.87227,-73.88562,"(40.87227, -73.88562)"
5035,40.846863,-73.90142,"(40.846863, -73.90142)"
5036,40.63961,-74.13,"(40.63961, -74.13)"
5037,40.803593,-73.919785,"(40.803593, -73.919785)"
5038,40.726437,-74.00566,"(40.726437, -74.00566)"
5039,40.621735,-74.138374,"(40.621735, -74.138374)"
5040,40.76941,-73.87621,"(40.76941, -73.87621)"
5041,40.820515,-73.930695,"(40.820515, -73.930695)"
5042,40.767494,-73.95933,"(40.767494, -73.95933)"
5043,40.700676,-73.895874,"(40.700676, -73.895874)"
5044,40.63466,-73.91462,"(40.63466, -73.91462)"
5045,40.731018,-73.985916,"(40.731018, -73.985916)"
5046,40.655422,-73.95007,"(40.655422, -73.95007)"
5047,40.87028,-73.878395,"(40.87028, -73.878395)"
5048,40.74091,-73.726654,"(40.74091, -73.726654)"
5049,40.76452,-73.98231,"(40.76452, -73.98231)"
5050,40.740425,-73.77579,"(40.740425, -73.77579)"
5051,40.761173,-73.95789,"(40.761173, -73.95789)"
5052,40.669094,-73.89711,"(40.669094, -73.89711)"
5053,40.65317,-73.866875,"(40.65317, -73.866875)"
5054,40.718353,-73.7654,"(40.718353, -73.7654)"
5055,40.734642,-73.74145,"(40.734642, -73.74145)"
5056,40.699017,-73.80696,"(40.699017, -73.80696)"
5057,40.654922,-74.014496,"(40.654922, -74.014496)"
5058,40.76812,-73.95887,"(40.76812, -73.95887)"
5059,40.682396,-73.89454,"(40.682396, -73.89454)"
5060,40.74425,-73.7334,"(40.74425, -73.7334)"
5061,40.576775,-73.96225,"(40.576775, -73.96225)"
5062,40.844696,-73.825096,"(40.844696, -73.825096)"
5064,40.679535,-73.83176,"(40.679535, -73.83176)"
5065,40.602947,-73.89932,"(40.602947, -73.89932)"
5066,40.71337,-73.934814,"(40.71337, -73.934814)"
5067,40.628117,-73.956856,"(40.628117, -73.956856)"
5068,40.752316,-73.86263,"(40.752316, -73.86263)"
5069,40.734493,-74.00589,"(40.734493, -74.00589)"
5070,40.751297,-73.73986,"(40.751297, -73.73986)"
5071,40.639927,-73.94939,"(40.639927, -73.94939)"
5072,40.690018,-73.80324,"(40.690018, -73.80324)"
5073,40.844982,-73.88244,"(40.844982, -73.88244)"
5074,40.667976,-73.79814,"(40.667976, -73.79814)"
5075,40.674088,-73.79837,"(40.674088, -73.79837)"
5076,40.668724,-73.82145,"(40.668724, -73.82145)"
5078,40.733776,-73.98836,"(40.733776, -73.98836)"
5079,40.760956,-73.93576,"(40.760956, -73.93576)"
5080,40.739506,-73.98476,"(40.739506, -73.98476)"
5081,40.68193,-73.976746,"(40.68193, -73.976746)"
5082,0.0,0.0,"(0.0, 0.0)"
5083,40.709404,-74.01483,"(40.709404, -74.01483)"
5084,40.671097,-73.731255,"(40.671097, -73.731255)"
5085,40.5916,-73.960686,"(40.5916, -73.960686)"
5086,40.726494,-73.91469,"(40.726494, -73.91469)"
5087,40.758427,-73.99264,"(40.758427, -73.99264)"
5089,40.690212,-73.853714,"(40.690212, -73.853714)"
5090,40.816555,-73.91677,"(40.816555, -73.91677)"
5091,40.828976,-73.9486,"(40.828976, -73.9486)"
5092,40.818188,-73.9379,"(40.818188, -73.9379)"
5093,40.89675,-73.85988,"(40.89675, -73.85988)"
5094,40.714787,-73.91331,"(40.714787, -73.91331)"
5095,40.66919,-73.99682,"(40.66919, -73.99682)"
5096,40.761745,-73.92226,"(40.761745, -73.92226)"
5097,40.66561,-73.73568,"(40.66561, -73.73568)"
5098,40.873657,-73.89838,"(40.873657, -73.89838)"
5099,40.579437,-74.1088,"(40.579437, -74.1088)"
5100,40.875492,-73.86052,"(40.875492, -73.86052)"
5101,40.761993,-73.75849,"(40.761993, -73.75849)"
5102,40.750294,-73.99485,"(40.750294, -73.99485)"
5104,40.688198,-73.800575,"(40.688198, -73.800575)"
5105,40.638927,-73.948296,"(40.638927, -73.948296)"
5106,40.671005,-73.99142,"(40.671005, -73.99142)"
5107,40.72337,-73.8483,"(40.72337, -73.8483)"
5108,40.72266,-73.997986,"(40.72266, -73.997986)"
5109,40.608757,-74.038086,"(40.608757, -74.038086)"
5110,40.790417,-73.95184,"(40.790417, -73.95184)"
5111,40.673508,-73.81607,"(40.673508, -73.81607)"
5112,40.752068,-73.823845,"(40.752068, -73.823845)"
5113,40.84543,-73.91399,"(40.84543, -73.91399)"
5114,40.79996,-73.94698,"(40.79996, -73.94698)"
5115,40.738945,-74.00326,"(40.738945, -74.00326)"
5116,40.63396,-74.01476,"(40.63396, -74.01476)"
5117,40.609917,-73.89746,"(40.609917, -73.89746)"
5118,40.65264,-73.949776,"(40.65264, -73.949776)"
5119,40.67641,-73.98047,"(40.67641, -73.98047)"
5120,40.63063,-74.00923,"(40.63063, -74.00923)"
5121,40.685684,-73.91143,"(40.685684, -73.91143)"
5122,40.768913,-73.88873,"(40.768913, -73.88873)"
5123,40.862064,-73.89484,"(40.862064, -73.89484)"
5124,40.61536,-73.987076,"(40.61536, -73.987076)"
5125,40.75714,-73.8271,"(40.75714, -73.8271)"
5126,40.752117,-73.977684,"(40.752117, -73.977684)"
5127,40.763958,-73.82814,"(40.763958, -73.82814)"
5128,40.588562,-74.14584,"(40.588562, -74.14584)"
5129,40.754528,-73.7719,"(40.754528, -73.7719)"
5130,40.759686,-73.821175,"(40.759686, -73.821175)"
5131,40.766685,-73.892136,"(40.766685, -73.892136)"
5133,40.67948,-73.995384,"(40.67948, -73.995384)"
5134,40.706738,-73.836525,"(40.706738, -73.836525)"
5135,40.74544,-73.9754,"(40.74544, -73.9754)"
5138,40.79522,-73.921524,"(40.79522, -73.921524)"
5139,40.694687,-73.942184,"(40.694687, -73.942184)"
5140,40.71997,-73.992905,"(40.71997, -73.992905)"
5141,40.828125,-73.84105,"(40.828125, -73.84105)"
5142,40.728962,-73.85523,"(40.728962, -73.85523)"
5144,40.756916,-73.985985,"(40.756916, -73.985985)"
5145,40.86769,-73.92122,"(40.86769, -73.92122)"
5146,40.727844,-73.90658,"(40.727844, -73.90658)"
5147,40.661995,-73.91959,"(40.661995, -73.91959)"
5148,40.77039,-73.91771,"(40.77039, -73.91771)"
5149,40.728283,-73.82941,"(40.728283, -73.82941)"
5150,40.590305,-73.95265,"(40.590305, -73.95265)"
5151,40.75578,-74.00199,"(40.75578, -74.00199)"
5152,40.7879,-73.95368,"(40.7879, -73.95368)"
5153,40.708527,-73.87172,"(40.708527, -73.87172)"
5154,40.658787,-73.99977,"(40.658787, -73.99977)"
5155,40.671906,-73.73081,"(40.671906, -73.73081)"
5157,40.5088,-74.24776,"(40.5088, -74.24776)"
5158,40.76276,-73.98946,"(40.76276, -73.98946)"
5159,40.647297,-73.9803,"(40.647297, -73.9803)"
5160,40.634914,-73.99497,"(40.634914, -73.99497)"
5161,40.822105,-73.90062,"(40.822105, -73.90062)"
5163,40.772984,-73.925354,"(40.772984, -73.925354)"
5164,40.79085,-73.98152,"(40.79085, -73.98152)"
5165,40.58313,-73.9654,"(40.58313, -73.9654)"
5166,40.66796,-73.77155,"(40.66796, -73.77155)"
5167,40.61991,-73.98375,"(40.61991, -73.98375)"
5168,40.738415,-73.84899,"(40.738415, -73.84899)"
5169,40.709198,-73.99609,"(40.709198, -73.99609)"
5170,40.827595,-73.85004,"(40.827595, -73.85004)"
5171,40.785294,-73.969345,"(40.785294, -73.969345)"
5172,40.829655,-73.91729,"(40.829655, -73.91729)"
5173,40.74831,-73.82599,"(40.74831, -73.82599)"
5174,40.610653,-73.95355,"(40.610653, -73.95355)"
5175,40.675976,-73.921936,"(40.675976, -73.921936)"
5176,40.714676,-74.0059,"(40.714676, -74.0059)"
5178,40.728962,-73.85523,"(40.728962, -73.85523)"
5179,40.775,-73.9631,"(40.775, -73.9631)"
5180,40.624027,-73.97185,"(40.624027, -73.97185)"
5181,40.647114,-73.96168,"(40.647114, -73.96168)"
5182,40.581783,-73.94808,"(40.581783, -73.94808)"
5183,40.765842,-73.965096,"(40.765842, -73.965096)"
5184,40.657665,-74.00093,"(40.657665, -74.00093)"
5185,40.696785,-73.95659,"(40.696785, -73.95659)"
5186,40.68542,-73.76526,"(40.68542, -73.76526)"
5187,40.628654,-73.99517,"(40.628654, -73.99517)"
5188,40.786545,-73.95256,"(40.786545, -73.95256)"
5189,40.5841,-73.96566,"(40.5841, -73.96566)"
5190,40.760452,-73.75383,"(40.760452, -73.75383)"
5191,40.756382,-73.96433,"(40.756382, -73.96433)"
5192,40.663902,-73.93993,"(40.663902, -73.93993)"
5194,40.740982,-73.946304,"(40.740982, -73.946304)"
5195,40.854053,-73.88417,"(40.854053, -73.88417)"
5196,40.66612,-73.82225,"(40.66612, -73.82225)"
5197,40.843246,-73.94505,"(40.843246, -73.94505)"
5198,40.828983,-73.84404,"(40.828983, -73.84404)"
5199,40.885532,-73.894684,"(40.885532, -73.894684)"
5200,40.667114,-73.834656,"(40.667114, -73.834656)"
5201,40.7556,-73.99181,"(40.7556, -73.99181)"
5202,40.73908,-74.00309,"(40.73908, -74.00309)"
5203,40.53274,-74.19024,"(40.53274, -74.19024)"
5204,40.6101,-74.11668,"(40.6101, -74.11668)"
5205,40.648197,-73.91023,"(40.648197, -73.91023)"
5206,40.724934,-73.82976,"(40.724934, -73.82976)"
5207,40.895195,-73.88012,"(40.895195, -73.88012)"
5208,40.66852,-73.890175,"(40.66852, -73.890175)"
5209,40.75667,-73.828804,"(40.75667, -73.828804)"
5210,40.6148,-73.98766,"(40.6148, -73.98766)"
5211,40.63932,-74.02356,"(40.63932, -74.02356)"
5212,40.720886,-73.94087,"(40.720886, -73.94087)"
5213,40.626293,-74.01572,"(40.626293, -74.01572)"
5214,40.697823,-73.79586,"(40.697823, -73.79586)"
5215,40.760536,-73.994804,"(40.760536, -73.994804)"
5216,40.669476,-73.919975,"(40.669476, -73.919975)"
5217,40.699997,-73.92447,"(40.699997, -73.92447)"
5218,40.676647,-73.77816,"(40.676647, -73.77816)"
5219,40.69611,-73.96406,"(40.69611, -73.96406)"
5220,40.843365,-73.91545,"(40.843365, -73.91545)"
5221,40.649982,-73.91183,"(40.649982, -73.91183)"
5222,40.52864,-74.21685,"(40.52864, -74.21685)"
5223,40.87642,-73.87579,"(40.87642, -73.87579)"
5224,40.843136,-73.784966,"(40.843136, -73.784966)"
5225,40.669113,-73.95336,"(40.669113, -73.95336)"
5226,40.835808,-73.949455,"(40.835808, -73.949455)"
5227,40.699436,-73.91229,"(40.699436, -73.91229)"
5228,40.745724,-73.97813,"(40.745724, -73.97813)"
5229,40.665627,-73.909706,"(40.665627, -73.909706)"
5230,40.753384,-73.992615,"(40.753384, -73.992615)"
5231,40.786438,-73.942406,"(40.786438, -73.942406)"
5232,40.605034,-74.073586,"(40.605034, -74.073586)"
5233,40.75609,-73.85858,"(40.75609, -73.85858)"
5234,40.66223,-73.93997,"(40.66223, -73.93997)"
5235,40.524105,-74.186195,"(40.524105, -74.186195)"
5237,40.78168,-73.84595,"(40.78168, -73.84595)"
5238,40.879307,-73.90295,"(40.879307, -73.90295)"
5239,40.867496,-73.89758,"(40.867496, -73.89758)"
5240,40.68186,-73.98828,"(40.68186, -73.98828)"
5241,40.643745,-73.97009,"(40.643745, -73.97009)"
5243,40.808376,-73.92906,"(40.808376, -73.92906)"
5244,40.693787,-73.81173,"(40.693787, -73.81173)"
5245,40.61407,-74.08342,"(40.61407, -74.08342)"
5246,40.71473,-73.94208,"(40.71473, -73.94208)"
5247,40.73282,-73.797676,"(40.73282, -73.797676)"
5248,40.642002,-73.898834,"(40.642002, -73.898834)"
5249,40.85335,-73.86487,"(40.85335, -73.86487)"
5250,40.768875,-73.94898,"(40.768875, -73.94898)"
5251,40.7083,-74.01125,"(40.7083, -74.01125)"
5252,40.73821,-73.866486,"(40.73821, -73.866486)"
5253,40.7429,-73.99281,"(40.7429, -73.99281)"
5254,40.748356,-74.00369,"(40.748356, -74.00369)"
5255,40.622826,-73.938416,"(40.622826, -73.938416)"
5256,40.691612,-73.83667,"(40.691612, -73.83667)"
5257,40.678722,-73.952995,"(40.678722, -73.952995)"
5259,40.71137,-74.00862,"(40.71137, -74.00862)"
5260,40.618137,-73.9588,"(40.618137, -73.9588)"
5261,40.729416,-73.82279,"(40.729416, -73.82279)"
5262,40.606876,-73.94795,"(40.606876, -73.94795)"
5263,40.756947,-73.79191,"(40.756947, -73.79191)"
5264,40.65258,-73.74452,"(40.65258, -73.74452)"
5265,40.75514,-73.92213,"(40.75514, -73.92213)"
5266,40.83806,-73.94665,"(40.83806, -73.94665)"
5267,40.629627,-74.013695,"(40.629627, -74.013695)"
5268,40.752052,-74.000984,"(40.752052, -74.000984)"
5269,40.758255,-73.7772,"(40.758255, -73.7772)"
5270,40.68816,-73.848854,"(40.68816, -73.848854)"
5271,40.690346,-73.80705,"(40.690346, -73.80705)"
5272,40.701782,-74.01117,"(40.701782, -74.01117)"
5273,40.766422,-73.778534,"(40.766422, -73.778534)"
5275,40.68782,-73.949615,"(40.68782, -73.949615)"
5276,40.574104,-74.13095,"(40.574104, -74.13095)"
5277,40.744846,-73.835686,"(40.744846, -73.835686)"
5279,40.583687,-73.94487,"(40.583687, -73.94487)"
5280,40.75539,-73.828285,"(40.75539, -73.828285)"
5281,40.753166,-73.82194,"(40.753166, -73.82194)"
5282,40.75819,-73.82318,"(40.75819, -73.82318)"
5283,40.68876,-73.98085,"(40.68876, -73.98085)"
5285,40.669125,-73.74369,"(40.669125, -73.74369)"
5286,40.639652,-74.07551,"(40.639652, -74.07551)"
5287,40.845055,-73.91243,"(40.845055, -73.91243)"
5288,40.766167,-73.954254,"(40.766167, -73.954254)"
5289,40.770176,-73.73359,"(40.770176, -73.73359)"
5291,40.701527,-73.98957,"(40.701527, -73.98957)"
5292,40.876408,-73.81858,"(40.876408, -73.81858)"
5293,40.60644,-73.81953,"(40.60644, -73.81953)"
5295,40.76663,-73.88903,"(40.76663, -73.88903)"
5296,40.76758,-73.8714,"(40.76758, -73.8714)"
5297,40.641304,-73.91347,"(40.641304, -73.91347)"
5298,40.66561,-73.73568,"(40.66561, -73.73568)"
5299,40.828075,-73.88543,"(40.828075, -73.88543)"
5300,40.61718,-74.03877,"(40.61718, -74.03877)"
5301,40.76202,-73.9121,"(40.76202, -73.9121)"
5302,40.753788,-73.744286,"(40.753788, -73.744286)"
5303,40.755867,-73.998215,"(40.755867, -73.998215)"
5304,40.762657,-73.97531,"(40.762657, -73.97531)"
5305,40.72857,-73.85809,"(40.72857, -73.85809)"
5306,40.780178,-73.95721,"(40.780178, -73.95721)"
5307,40.7509,-73.99812,"(40.7509, -73.99812)"
5308,40.713985,-73.73812,"(40.713985, -73.73812)"
5309,40.678265,-73.84794,"(40.678265, -73.84794)"
5310,40.748543,-73.94964,"(40.748543, -73.94964)"
5311,40.692627,-73.85724,"(40.692627, -73.85724)"
5312,40.608757,-74.038086,"(40.608757, -74.038086)"
5313,40.607105,-73.96864,"(40.607105, -73.96864)"
5315,40.644512,-73.963135,"(40.644512, -73.963135)"
5316,40.89575,-73.86492,"(40.89575, -73.86492)"
5318,40.844982,-73.88244,"(40.844982, -73.88244)"
5319,40.72045,-73.804276,"(40.72045, -73.804276)"
5320,40.76685,-73.95376,"(40.76685, -73.95376)"
5321,40.576504,-74.1037,"(40.576504, -74.1037)"
5322,40.67103,-73.913765,"(40.67103, -73.913765)"
5323,40.824432,-73.873604,"(40.824432, -73.873604)"
5324,40.756496,-73.988075,"(40.756496, -73.988075)"
5325,40.718018,-73.99996,"(40.718018, -73.99996)"
5326,40.761234,-73.96389,"(40.761234, -73.96389)"
5327,40.728504,-74.0053,"(40.728504, -74.0053)"
5328,40.657867,-73.920815,"(40.657867, -73.920815)"
5329,40.743973,-73.8851,"(40.743973, -73.8851)"
5330,40.678894,-73.90347,"(40.678894, -73.90347)"
5331,40.637615,-73.98584,"(40.637615, -73.98584)"
5332,40.64363,-73.909775,"(40.64363, -73.909775)"
5333,40.66095,-73.92906,"(40.66095, -73.92906)"
5334,40.734615,-73.98622,"(40.734615, -73.98622)"
5335,40.67805,-73.98262,"(40.67805, -73.98262)"
5336,40.67058,-73.93096,"(40.67058, -73.93096)"
5337,40.683933,-73.91228,"(40.683933, -73.91228)"
5338,40.760464,-73.826546,"(40.760464, -73.826546)"
5339,40.604313,-74.05208,"(40.604313, -74.05208)"
5340,40.771305,-73.87664,"(40.771305, -73.87664)"
5341,40.761127,-73.986946,"(40.761127, -73.986946)"
5342,40.698143,-73.98555,"(40.698143, -73.98555)"
5343,40.679626,-73.97512,"(40.679626, -73.97512)"
5344,40.74424,-73.77618,"(40.74424, -73.77618)"
5345,40.78169,-73.97941,"(40.78169, -73.97941)"
5346,40.583107,-73.954155,"(40.583107, -73.954155)"
5347,40.747032,-73.87937,"(40.747032, -73.87937)"
5348,40.66955,-73.94497,"(40.66955, -73.94497)"
5349,40.57725,-74.10298,"(40.57725, -74.10298)"
5350,40.74889,-74.00703,"(40.74889, -74.00703)"
5351,40.662582,-73.953766,"(40.662582, -73.953766)"
5352,40.677357,-73.88687,"(40.677357, -73.88687)"
5353,40.820515,-73.930695,"(40.820515, -73.930695)"
5354,40.776867,-73.955414,"(40.776867, -73.955414)"
5355,40.806477,-73.908455,"(40.806477, -73.908455)"
5356,40.591568,-73.94124,"(40.591568, -73.94124)"
5357,40.809177,-73.93902,"(40.809177, -73.93902)"
5358,40.75898,-73.99595,"(40.75898, -73.99595)"
5359,40.6266,-73.98271,"(40.6266, -73.98271)"
5360,40.644512,-73.963135,"(40.644512, -73.963135)"
5361,40.634552,-73.89661,"(40.634552, -73.89661)"
5363,40.67598,-73.75347,"(40.67598, -73.75347)"
5364,40.6845,-73.92639,"(40.6845, -73.92639)"
5365,40.71137,-74.00862,"(40.71137, -74.00862)"
5366,40.69755,-73.90421,"(40.69755, -73.90421)"
5367,40.667282,-73.89856,"(40.667282, -73.89856)"
5368,40.630577,-73.88591,"(40.630577, -73.88591)"
5369,40.647995,-73.952774,"(40.647995, -73.952774)"
5370,40.87573,-73.87956,"(40.87573, -73.87956)"
5372,40.845104,-73.91494,"(40.845104, -73.91494)"
5373,40.75475,-73.93678,"(40.75475, -73.93678)"
5374,40.82199,-73.84772,"(40.82199, -73.84772)"
5375,40.723335,-73.93888,"(40.723335, -73.93888)"
5376,40.689762,-73.98138,"(40.689762, -73.98138)"
5377,40.775547,-73.91456,"(40.775547, -73.91456)"
5378,40.607117,-74.16236,"(40.607117, -74.16236)"
5379,40.583664,-73.971756,"(40.583664, -73.971756)"
5380,40.63268,-74.08981,"(40.63268, -74.08981)"
5381,40.733818,-73.75804,"(40.733818, -73.75804)"
5382,40.677624,-73.93308,"(40.677624, -73.93308)"
5383,40.633457,-73.94773,"(40.633457, -73.94773)"
5384,40.860104,-73.82763,"(40.860104, -73.82763)"
5385,40.76428,-73.97302,"(40.76428, -73.97302)"
5386,40.701054,-73.80888,"(40.701054, -73.80888)"
5387,40.592793,-73.77788,"(40.592793, -73.77788)"
5388,40.680225,-74.00481,"(40.680225, -74.00481)"
5389,40.800983,-73.92927,"(40.800983, -73.92927)"
5390,40.7447,-73.98098,"(40.7447, -73.98098)"
5391,40.846863,-73.90142,"(40.846863, -73.90142)"
5392,40.58655,-73.96617,"(40.58655, -73.96617)"
5394,40.895267,-73.86157,"(40.895267, -73.86157)"
5395,40.849957,-73.86468,"(40.849957, -73.86468)"
5396,40.71487,-73.7291,"(40.71487, -73.7291)"
5397,40.696354,-73.94071,"(40.696354, -73.94071)"
5398,40.583107,-73.954155,"(40.583107, -73.954155)"
5399,40.86536,-73.87043,"(40.86536, -73.87043)"
5400,40.57485,-74.002846,"(40.57485, -74.002846)"
5401,40.865387,-73.893456,"(40.865387, -73.893456)"
5402,40.869602,-73.86144,"(40.869602, -73.86144)"
5403,40.81051,-73.93718,"(40.81051, -73.93718)"
5404,40.65605,-73.92361,"(40.65605, -73.92361)"
5405,40.82124,-73.90992,"(40.82124, -73.90992)"
5406,40.673588,-73.96296,"(40.673588, -73.96296)"
5407,40.838127,-73.91931,"(40.838127, -73.91931)"
5408,40.712616,-73.96951,"(40.712616, -73.96951)"
5410,40.72752,-73.75879,"(40.72752, -73.75879)"
5411,40.7556,-73.932175,"(40.7556, -73.932175)"
5412,40.836098,-73.934875,"(40.836098, -73.934875)"
5413,40.673992,-73.881714,"(40.673992, -73.881714)"
5414,40.710606,-73.78155,"(40.710606, -73.78155)"
5415,40.651974,-73.86542,"(40.651974, -73.86542)"
5416,40.870014,-73.832436,"(40.870014, -73.832436)"
5417,40.562637,-74.1926,"(40.562637, -74.1926)"
5418,40.70383,-73.914955,"(40.70383, -73.914955)"
5419,40.856037,-73.937614,"(40.856037, -73.937614)"
5420,40.688427,-73.83002,"(40.688427, -73.83002)"
5421,40.81801,-73.80284,"(40.81801, -73.80284)"
5422,40.738155,-73.940605,"(40.738155, -73.940605)"
5423,40.621296,-73.89712,"(40.621296, -73.89712)"
5424,40.750294,-73.99485,"(40.750294, -73.99485)"
5425,40.87626,-73.90395,"(40.87626, -73.90395)"
5426,40.67676,-73.98658,"(40.67676, -73.98658)"
5427,40.693863,-73.908424,"(40.693863, -73.908424)"
5428,40.863255,-73.89512,"(40.863255, -73.89512)"
5429,40.570465,-74.10977,"(40.570465, -74.10977)"
5430,40.790928,-73.96893,"(40.790928, -73.96893)"
5431,40.699696,-73.82126,"(40.699696, -73.82126)"
5432,40.667976,-73.93399,"(40.667976, -73.93399)"
5433,40.6228,-74.02836,"(40.6228, -74.02836)"
5434,40.730137,-73.862366,"(40.730137, -73.862366)"
5435,40.693882,-73.79759,"(40.693882, -73.79759)"
5436,40.802105,-73.95333,"(40.802105, -73.95333)"
5437,40.764626,-73.99555,"(40.764626, -73.99555)"
5438,40.61696,-74.02751,"(40.61696, -74.02751)"
5439,40.73115,-74.008934,"(40.73115, -74.008934)"
5440,40.683517,-73.98195,"(40.683517, -73.98195)"
5441,40.885868,-73.91107,"(40.885868, -73.91107)"
5442,40.77509,-73.96821,"(40.77509, -73.96821)"
5443,40.74916,-73.88991,"(40.74916, -73.88991)"
5444,40.78515,-73.94063,"(40.78515, -73.94063)"
5445,40.589603,-74.089386,"(40.589603, -74.089386)"
5446,40.843002,-73.90359,"(40.843002, -73.90359)"
5447,40.713287,-73.87163,"(40.713287, -73.87163)"
5448,40.77603,-73.943985,"(40.77603, -73.943985)"
5449,40.71976,-73.94476,"(40.71976, -73.94476)"
5451,40.825756,-73.95094,"(40.825756, -73.95094)"
5452,40.74242,-73.826546,"(40.74242, -73.826546)"
5454,40.800346,-73.93118,"(40.800346, -73.93118)"
5455,40.679726,-73.86193,"(40.679726, -73.86193)"
5456,40.675877,-73.96031,"(40.675877, -73.96031)"
5457,40.59034,-73.972084,"(40.59034, -73.972084)"
5458,40.68167,-73.83781,"(40.68167, -73.83781)"
5459,40.675755,-73.97143,"(40.675755, -73.97143)"
5460,40.75149,-73.88748,"(40.75149, -73.88748)"
5461,40.695187,-73.81647,"(40.695187, -73.81647)"
5462,40.743473,-73.97677,"(40.743473, -73.97677)"
5463,40.60574,-74.08353,"(40.60574, -74.08353)"
5464,40.734013,-73.9391,"(40.734013, -73.9391)"
5465,40.738953,-73.85819,"(40.738953, -73.85819)"
5466,40.682304,-73.945564,"(40.682304, -73.945564)"
5467,40.67134,-73.88195,"(40.67134, -73.88195)"
5468,40.797886,-73.973465,"(40.797886, -73.973465)"
5469,40.759132,-73.990295,"(40.759132, -73.990295)"
5470,40.879055,-73.851875,"(40.879055, -73.851875)"
5471,40.645485,-73.94321,"(40.645485, -73.94321)"
5473,40.777855,-73.981964,"(40.777855, -73.981964)"
5474,40.72656,-73.972046,"(40.72656, -73.972046)"
5475,40.823032,-73.82426,"(40.823032, -73.82426)"
5476,40.583023,-73.95736,"(40.583023, -73.95736)"
5477,40.625175,-74.14944,"(40.625175, -74.14944)"
5478,40.88078,-73.84323,"(40.88078, -73.84323)"
5479,40.609512,-73.98957,"(40.609512, -73.98957)"
5480,40.634552,-73.91477,"(40.634552, -73.91477)"
5481,40.689613,-73.82583,"(40.689613, -73.82583)"
5482,40.60266,-74.18408,"(40.60266, -74.18408)"
5483,40.630756,-74.00015,"(40.630756, -74.00015)"
5484,40.8059,-73.92523,"(40.8059, -73.92523)"
5485,40.63017,-73.933495,"(40.63017, -73.933495)"
5486,40.692104,-73.74273,"(40.692104, -73.74273)"
5487,40.85412,-73.84241,"(40.85412, -73.84241)"
5488,40.615627,-74.02871,"(40.615627, -74.02871)"
5489,40.677155,-73.86887,"(40.677155, -73.86887)"
5490,40.63747,-73.91918,"(40.63747, -73.91918)"
5491,40.549168,-74.19798,"(40.549168, -74.19798)"
5492,40.71523,-74.01334,"(40.71523, -74.01334)"
5493,40.775677,-73.9647,"(40.775677, -73.9647)"
5494,40.816338,-73.83697,"(40.816338, -73.83697)"
5495,40.637295,-73.96823,"(40.637295, -73.96823)"
5496,40.68127,-73.9765,"(40.68127, -73.9765)"
5497,40.601696,-73.82098,"(40.601696, -73.82098)"
5499,40.669857,-73.95051,"(40.669857, -73.95051)"
5500,40.802788,-73.95264,"(40.802788, -73.95264)"
5503,40.818012,-73.92519,"(40.818012, -73.92519)"
5505,40.665363,-73.73102,"(40.665363, -73.73102)"
5506,40.70981,-73.99178,"(40.70981, -73.99178)"
5507,40.723648,-73.99103,"(40.723648, -73.99103)"
5508,40.70253,-73.8143,"(40.70253, -73.8143)"
5509,40.72699,-73.79367,"(40.72699, -73.79367)"
5510,40.85212,-73.828896,"(40.85212, -73.828896)"
5511,40.856045,-73.90079,"(40.856045, -73.90079)"
5512,40.641468,-73.95938,"(40.641468, -73.95938)"
5513,40.730663,-73.95435,"(40.730663, -73.95435)"
5514,40.64844,-73.88242,"(40.64844, -73.88242)"
5515,40.809402,-73.95725,"(40.809402, -73.95725)"
5516,40.761173,-73.95789,"(40.761173, -73.95789)"
5517,40.82482,-73.86865,"(40.82482, -73.86865)"
5518,40.597633,-74.07388,"(40.597633, -74.07388)"
5520,40.78085,-73.96093,"(40.78085, -73.96093)"
5521,40.63088,-73.89424,"(40.63088, -73.89424)"
5522,40.85086,-73.78844,"(40.85086, -73.78844)"
5523,40.67625,-73.88405,"(40.67625, -73.88405)"
5524,40.80256,-73.943,"(40.80256, -73.943)"
5525,40.73556,-73.915054,"(40.73556, -73.915054)"
5526,40.76954,-73.77109,"(40.76954, -73.77109)"
5527,40.732727,-73.97451,"(40.732727, -73.97451)"
5528,40.761547,-73.79534,"(40.761547, -73.79534)"
5529,40.825085,-73.82059,"(40.825085, -73.82059)"
5530,40.83714,-73.92049,"(40.83714, -73.92049)"
5531,40.86955,-73.88175,"(40.86955, -73.88175)"
5532,40.65965,-73.773834,"(40.65965, -73.773834)"
5533,40.724274,-73.99082,"(40.724274, -73.99082)"
5534,40.68046,-73.84309,"(40.68046, -73.84309)"
5535,40.70041,-73.81553,"(40.70041, -73.81553)"
5536,40.76314,-73.793236,"(40.76314, -73.793236)"
5537,40.700665,-74.01542,"(40.700665, -74.01542)"
5538,40.67363,-73.95401,"(40.67363, -73.95401)"
5539,40.804886,-73.938614,"(40.804886, -73.938614)"
5540,40.695217,-73.841995,"(40.695217, -73.841995)"
5541,40.6831,-73.93209,"(40.6831, -73.93209)"
5542,40.591686,-73.94021,"(40.591686, -73.94021)"
5543,40.57897,-73.96658,"(40.57897, -73.96658)"
5544,40.842503,-73.92797,"(40.842503, -73.92797)"
5545,40.712555,-73.89711,"(40.712555, -73.89711)"
5546,40.868813,-73.838234,"(40.868813, -73.838234)"
5547,40.707935,-73.784225,"(40.707935, -73.784225)"
5548,40.7296,-73.98384,"(40.7296, -73.98384)"
5549,40.73244,-73.925255,"(40.73244, -73.925255)"
5551,40.625973,-73.97624,"(40.625973, -73.97624)"
5552,40.740353,-73.8809,"(40.740353, -73.8809)"
5553,40.8705,-73.84634,"(40.8705, -73.84634)"
5554,40.73306,-73.71181,"(40.73306, -73.71181)"
5555,40.776295,-73.98215,"(40.776295, -73.98215)"
5556,40.62025,-74.03237,"(40.62025, -74.03237)"
5557,40.84022,-73.873276,"(40.84022, -73.873276)"
5558,40.79226,-73.96609,"(40.79226, -73.96609)"
5559,40.63111,-74.138885,"(40.63111, -74.138885)"
5560,40.635506,-73.956245,"(40.635506, -73.956245)"
5561,40.62573,-73.9564,"(40.62573, -73.9564)"
5562,40.6361,-73.912384,"(40.6361, -73.912384)"
5563,40.728622,-73.98022,"(40.728622, -73.98022)"
5564,40.655113,-73.92686,"(40.655113, -73.92686)"
5565,40.595234,-73.99952,"(40.595234, -73.99952)"
5566,40.85206,-73.82664,"(40.85206, -73.82664)"
5567,40.699104,-73.83332,"(40.699104, -73.83332)"
5568,40.718166,-73.99598,"(40.718166, -73.99598)"
5569,40.698433,-73.903366,"(40.698433, -73.903366)"
5570,40.67043,-73.928185,"(40.67043, -73.928185)"
5571,40.756317,-73.83369,"(40.756317, -73.83369)"
5572,40.70804,-73.84503,"(40.70804, -73.84503)"
5573,40.66563,-73.73921,"(40.66563, -73.73921)"
5574,40.702423,-73.986984,"(40.702423, -73.986984)"
5576,40.74959,-74.00279,"(40.74959, -74.00279)"
5577,40.75784,-73.755905,"(40.75784, -73.755905)"
5579,40.675354,-73.89006,"(40.675354, -73.89006)"
5580,40.85482,-73.9112,"(40.85482, -73.9112)"
5581,40.8239,-73.86114,"(40.8239, -73.86114)"
5582,40.618874,-73.952156,"(40.618874, -73.952156)"
5583,40.657738,-73.89596,"(40.657738, -73.89596)"
5585,40.66457,-73.99713,"(40.66457, -73.99713)"
5586,40.63791,-73.97864,"(40.63791, -73.97864)"
5587,40.746906,-73.88474,"(40.746906, -73.88474)"
5588,40.710533,-73.80263,"(40.710533, -73.80263)"
5589,40.733974,-73.9993,"(40.733974, -73.9993)"
5590,40.76154,-73.9556,"(40.76154, -73.9556)"
5591,40.760048,-73.89742,"(40.760048, -73.89742)"
5592,40.68672,-73.98224,"(40.68672, -73.98224)"
5593,40.84152,-73.8746,"(40.84152, -73.8746)"
5594,40.71196,-73.9407,"(40.71196, -73.9407)"
5595,40.585346,-73.98754,"(40.585346, -73.98754)"
5597,40.6754,-73.9887,"(40.6754, -73.9887)"
5598,40.700573,-73.89736,"(40.700573, -73.89736)"
5599,40.793377,-73.97086,"(40.793377, -73.97086)"
5600,40.816196,-73.896,"(40.816196, -73.896)"
5601,40.70839,-74.00834,"(40.70839, -74.00834)"
5602,40.7268,-73.90795,"(40.7268, -73.90795)"
5603,40.85228,-73.87159,"(40.85228, -73.87159)"
5604,40.738308,-73.99136,"(40.738308, -73.99136)"
5605,40.80682,-73.91749,"(40.80682, -73.91749)"
5606,40.861343,-73.86749,"(40.861343, -73.86749)"
5607,40.77883,-73.9761,"(40.77883, -73.9761)"
5608,40.877697,-73.82493,"(40.877697, -73.82493)"
5609,40.75158,-73.74572,"(40.75158, -73.74572)"
5610,40.756096,-73.74655,"(40.756096, -73.74655)"
5611,40.823956,-73.877144,"(40.823956, -73.877144)"
5612,40.7183,-73.95007,"(40.7183, -73.95007)"
5613,40.67228,-73.852844,"(40.67228, -73.852844)"
5614,40.832764,-73.94583,"(40.832764, -73.94583)"
5615,40.608727,-74.08839,"(40.608727, -74.08839)"
5616,40.81151,-73.90343,"(40.81151, -73.90343)"
5617,40.748154,-73.91015,"(40.748154, -73.91015)"
5618,40.72929,-73.98117,"(40.72929, -73.98117)"
5619,40.708935,-73.77721,"(40.708935, -73.77721)"
5620,40.663605,-73.934395,"(40.663605, -73.934395)"
5621,40.605797,-73.95773,"(40.605797, -73.95773)"
5622,40.844105,-73.898,"(40.844105, -73.898)"
5623,40.53377,-74.22429,"(40.53377, -74.22429)"
5624,40.802753,-73.93358,"(40.802753, -73.93358)"
5625,40.845005,-73.90741,"(40.845005, -73.90741)"
5626,40.75034,-73.983185,"(40.75034, -73.983185)"
5627,40.84017,-73.86244,"(40.84017, -73.86244)"
5628,40.785294,-73.969345,"(40.785294, -73.969345)"
5629,40.661835,-73.89311,"(40.661835, -73.89311)"
5630,40.692497,-73.94164,"(40.692497, -73.94164)"
5631,40.61026,-74.097496,"(40.61026, -74.097496)"
5632,40.71501,-73.80982,"(40.71501, -73.80982)"
5633,40.88604,-73.82766,"(40.88604, -73.82766)"
5634,40.735817,-73.98244,"(40.735817, -73.98244)"
5635,40.63524,-73.967636,"(40.63524, -73.967636)"
5636,40.68164,-73.9288,"(40.68164, -73.9288)"
5637,40.60129,-73.76822,"(40.60129, -73.76822)"
5638,40.709362,-73.9943,"(40.709362, -73.9943)"
5639,40.630512,-73.957306,"(40.630512, -73.957306)"
5640,40.624947,-73.97712,"(40.624947, -73.97712)"
5641,40.68947,-73.96911,"(40.68947, -73.96911)"
5642,40.596184,-74.00053,"(40.596184, -74.00053)"
5643,40.655983,-73.897575,"(40.655983, -73.897575)"
5644,40.69264,-73.76142,"(40.69264, -73.76142)"
5645,40.86661,-73.890366,"(40.86661, -73.890366)"
5647,40.72787,-73.92913,"(40.72787, -73.92913)"
5648,40.77954,-73.95978,"(40.77954, -73.95978)"
5649,40.710453,-73.93734,"(40.710453, -73.93734)"
5650,40.764267,-73.722946,"(40.764267, -73.722946)"
5651,40.8546,-73.854706,"(40.8546, -73.854706)"
5652,40.830624,-73.90451,"(40.830624, -73.90451)"
5653,40.770554,-73.83551,"(40.770554, -73.83551)"
5654,40.68337,-73.855286,"(40.68337, -73.855286)"
5657,40.59863,-73.95827,"(40.59863, -73.95827)"
5658,40.7925,-73.84077,"(40.7925, -73.84077)"
5659,40.81655,-73.91955,"(40.81655, -73.91955)"
5660,40.67767,-73.74066,"(40.67767, -73.74066)"
5661,40.58525,-73.98728,"(40.58525, -73.98728)"
5662,40.670364,-73.97649,"(40.670364, -73.97649)"
5663,40.696224,-73.801605,"(40.696224, -73.801605)"
5665,40.62095,-73.9555,"(40.62095, -73.9555)"
5667,40.685574,-73.98133,"(40.685574, -73.98133)"
5668,40.74198,-73.94643,"(40.74198, -73.94643)"
5669,40.713043,-73.908676,"(40.713043, -73.908676)"
5670,40.74949,-73.88686,"(40.74949, -73.88686)"
5671,40.67087,-73.974945,"(40.67087, -73.974945)"
5672,40.593803,-73.968025,"(40.593803, -73.968025)"
5673,40.66301,-73.95088,"(40.66301, -73.95088)"
5674,40.745163,-73.9923,"(40.745163, -73.9923)"
5675,40.87626,-73.90395,"(40.87626, -73.90395)"
5676,40.77202,-73.956024,"(40.77202, -73.956024)"
5677,40.739525,-73.921326,"(40.739525, -73.921326)"
5678,40.72994,-73.74481,"(40.72994, -73.74481)"
5679,40.666546,-73.78808,"(40.666546, -73.78808)"
5681,40.680016,-73.87743,"(40.680016, -73.87743)"
5682,40.653088,-73.94211,"(40.653088, -73.94211)"
5683,40.811935,-73.88773,"(40.811935, -73.88773)"
5684,40.87797,-73.88928,"(40.87797, -73.88928)"
5685,40.881992,-73.92117,"(40.881992, -73.92117)"
5686,40.681004,-73.81257,"(40.681004, -73.81257)"
5687,40.608757,-74.038086,"(40.608757, -74.038086)"
5688,40.702515,-73.937256,"(40.702515, -73.937256)"
5689,40.57885,-74.15552,"(40.57885, -74.15552)"
5690,40.70621,-73.939606,"(40.70621, -73.939606)"
5691,40.7462,-73.73563,"(40.7462, -73.73563)"
5692,40.77291,-73.89665,"(40.77291, -73.89665)"
5693,40.641926,-74.07615,"(40.641926, -74.07615)"
5695,40.670734,-73.93373,"(40.670734, -73.93373)"
5697,40.679653,-73.88556,"(40.679653, -73.88556)"
5698,40.816307,-73.90806,"(40.816307, -73.90806)"
5699,40.87763,-73.91906,"(40.87763, -73.91906)"
5700,40.765984,-73.965454,"(40.765984, -73.965454)"
5701,40.84506,-73.916855,"(40.84506, -73.916855)"
5702,40.72773,-73.90674,"(40.72773, -73.90674)"
5703,40.666428,-73.93691,"(40.666428, -73.93691)"
5704,40.760536,-73.95836,"(40.760536, -73.95836)"
5705,40.9046,-73.852936,"(40.9046, -73.852936)"
5706,40.70497,-73.889854,"(40.70497, -73.889854)"
5707,40.818768,-73.888245,"(40.818768, -73.888245)"
5708,40.728077,-73.71621,"(40.728077, -73.71621)"
5709,40.71578,-73.94631,"(40.71578, -73.94631)"
5710,40.67481,-73.79511,"(40.67481, -73.79511)"
5711,40.763966,-73.98862,"(40.763966, -73.98862)"
5712,40.726543,-73.87402,"(40.726543, -73.87402)"
5713,40.75789,-73.92869,"(40.75789, -73.92869)"
5714,40.76155,-73.96659,"(40.76155, -73.96659)"
5715,40.631687,-73.975174,"(40.631687, -73.975174)"
5716,40.829258,-73.820755,"(40.829258, -73.820755)"
5717,40.838154,-73.9212,"(40.838154, -73.9212)"
5718,40.8634,-73.92651,"(40.8634, -73.92651)"
5719,40.641117,-74.07685,"(40.641117, -74.07685)"
5720,40.72389,-73.84655,"(40.72389, -73.84655)"
5721,40.679337,-73.77783,"(40.679337, -73.77783)"
5722,40.771782,-73.96544,"(40.771782, -73.96544)"
5723,40.84398,-73.8696,"(40.84398, -73.8696)"
5724,40.676895,-73.93593,"(40.676895, -73.93593)"
5725,40.79996,-73.94698,"(40.79996, -73.94698)"
5726,40.700703,-73.752,"(40.700703, -73.752)"
5727,40.777256,-73.79791,"(40.777256, -73.79791)"
5728,40.54422,-74.17312,"(40.54422, -74.17312)"
5729,40.733036,-73.92174,"(40.733036, -73.92174)"
5730,40.6929,-73.928055,"(40.6929, -73.928055)"
5731,40.67875,-73.8205,"(40.67875, -73.8205)"
5732,40.651016,-73.95587,"(40.651016, -73.95587)"
5733,40.76251,-73.9743,"(40.76251, -73.9743)"
5734,40.642685,-73.99122,"(40.642685, -73.99122)"
5735,40.673748,-73.874,"(40.673748, -73.874)"
5736,40.61074,-74.09583,"(40.61074, -74.09583)"
5737,40.768593,-73.98522,"(40.768593, -73.98522)"
5738,40.66394,-73.982475,"(40.66394, -73.982475)"
5740,40.74327,-73.961464,"(40.74327, -73.961464)"
5741,40.79548,-73.97375,"(40.79548, -73.97375)"
5742,40.71918,-73.99029,"(40.71918, -73.99029)"
5743,40.664017,-73.7686,"(40.664017, -73.7686)"
5744,40.71391,-73.77865,"(40.71391, -73.77865)"
5745,40.687855,-73.9493,"(40.687855, -73.9493)"
5746,40.81719,-73.93447,"(40.81719, -73.93447)"
5747,40.611427,-74.116844,"(40.611427, -74.116844)"
5748,40.775734,-73.89584,"(40.775734, -73.89584)"
5749,40.72956,-73.87145,"(40.72956, -73.87145)"
5750,40.676342,-73.910934,"(40.676342, -73.910934)"
5751,40.70257,-73.94666,"(40.70257, -73.94666)"
5752,40.747677,-73.902466,"(40.747677, -73.902466)"
5753,40.901306,-73.86481,"(40.901306, -73.86481)"
5754,40.611008,-73.976746,"(40.611008, -73.976746)"
5755,40.636574,-74.019196,"(40.636574, -74.019196)"
5756,40.67172,-73.850975,"(40.67172, -73.850975)"
5757,40.72408,-73.837105,"(40.72408, -73.837105)"
5758,40.637196,-74.00779,"(40.637196, -74.00779)"
5759,40.74229,-73.869286,"(40.74229, -73.869286)"
5760,40.691383,-73.939705,"(40.691383, -73.939705)"
5761,40.717335,-73.825424,"(40.717335, -73.825424)"
5762,40.66357,-73.95624,"(40.66357, -73.95624)"
5763,40.679913,-74.00226,"(40.679913, -74.00226)"
5764,40.68118,-73.97539,"(40.68118, -73.97539)"
5765,40.656124,-74.00591,"(40.656124, -74.00591)"
5766,40.852787,-73.89663,"(40.852787, -73.89663)"
5768,40.831684,-73.90381,"(40.831684, -73.90381)"
5769,40.837906,-73.86307,"(40.837906, -73.86307)"
5770,40.76922,-73.98478,"(40.76922, -73.98478)"
5771,40.629086,-73.97686,"(40.629086, -73.97686)"
5772,40.742065,-73.909256,"(40.742065, -73.909256)"
5773,40.65965,-73.773834,"(40.65965, -73.773834)"
5774,40.661903,-73.89434,"(40.661903, -73.89434)"
5775,40.748245,-73.976295,"(40.748245, -73.976295)"
5776,40.608746,-73.95829,"(40.608746, -73.95829)"
5777,40.664192,-73.841125,"(40.664192, -73.841125)"
5778,40.613804,-74.11338,"(40.613804, -74.11338)"
5779,40.737587,-73.76841,"(40.737587, -73.76841)"
5780,40.700527,-73.94161,"(40.700527, -73.94161)"
5781,40.76031,-73.9717,"(40.76031, -73.9717)"
5782,40.609776,-73.9643,"(40.609776, -73.9643)"
5784,40.693733,-73.990456,"(40.693733, -73.990456)"
5785,40.861217,-73.90437,"(40.861217, -73.90437)"
5786,40.668495,-73.925606,"(40.668495, -73.925606)"
5787,40.632107,-74.00703,"(40.632107, -74.00703)"
5788,40.697556,-73.852776,"(40.697556, -73.852776)"
5789,40.762913,-73.96981,"(40.762913, -73.96981)"
5790,40.83276,-73.91804,"(40.83276, -73.91804)"
5791,40.862537,-73.89323,"(40.862537, -73.89323)"
5792,40.87871,-73.88546,"(40.87871, -73.88546)"
5793,40.833282,-73.88019,"(40.833282, -73.88019)"
5794,40.57862,-74.10168,"(40.57862, -74.10168)"
5795,40.7606,-73.96434,"(40.7606, -73.96434)"
5796,40.745724,-73.97813,"(40.745724, -73.97813)"
5797,40.857414,-73.92282,"(40.857414, -73.92282)"
5798,40.644634,-73.943115,"(40.644634, -73.943115)"
5799,40.771656,-73.95319,"(40.771656, -73.95319)"
5800,40.714924,-74.016075,"(40.714924, -74.016075)"
5801,40.733967,-73.87177,"(40.733967, -73.87177)"
5802,40.697063,-73.76971,"(40.697063, -73.76971)"
5803,40.770332,-73.87608,"(40.770332, -73.87608)"
5804,40.677483,-73.93033,"(40.677483, -73.93033)"
5805,40.86322,-73.91983,"(40.86322, -73.91983)"
5806,40.523956,-74.21568,"(40.523956, -74.21568)"
5807,40.800774,-73.94006,"(40.800774, -73.94006)"
5808,40.860764,-73.87195,"(40.860764, -73.87195)"
5809,40.68207,-73.753334,"(40.68207, -73.753334)"
5810,40.76062,-73.994774,"(40.76062, -73.994774)"
5811,40.572906,-74.13705,"(40.572906, -74.13705)"
5812,40.751553,-73.83205,"(40.751553, -73.83205)"
5813,40.768642,-73.949036,"(40.768642, -73.949036)"
5814,40.707714,-73.802795,"(40.707714, -73.802795)"
5815,40.74916,-73.88991,"(40.74916, -73.88991)"
5816,40.717014,-73.82971,"(40.717014, -73.82971)"
5817,40.722584,-74.00636,"(40.722584, -74.00636)"
5818,40.638393,-73.90262,"(40.638393, -73.90262)"
5819,40.736584,-73.9836,"(40.736584, -73.9836)"
5820,40.87617,-73.84904,"(40.87617, -73.84904)"
5821,40.83718,-73.942604,"(40.83718, -73.942604)"
5822,40.757286,-73.97812,"(40.757286, -73.97812)"
5823,40.743866,-73.82568,"(40.743866, -73.82568)"
5824,40.74947,-73.7564,"(40.74947, -73.7564)"
5825,40.673008,-73.78809,"(40.673008, -73.78809)"
5826,40.677353,-74.00446,"(40.677353, -74.00446)"
5827,40.578117,-73.941666,"(40.578117, -73.941666)"
5828,40.7139,-73.991936,"(40.7139, -73.991936)"
5829,40.858868,-73.89113,"(40.858868, -73.89113)"
5830,40.776295,-73.98215,"(40.776295, -73.98215)"
5831,40.65662,-73.92128,"(40.65662, -73.92128)"
5832,40.589977,-74.19284,"(40.589977, -74.19284)"
5833,40.670994,-73.95496,"(40.670994, -73.95496)"
5834,40.759624,-73.99548,"(40.759624, -73.99548)"
5835,40.570465,-74.10977,"(40.570465, -74.10977)"
5836,40.62553,-74.03023,"(40.62553, -74.03023)"
5837,40.896683,-73.862854,"(40.896683, -73.862854)"
5838,40.609554,-73.96631,"(40.609554, -73.96631)"
5839,40.695995,-73.782776,"(40.695995, -73.782776)"
5840,40.853706,-73.871864,"(40.853706, -73.871864)"
5841,40.65974,-73.95344,"(40.65974, -73.95344)"
5842,40.587685,-73.95523,"(40.587685, -73.95523)"
5843,40.78519,-73.94934,"(40.78519, -73.94934)"
5844,40.688515,-73.99294,"(40.688515, -73.99294)"
5845,40.67873,-73.932976,"(40.67873, -73.932976)"
5847,40.59793,-73.9855,"(40.59793, -73.9855)"
5848,40.562866,-74.13312,"(40.562866, -74.13312)"
5849,40.831814,-73.82291,"(40.831814, -73.82291)"
5850,40.888596,-73.89068,"(40.888596, -73.89068)"
5851,40.715397,-73.95532,"(40.715397, -73.95532)"
5852,40.87911,-73.84325,"(40.87911, -73.84325)"
5853,40.730194,-73.784775,"(40.730194, -73.784775)"
5854,40.883343,-73.81614,"(40.883343, -73.81614)"
5855,40.664192,-73.841125,"(40.664192, -73.841125)"
5856,40.534325,-74.193016,"(40.534325, -74.193016)"
5857,40.66495,-73.993355,"(40.66495, -73.993355)"
5858,40.758705,-73.98928,"(40.758705, -73.98928)"
5859,40.60223,-73.93427,"(40.60223, -73.93427)"
5860,40.80543,-73.92087,"(40.80543, -73.92087)"
5861,40.69399,-73.943146,"(40.69399, -73.943146)"
5862,40.655422,-73.95007,"(40.655422, -73.95007)"
5863,40.601334,-73.76257,"(40.601334, -73.76257)"
5864,40.864895,-73.91913,"(40.864895, -73.91913)"
5865,40.677868,-73.93742,"(40.677868, -73.93742)"
5866,40.825424,-73.923485,"(40.825424, -73.923485)"
5867,40.736546,-73.98905,"(40.736546, -73.98905)"
5868,40.624763,-73.96518,"(40.624763, -73.96518)"
5869,40.681984,-73.84977,"(40.681984, -73.84977)"
5870,40.63394,-73.90524,"(40.63394, -73.90524)"
5871,40.7189,-73.988045,"(40.7189, -73.988045)"
5872,40.647064,-74.02263,"(40.647064, -74.02263)"
5873,40.809776,-73.92241,"(40.809776, -73.92241)"
5874,40.794807,-73.94441,"(40.794807, -73.94441)"
5875,40.664776,-73.99172,"(40.664776, -73.99172)"
5876,40.75814,-73.92521,"(40.75814, -73.92521)"
5877,40.704422,-73.99491,"(40.704422, -73.99491)"
5878,40.849247,-73.82739,"(40.849247, -73.82739)"
5880,40.619804,-74.084564,"(40.619804, -74.084564)"
5881,40.72143,-73.892746,"(40.72143, -73.892746)"
5882,40.644905,-74.01766,"(40.644905, -74.01766)"
5883,40.73476,-73.9794,"(40.73476, -73.9794)"
5884,40.652954,-74.00215,"(40.652954, -74.00215)"
5885,40.80751,-73.88563,"(40.80751, -73.88563)"
5886,40.65801,-73.92078,"(40.65801, -73.92078)"
5887,40.87232,-73.85054,"(40.87232, -73.85054)"
5888,40.750275,-73.81875,"(40.750275, -73.81875)"
5889,40.66408,-73.94817,"(40.66408, -73.94817)"
5890,40.701855,-73.92374,"(40.701855, -73.92374)"
5891,40.630577,-73.88591,"(40.630577, -73.88591)"
5892,40.779144,-73.94478,"(40.779144, -73.94478)"
5893,40.679787,-73.93844,"(40.679787, -73.93844)"
5894,40.736927,-73.8648,"(40.736927, -73.8648)"
5896,40.625916,-74.13452,"(40.625916, -74.13452)"
5897,40.626358,-74.13231,"(40.626358, -74.13231)"
5898,40.63021,-73.93294,"(40.63021, -73.93294)"
5899,40.851257,-73.86095,"(40.851257, -73.86095)"
5900,40.87707,-73.90452,"(40.87707, -73.90452)"
5901,40.72548,-73.78381,"(40.72548, -73.78381)"
5903,40.78322,-73.84679,"(40.78322, -73.84679)"
5904,40.68659,-74.00842,"(40.68659, -74.00842)"
5905,40.803715,-73.91588,"(40.803715, -73.91588)"
5906,40.729458,-73.92201,"(40.729458, -73.92201)"
5908,40.858517,-73.86784,"(40.858517, -73.86784)"
5909,40.789196,-73.84559,"(40.789196, -73.84559)"
5910,40.741077,-74.001564,"(40.741077, -74.001564)"
5911,40.73736,-73.99685,"(40.73736, -73.99685)"
5912,40.689697,-73.97511,"(40.689697, -73.97511)"
5913,40.82821,-73.8623,"(40.82821, -73.8623)"
5914,40.701424,-73.94307,"(40.701424, -73.94307)"
5915,40.877586,-73.891045,"(40.877586, -73.891045)"
5916,40.753265,-73.82207,"(40.753265, -73.82207)"
5917,40.666405,-73.802635,"(40.666405, -73.802635)"
5918,40.671314,-74.00123,"(40.671314, -74.00123)"
5919,40.62598,-73.986786,"(40.62598, -73.986786)"
5920,40.668377,-73.92012,"(40.668377, -73.92012)"
5922,40.59102,-74.100914,"(40.59102, -74.100914)"
5923,40.87462,-73.8804,"(40.87462, -73.8804)"
5924,40.636147,-73.99097,"(40.636147, -73.99097)"
5925,40.74321,-73.82262,"(40.74321, -73.82262)"
5926,40.652576,-73.91595,"(40.652576, -73.91595)"
5927,40.682507,-73.94375,"(40.682507, -73.94375)"
5928,40.76903,-73.88203,"(40.76903, -73.88203)"
5929,40.86231,-73.909874,"(40.86231, -73.909874)"
5930,40.67164,-73.95034,"(40.67164, -73.95034)"
5931,40.683357,-73.79726,"(40.683357, -73.79726)"
5932,40.75184,-73.94806,"(40.75184, -73.94806)"
5933,40.745094,-73.98281,"(40.745094, -73.98281)"
5934,40.8375,-73.880684,"(40.8375, -73.880684)"
5935,40.660656,-73.93033,"(40.660656, -73.93033)"
5936,40.63782,-73.98921,"(40.63782, -73.98921)"
5937,40.641064,-73.972275,"(40.641064, -73.972275)"
5938,40.711033,-73.7281,"(40.711033, -73.7281)"
5939,40.828114,-73.93107,"(40.828114, -73.93107)"
5940,40.84518,-73.91417,"(40.84518, -73.91417)"
5941,40.580616,-74.152534,"(40.580616, -74.152534)"
5942,40.849033,-73.935196,"(40.849033, -73.935196)"
5943,40.896687,-73.84511,"(40.896687, -73.84511)"
5944,40.654327,-73.9221,"(40.654327, -73.9221)"
5945,40.666348,-73.76093,"(40.666348, -73.76093)"
5946,40.76403,-73.982475,"(40.76403, -73.982475)"
5947,40.672188,-73.94383,"(40.672188, -73.94383)"
5948,40.7531,-73.72422,"(40.7531, -73.72422)"
5949,40.8122,-73.94226,"(40.8122, -73.94226)"
5950,40.66399,-73.92988,"(40.66399, -73.92988)"
5951,40.683544,-73.9477,"(40.683544, -73.9477)"
5952,40.726837,-73.71355,"(40.726837, -73.71355)"
5953,40.877033,-73.846375,"(40.877033, -73.846375)"
5954,40.876877,-73.9034,"(40.876877, -73.9034)"
5955,40.756557,-73.97444,"(40.756557, -73.97444)"
5957,40.74539,-73.90662,"(40.74539, -73.90662)"
5958,40.66539,-73.95989,"(40.66539, -73.95989)"
5959,40.713226,-73.82343,"(40.713226, -73.82343)"
5960,40.62937,-73.97286,"(40.62937, -73.97286)"
5961,40.820683,-73.86809,"(40.820683, -73.86809)"
5962,40.62194,-73.91753,"(40.62194, -73.91753)"
5963,40.674957,-73.91489,"(40.674957, -73.91489)"
5964,40.54534,-74.160576,"(40.54534, -74.160576)"
5965,40.764126,-73.88194,"(40.764126, -73.88194)"
5966,40.610947,-73.97733,"(40.610947, -73.97733)"
5967,40.65396,-74.00699,"(40.65396, -74.00699)"
5968,40.744125,-73.906944,"(40.744125, -73.906944)"
5970,40.69432,-73.77785,"(40.69432, -73.77785)"
5971,40.84603,-73.93034,"(40.84603, -73.93034)"
5972,40.608307,-74.13132,"(40.608307, -74.13132)"
5973,40.745422,-73.990974,"(40.745422, -73.990974)"
5975,40.623367,-73.989494,"(40.623367, -73.989494)"
5976,40.792183,-73.968025,"(40.792183, -73.968025)"
5977,40.77067,-73.7355,"(40.77067, -73.7355)"
5978,40.633564,-74.01595,"(40.633564, -74.01595)"
5979,40.65121,-73.95893,"(40.65121, -73.95893)"
5980,40.578598,-74.10357,"(40.578598, -74.10357)"
5981,40.656082,-73.95306,"(40.656082, -73.95306)"
5982,40.79948,-73.93958,"(40.79948, -73.93958)"
5983,40.744892,-73.77022,"(40.744892, -73.77022)"
5984,40.84175,-73.88546,"(40.84175, -73.88546)"
5985,40.716812,-73.99777,"(40.716812, -73.99777)"
5986,40.610863,-74.00864,"(40.610863, -74.00864)"
5987,40.74613,-73.83605,"(40.74613, -73.83605)"
5988,40.88922,-73.85969,"(40.88922, -73.85969)"
5989,40.70047,-73.75289,"(40.70047, -73.75289)"
5990,40.746334,-73.89633,"(40.746334, -73.89633)"
5991,40.750885,-73.81942,"(40.750885, -73.81942)"
5992,40.651604,-73.933304,"(40.651604, -73.933304)"
5993,40.76417,-73.97463,"(40.76417, -73.97463)"
5994,40.68269,-73.753174,"(40.68269, -73.753174)"
5995,40.75184,-73.70288,"(40.75184, -73.70288)"
5996,40.599777,-74.002045,"(40.599777, -74.002045)"
5997,40.67137,-73.82548,"(40.67137, -73.82548)"
5998,40.740593,-73.827644,"(40.740593, -73.827644)"
5999,40.678165,-73.746506,"(40.678165, -73.746506)"
6000,40.763424,-73.990776,"(40.763424, -73.990776)"
6001,40.87328,-73.86984,"(40.87328, -73.86984)"
6002,40.64443,-73.91994,"(40.64443, -73.91994)"
6003,40.608757,-74.038086,"(40.608757, -74.038086)"
6005,40.729176,-73.94222,"(40.729176, -73.94222)"
6006,40.778336,-73.98184,"(40.778336, -73.98184)"
6007,40.774357,-73.912865,"(40.774357, -73.912865)"
6009,40.719395,-74.00189,"(40.719395, -74.00189)"
6010,40.731144,-73.78813,"(40.731144, -73.78813)"
6011,40.83948,-73.93604,"(40.83948, -73.93604)"
6012,40.812294,-73.95123,"(40.812294, -73.95123)"
6013,40.653065,-73.88979,"(40.653065, -73.88979)"
6014,40.667313,-73.73926,"(40.667313, -73.73926)"
6015,40.790318,-73.81632,"(40.790318, -73.81632)"
6016,40.70657,-73.75464,"(40.70657, -73.75464)"
6017,40.73675,-73.87767,"(40.73675, -73.87767)"
6018,40.748596,-73.89532,"(40.748596, -73.89532)"
6020,40.624855,-73.99195,"(40.624855, -73.99195)"
6021,40.50538,-74.23887,"(40.50538, -74.23887)"
6022,40.72756,-74.00117,"(40.72756, -74.00117)"
6023,40.672855,-73.87131,"(40.672855, -73.87131)"
6024,40.865414,-73.86775,"(40.865414, -73.86775)"
6025,40.64405,-74.02217,"(40.64405, -74.02217)"
6026,40.704422,-73.99491,"(40.704422, -73.99491)"
6027,40.87707,-73.84624,"(40.87707, -73.84624)"
6029,40.70597,-74.005264,"(40.70597, -74.005264)"
6030,40.75199,-73.931274,"(40.75199, -73.931274)"
6031,40.847073,-73.85852,"(40.847073, -73.85852)"
6032,40.73361,-73.835915,"(40.73361, -73.835915)"
6033,40.858986,-73.8676,"(40.858986, -73.8676)"
6034,40.69131,-73.930725,"(40.69131, -73.930725)"
6035,40.76031,-73.9717,"(40.76031, -73.9717)"
6036,40.729294,-73.85224,"(40.729294, -73.85224)"
6037,40.712357,-74.0009,"(40.712357, -74.0009)"
6038,40.73025,-73.95375,"(40.73025, -73.95375)"
6039,40.754745,-73.9879,"(40.754745, -73.9879)"
6040,40.688953,-73.75985,"(40.688953, -73.75985)"
6041,40.845028,-73.9335,"(40.845028, -73.9335)"
6042,40.72656,-73.972046,"(40.72656, -73.972046)"
6043,40.640343,-73.74313,"(40.640343, -73.74313)"
6045,40.7716,-73.80907,"(40.7716, -73.80907)"
6046,40.578342,-73.849365,"(40.578342, -73.849365)"
6047,40.769886,-73.92781,"(40.769886, -73.92781)"
6048,40.76014,-73.89663,"(40.76014, -73.89663)"
6049,40.83443,-73.91035,"(40.83443, -73.91035)"
6050,40.759777,-73.86318,"(40.759777, -73.86318)"
6051,40.779495,-73.95559,"(40.779495, -73.95559)"
6052,40.825573,-73.918465,"(40.825573, -73.918465)"
6053,40.7773,-73.98259,"(40.7773, -73.98259)"
6054,40.648643,-73.955765,"(40.648643, -73.955765)"
6055,40.70145,-73.989624,"(40.70145, -73.989624)"
6056,40.667114,-73.834656,"(40.667114, -73.834656)"
6057,40.733315,-73.80786,"(40.733315, -73.80786)"
6058,40.704403,-73.814445,"(40.704403, -73.814445)"
6059,40.637405,-73.982475,"(40.637405, -73.982475)"
6060,40.87564,-73.829,"(40.87564, -73.829)"
6061,40.762836,-73.805405,"(40.762836, -73.805405)"
6062,40.75662,-73.80733,"(40.75662, -73.80733)"
6063,40.714527,-73.97481,"(40.714527, -73.97481)"
6064,40.751785,-73.88469,"(40.751785, -73.88469)"
6065,40.75892,-73.7747,"(40.75892, -73.7747)"
6066,40.748383,-73.90514,"(40.748383, -73.90514)"
6067,40.781025,-73.981316,"(40.781025, -73.981316)"
6068,40.71702,-73.88899,"(40.71702, -73.88899)"
6069,40.765533,-73.871956,"(40.765533, -73.871956)"
6070,40.83521,-73.85498,"(40.83521, -73.85498)"
6071,40.69625,-73.97909,"(40.69625, -73.97909)"
6072,40.702766,-73.95959,"(40.702766, -73.95959)"
6073,40.69132,-73.8199,"(40.69132, -73.8199)"
6074,40.763668,-73.82303,"(40.763668, -73.82303)"
6075,40.744938,-73.90959,"(40.744938, -73.90959)"
6076,40.69168,-73.999344,"(40.69168, -73.999344)"
6077,40.556923,-74.17485,"(40.556923, -74.17485)"
6078,40.672276,-73.8045,"(40.672276, -73.8045)"
6079,40.588192,-74.10271,"(40.588192, -74.10271)"
6080,40.66913,-73.953804,"(40.66913, -73.953804)"
6081,40.62681,-74.00784,"(40.62681, -74.00784)"
6082,40.72065,-74.00082,"(40.72065, -74.00082)"
6083,40.680443,-73.95039,"(40.680443, -73.95039)"
6084,40.774654,-73.9541,"(40.774654, -73.9541)"
6085,40.665558,-73.72985,"(40.665558, -73.72985)"
6086,40.66517,-73.804054,"(40.66517, -73.804054)"
6087,40.695553,-73.91028,"(40.695553, -73.91028)"
6088,40.7082,-73.80109,"(40.7082, -73.80109)"
6089,40.71507,-73.91327,"(40.71507, -73.91327)"
6090,40.526894,-74.16728,"(40.526894, -74.16728)"
6091,40.710957,-73.951126,"(40.710957, -73.951126)"
6092,40.717064,-73.995575,"(40.717064, -73.995575)"
6093,40.714005,-73.99749,"(40.714005, -73.99749)"
6094,40.82317,-73.9275,"(40.82317, -73.9275)"
6095,40.71382,-73.96361,"(40.71382, -73.96361)"
6096,40.5719,-74.10834,"(40.5719, -74.10834)"
6097,40.852154,-73.93472,"(40.852154, -73.93472)"
6098,40.684258,-73.84604,"(40.684258, -73.84604)"
6099,40.728672,-73.900894,"(40.728672, -73.900894)"
6100,40.64664,-73.9246,"(40.64664, -73.9246)"
6101,40.755512,-73.820305,"(40.755512, -73.820305)"
6102,40.882095,-73.86878,"(40.882095, -73.86878)"
6103,40.876434,-73.87364,"(40.876434, -73.87364)"
6105,40.66545,-73.88939,"(40.66545, -73.88939)"
6106,40.676174,-73.765434,"(40.676174, -73.765434)"
6107,40.745823,-74.001816,"(40.745823, -74.001816)"
6108,40.65794,-73.907745,"(40.65794, -73.907745)"
6109,40.68618,-73.79149,"(40.68618, -73.79149)"
6110,40.69613,-73.987114,"(40.69613, -73.987114)"
6112,40.748314,-73.70955,"(40.748314, -73.70955)"
6113,40.821945,-73.9281,"(40.821945, -73.9281)"
6114,40.850155,-73.844955,"(40.850155, -73.844955)"
6115,40.778625,-73.77587,"(40.778625, -73.77587)"
6116,40.61467,-73.92809,"(40.61467, -73.92809)"
6117,40.76904,-73.799034,"(40.76904, -73.799034)"
6118,40.698544,-73.96236,"(40.698544, -73.96236)"
6119,40.645298,-74.10466,"(40.645298, -74.10466)"
6120,40.663643,-73.87395,"(40.663643, -73.87395)"
6121,40.77035,-73.87084,"(40.77035, -73.87084)"
6122,40.706863,-74.006996,"(40.706863, -74.006996)"
6123,40.67054,-73.820885,"(40.67054, -73.820885)"
6124,40.61243,-73.96386,"(40.61243, -73.96386)"
6126,40.68272,-73.82912,"(40.68272, -73.82912)"
6127,40.746677,-73.98041,"(40.746677, -73.98041)"
6128,40.806828,-73.93432,"(40.806828, -73.93432)"
6129,40.7056,-73.85822,"(40.7056, -73.85822)"
6130,40.57316,-74.114815,"(40.57316, -74.114815)"
6131,40.756317,-73.852295,"(40.756317, -73.852295)"
6133,40.807713,-73.94132,"(40.807713, -73.94132)"
6134,40.769886,-73.92781,"(40.769886, -73.92781)"
6135,40.594616,-73.99743,"(40.594616, -73.99743)"
6136,40.731705,-74.00096,"(40.731705, -74.00096)"
6137,40.635166,-73.98481,"(40.635166, -73.98481)"
6138,40.763584,-73.82811,"(40.763584, -73.82811)"
6139,40.714436,-73.974754,"(40.714436, -73.974754)"
6140,40.742382,-73.87088,"(40.742382, -73.87088)"
6141,40.629852,-74.01956,"(40.629852, -74.01956)"
6142,40.59878,-73.76611,"(40.59878, -73.76611)"
6143,40.626823,-73.996796,"(40.626823, -73.996796)"
6144,40.751373,-73.983734,"(40.751373, -73.983734)"
6145,40.85232,-73.86301,"(40.85232, -73.86301)"
6146,40.7385,-73.952835,"(40.7385, -73.952835)"
6147,40.595097,-74.00092,"(40.595097, -74.00092)"
6148,40.68714,-73.80782,"(40.68714, -73.80782)"
6149,40.67452,-73.80321,"(40.67452, -73.80321)"
6150,40.84301,-73.86573,"(40.84301, -73.86573)"
6151,40.674694,-73.78435,"(40.674694, -73.78435)"
6152,40.754147,-73.722885,"(40.754147, -73.722885)"
6153,40.758427,-73.99264,"(40.758427, -73.99264)"
6154,40.650166,-73.83764,"(40.650166, -73.83764)"
6155,40.608757,-74.038086,"(40.608757, -74.038086)"
6156,40.725616,-73.9445,"(40.725616, -73.9445)"
6157,40.622795,-74.00843,"(40.622795, -74.00843)"
6158,40.700245,-73.92089,"(40.700245, -73.92089)"
6159,40.72854,-73.95349,"(40.72854, -73.95349)"
6160,40.651264,-74.003914,"(40.651264, -74.003914)"
6161,40.68966,-74.00047,"(40.68966, -74.00047)"
6163,40.583355,-74.14962,"(40.583355, -74.14962)"
6164,40.77882,-73.953995,"(40.77882, -73.953995)"
6165,40.765182,-73.81414,"(40.765182, -73.81414)"
6166,40.825935,-73.83637,"(40.825935, -73.83637)"
6167,40.704426,-73.89378,"(40.704426, -73.89378)"
6168,40.686447,-73.85485,"(40.686447, -73.85485)"
6169,40.82383,-73.87624,"(40.82383, -73.87624)"
6170,40.867878,-73.89944,"(40.867878, -73.89944)"
6171,40.653873,-74.008156,"(40.653873, -74.008156)"
6172,40.685795,-73.911644,"(40.685795, -73.911644)"
6173,40.63529,-73.958206,"(40.63529, -73.958206)"
6174,40.875896,-73.88477,"(40.875896, -73.88477)"
6175,40.669456,-73.86284,"(40.669456, -73.86284)"
6176,40.754505,-73.965706,"(40.754505, -73.965706)"
6177,40.81144,-73.95211,"(40.81144, -73.95211)"
6178,40.81693,-73.88617,"(40.81693, -73.88617)"
6179,40.715565,-73.75759,"(40.715565, -73.75759)"
6180,40.680687,-73.84459,"(40.680687, -73.84459)"
6181,40.802074,-73.93407,"(40.802074, -73.93407)"
6182,40.75667,-73.828804,"(40.75667, -73.828804)"
6184,40.76287,-73.83579,"(40.76287, -73.83579)"
6185,40.64356,-74.00023,"(40.64356, -74.00023)"
6186,40.749718,-73.881485,"(40.749718, -73.881485)"
6187,40.66549,-73.75236,"(40.66549, -73.75236)"
6188,40.800983,-73.92927,"(40.800983, -73.92927)"
6189,40.59023,-73.95354,"(40.59023, -73.95354)"
6190,40.671684,-73.75647,"(40.671684, -73.75647)"
6191,40.669724,-73.86097,"(40.669724, -73.86097)"
6192,40.55494,-73.92701,"(40.55494, -73.92701)"
6193,40.794613,-73.933464,"(40.794613, -73.933464)"
6194,40.69742,-73.93134,"(40.69742, -73.93134)"
6195,40.727024,-73.84889,"(40.727024, -73.84889)"
6196,40.819847,-73.810104,"(40.819847, -73.810104)"
6197,40.534813,-74.194115,"(40.534813, -74.194115)"
6198,40.655624,-73.98091,"(40.655624, -73.98091)"
6199,40.699116,-73.93559,"(40.699116, -73.93559)"
6200,40.576206,-74.00203,"(40.576206, -74.00203)"
6201,40.633606,-73.91623,"(40.633606, -73.91623)"
6202,40.897068,-73.843376,"(40.897068, -73.843376)"
6203,40.570465,-74.10977,"(40.570465, -74.10977)"
6204,40.742245,-73.86514,"(40.742245, -73.86514)"
6205,40.526264,-74.20153,"(40.526264, -74.20153)"
6206,40.739635,-73.86074,"(40.739635, -73.86074)"
6207,40.581917,-73.82978,"(40.581917, -73.82978)"
6208,40.747513,-73.9688,"(40.747513, -73.9688)"
6209,40.673588,-73.73351,"(40.673588, -73.73351)"
6210,40.660202,-73.96063,"(40.660202, -73.96063)"
6211,40.662254,-73.96184,"(40.662254, -73.96184)"
6212,40.825897,-73.93936,"(40.825897, -73.93936)"
6213,40.755486,-73.82472,"(40.755486, -73.82472)"
6214,40.744026,-73.92616,"(40.744026, -73.92616)"
6216,40.748318,-73.98827,"(40.748318, -73.98827)"
6217,40.61703,-74.03155,"(40.61703, -74.03155)"
6218,40.744064,-73.987755,"(40.744064, -73.987755)"
6219,40.866066,-73.87095,"(40.866066, -73.87095)"
6220,40.67868,-73.99768,"(40.67868, -73.99768)"
6221,40.71084,-73.78253,"(40.71084, -73.78253)"
6222,40.743626,-73.71837,"(40.743626, -73.71837)"
6223,40.61651,-74.02666,"(40.61651, -74.02666)"
6224,40.726665,-73.98309,"(40.726665, -73.98309)"
6225,40.64509,-73.90637,"(40.64509, -73.90637)"
6226,40.719635,-73.76277,"(40.719635, -73.76277)"
6227,40.748356,-74.00369,"(40.748356, -74.00369)"
6228,40.822643,-73.88606,"(40.822643, -73.88606)"
6230,40.738007,-73.87723,"(40.738007, -73.87723)"
6231,40.68631,-73.97445,"(40.68631, -73.97445)"
6232,40.713562,-73.99836,"(40.713562, -73.99836)"
6233,40.77936,-73.97737,"(40.77936, -73.97737)"
6234,40.64046,-73.90122,"(40.64046, -73.90122)"
6235,40.707825,-73.99918,"(40.707825, -73.99918)"
6236,40.68902,-73.98617,"(40.68902, -73.98617)"
6237,40.647976,-73.89399,"(40.647976, -73.89399)"
6238,40.82325,-73.88277,"(40.82325, -73.88277)"
6239,40.75517,-73.8891,"(40.75517, -73.8891)"
6240,40.825935,-73.85913,"(40.825935, -73.85913)"
6241,40.835896,-73.901855,"(40.835896, -73.901855)"
6242,40.678333,-73.88521,"(40.678333, -73.88521)"
6243,40.75896,-73.82985,"(40.75896, -73.82985)"
6245,40.74772,-73.98682,"(40.74772, -73.98682)"
6246,40.732105,-73.93576,"(40.732105, -73.93576)"
6247,40.770573,-73.9075,"(40.770573, -73.9075)"
6248,40.84434,-73.91475,"(40.84434, -73.91475)"
6249,40.67798,-73.872116,"(40.67798, -73.872116)"
6250,40.718945,-73.97546,"(40.718945, -73.97546)"
6251,40.56763,-74.11263,"(40.56763, -74.11263)"
6252,40.639294,-74.01279,"(40.639294, -74.01279)"
6253,40.592793,-74.18883,"(40.592793, -74.18883)"
6255,40.594826,-73.787254,"(40.594826, -73.787254)"
6256,40.729538,-73.889946,"(40.729538, -73.889946)"
6257,40.87905,-73.90504,"(40.87905, -73.90504)"
6259,40.765244,-73.78601,"(40.765244, -73.78601)"
6260,40.699978,-73.98779,"(40.699978, -73.98779)"
6261,40.612537,-74.13096,"(40.612537, -74.13096)"
6263,40.677258,-73.81873,"(40.677258, -73.81873)"
6265,40.6094,-73.967674,"(40.6094, -73.967674)"
6266,40.69773,-73.81409,"(40.69773, -73.81409)"
6267,40.615337,-73.93139,"(40.615337, -73.93139)"
6268,40.76617,-73.93343,"(40.76617, -73.93343)"
6269,40.78768,-73.95593,"(40.78768, -73.95593)"
6270,40.66851,-73.76626,"(40.66851, -73.76626)"
6271,40.751957,-73.93475,"(40.751957, -73.93475)"
6272,40.716087,-73.95962,"(40.716087, -73.95962)"
6273,40.69687,-73.92654,"(40.69687, -73.92654)"
6274,40.741844,-73.89661,"(40.741844, -73.89661)"
6275,40.60327,-73.75106,"(40.60327, -73.75106)"
6276,40.76285,-73.967735,"(40.76285, -73.967735)"
6277,40.75462,-73.97374,"(40.75462, -73.97374)"
6278,40.86177,-73.91848,"(40.86177, -73.91848)"
6280,40.69231,-73.9433,"(40.69231, -73.9433)"
6283,40.761086,-73.9852,"(40.761086, -73.9852)"
6284,40.748924,-73.937386,"(40.748924, -73.937386)"
6285,40.761547,-73.83113,"(40.761547, -73.83113)"
6286,40.652927,-73.959335,"(40.652927, -73.959335)"
6287,40.66684,-73.78941,"(40.66684, -73.78941)"
6288,40.60797,-74.06798,"(40.60797, -74.06798)"
6289,40.667934,-73.76732,"(40.667934, -73.76732)"
6290,40.626045,-74.156685,"(40.626045, -74.156685)"
6291,40.571625,-74.11192,"(40.571625, -74.11192)"
6292,40.617924,-74.155785,"(40.617924, -74.155785)"
6293,40.684017,-73.73266,"(40.684017, -73.73266)"
6294,40.6826,-73.95597,"(40.6826, -73.95597)"
6295,40.720936,-73.993805,"(40.720936, -73.993805)"
6296,40.729362,-74.002335,"(40.729362, -74.002335)"
6297,40.68416,-73.96907,"(40.68416, -73.96907)"
6299,40.680225,-74.00481,"(40.680225, -74.00481)"
6300,40.857758,-73.90095,"(40.857758, -73.90095)"
6301,40.74073,-73.981766,"(40.74073, -73.981766)"
6302,40.608727,-74.08839,"(40.608727, -74.08839)"
6303,40.781254,-73.91797,"(40.781254, -73.91797)"
6304,40.723995,-73.99363,"(40.723995, -73.99363)"
6305,40.722553,-74.00141,"(40.722553, -74.00141)"
6306,40.763298,-73.989105,"(40.763298, -73.989105)"
6307,40.66796,-73.87009,"(40.66796, -73.87009)"
6308,40.81459,-73.8859,"(40.81459, -73.8859)"
6309,40.790634,-73.9766,"(40.790634, -73.9766)"
6310,40.579735,-74.114235,"(40.579735, -74.114235)"
6311,40.87653,-73.87384,"(40.87653, -73.87384)"
6312,40.67846,-73.97262,"(40.67846, -73.97262)"
6313,40.583275,-73.982254,"(40.583275, -73.982254)"
6314,40.75763,-73.82799,"(40.75763, -73.82799)"
6315,40.540733,-74.1844,"(40.540733, -74.1844)"
6316,40.595047,-73.97109,"(40.595047, -73.97109)"
6317,40.751442,-73.97606,"(40.751442, -73.97606)"
6318,40.822784,-73.9574,"(40.822784, -73.9574)"
6319,40.682285,-73.80805,"(40.682285, -73.80805)"
6320,40.80322,-73.95253,"(40.80322, -73.95253)"
6321,40.57665,-73.963196,"(40.57665, -73.963196)"
6322,40.75776,-73.862816,"(40.75776, -73.862816)"
6323,40.889133,-73.835556,"(40.889133, -73.835556)"
6324,40.81175,-73.93144,"(40.81175, -73.93144)"
6325,40.69168,-73.999344,"(40.69168, -73.999344)"
6326,40.715145,-73.74935,"(40.715145, -73.74935)"
6327,40.79522,-73.921524,"(40.79522, -73.921524)"
6328,40.651653,-73.91738,"(40.651653, -73.91738)"
6329,40.74994,-73.882454,"(40.74994, -73.882454)"
6330,40.71843,-74.000534,"(40.71843, -74.000534)"
6331,40.71891,-73.999245,"(40.71891, -73.999245)"
6332,40.758377,-73.994385,"(40.758377, -73.994385)"
6333,40.818783,-73.889275,"(40.818783, -73.889275)"
6334,40.5841,-73.96566,"(40.5841, -73.96566)"
6335,40.83449,-73.940056,"(40.83449, -73.940056)"
6336,40.74763,-73.88394,"(40.74763, -73.88394)"
6337,40.68186,-73.98828,"(40.68186, -73.98828)"
6338,40.82421,-73.90863,"(40.82421, -73.90863)"
6339,40.84869,-73.90329,"(40.84869, -73.90329)"
6340,40.909626,-73.8966,"(40.909626, -73.8966)"
6341,40.63552,-73.967,"(40.63552, -73.967)"
6342,40.676933,-73.92011,"(40.676933, -73.92011)"
6343,40.846165,-73.929146,"(40.846165, -73.929146)"
6344,40.753326,-73.8718,"(40.753326, -73.8718)"
6345,40.786175,-73.97242,"(40.786175, -73.97242)"
6346,40.65759,-73.8835,"(40.65759, -73.8835)"
6347,40.737194,-73.97447,"(40.737194, -73.97447)"
6348,40.68509,-73.80518,"(40.68509, -73.80518)"
6349,40.798126,-73.94832,"(40.798126, -73.94832)"
6350,40.724968,-73.840355,"(40.724968, -73.840355)"
6351,40.757908,-73.9893,"(40.757908, -73.9893)"
6352,40.688766,-73.99907,"(40.688766, -73.99907)"
6353,40.7265,-73.75571,"(40.7265, -73.75571)"
6354,40.636795,-74.11158,"(40.636795, -74.11158)"
6355,40.7629,-73.76918,"(40.7629, -73.76918)"
6356,40.712,-73.82546,"(40.712, -73.82546)"
6357,40.72861,-73.88721,"(40.72861, -73.88721)"
6358,40.728897,-73.95099,"(40.728897, -73.95099)"
6359,40.660305,-73.77567,"(40.660305, -73.77567)"
6361,40.869118,-73.83048,"(40.869118, -73.83048)"
6362,40.74769,-74.00417,"(40.74769, -74.00417)"
6363,40.67922,-73.86141,"(40.67922, -73.86141)"
6364,40.771328,-73.90391,"(40.771328, -73.90391)"
6365,40.70958,-73.84539,"(40.70958, -73.84539)"
6367,40.713985,-73.73812,"(40.713985, -73.73812)"
6368,40.758743,-73.804214,"(40.758743, -73.804214)"
6369,40.680622,-73.925575,"(40.680622, -73.925575)"
6370,40.84519,-73.9112,"(40.84519, -73.9112)"
6371,40.820137,-73.89029,"(40.820137, -73.89029)"
6372,40.619984,-73.96427,"(40.619984, -73.96427)"
6373,40.74463,-73.99898,"(40.74463, -73.99898)"
6374,40.592968,-73.9482,"(40.592968, -73.9482)"
6376,40.72845,-73.95036,"(40.72845, -73.95036)"
6377,40.662395,-73.93735,"(40.662395, -73.93735)"
6378,40.69603,-73.943535,"(40.69603, -73.943535)"
6379,40.61752,-74.13289,"(40.61752, -74.13289)"
6380,40.732162,-73.99431,"(40.732162, -73.99431)"
6381,40.718723,-73.907906,"(40.718723, -73.907906)"
6382,40.711796,-73.85952,"(40.711796, -73.85952)"
6383,40.6941,-73.983536,"(40.6941, -73.983536)"
6384,40.570465,-74.10977,"(40.570465, -74.10977)"
6385,40.783966,-73.81173,"(40.783966, -73.81173)"
6386,40.644997,-73.895676,"(40.644997, -73.895676)"
6387,40.626335,-74.174965,"(40.626335, -74.174965)"
6388,40.717884,-73.940346,"(40.717884, -73.940346)"
6389,40.888687,-73.84018,"(40.888687, -73.84018)"
6390,40.830357,-73.90742,"(40.830357, -73.90742)"
6391,40.74163,-73.95306,"(40.74163, -73.95306)"
6392,40.679317,-74.003334,"(40.679317, -74.003334)"
6393,40.71978,-73.984726,"(40.71978, -73.984726)"
6394,40.762676,-73.954346,"(40.762676, -73.954346)"
6397,40.60595,-74.07601,"(40.60595, -74.07601)"
6398,40.778606,-73.98163,"(40.778606, -73.98163)"
6399,40.632885,-73.94771,"(40.632885, -73.94771)"
6400,40.693726,-73.99832,"(40.693726, -73.99832)"
6401,40.74915,-73.9957,"(40.74915, -73.9957)"
6402,40.6227,-74.13208,"(40.6227, -74.13208)"
6403,40.70703,-73.831665,"(40.70703, -73.831665)"
6404,40.82194,-73.90743,"(40.82194, -73.90743)"
6405,40.811264,-73.95782,"(40.811264, -73.95782)"
6406,40.73319,-73.76177,"(40.73319, -73.76177)"
6408,40.75487,-73.891884,"(40.75487, -73.891884)"
6409,40.68714,-73.80801,"(40.68714, -73.80801)"
6410,40.858444,-73.89851,"(40.858444, -73.89851)"
6411,40.67289,-73.906685,"(40.67289, -73.906685)"
6412,40.82289,-73.884155,"(40.82289, -73.884155)"
6413,40.804745,-73.91194,"(40.804745, -73.91194)"
6414,40.856796,-73.841675,"(40.856796, -73.841675)"
6415,40.813797,-73.94987,"(40.813797, -73.94987)"
6416,40.738194,-73.8492,"(40.738194, -73.8492)"
6417,40.713795,-73.944275,"(40.713795, -73.944275)"
6418,40.642014,-73.9313,"(40.642014, -73.9313)"
6419,40.639793,-73.929115,"(40.639793, -73.929115)"
6421,40.775963,-73.94248,"(40.775963, -73.94248)"
6422,40.87665,-73.906715,"(40.87665, -73.906715)"
6423,40.632397,-73.97749,"(40.632397, -73.97749)"
6424,40.63835,-73.90889,"(40.63835, -73.90889)"
6425,40.75233,-73.756,"(40.75233, -73.756)"
6426,40.749046,-73.98203,"(40.749046, -73.98203)"
6427,40.661835,-73.95075,"(40.661835, -73.95075)"
6428,40.648434,-73.89328,"(40.648434, -73.89328)"
6429,40.816532,-73.92822,"(40.816532, -73.92822)"
6430,40.72835,-73.990715,"(40.72835, -73.990715)"
6431,40.739426,-73.93464,"(40.739426, -73.93464)"
6432,40.719135,-73.78949,"(40.719135, -73.78949)"
6433,40.643246,-73.94877,"(40.643246, -73.94877)"
6434,40.758533,-73.98885,"(40.758533, -73.98885)"
6435,40.734768,-73.87459,"(40.734768, -73.87459)"
6436,40.741077,-74.001564,"(40.741077, -74.001564)"
6437,40.86463,-73.892136,"(40.86463, -73.892136)"
6438,40.72696,-73.841385,"(40.72696, -73.841385)"
6439,40.74016,-73.89525,"(40.74016, -73.89525)"
6440,40.753494,-73.98712,"(40.753494, -73.98712)"
6441,40.845837,-73.8255,"(40.845837, -73.8255)"
6442,40.720535,-73.776215,"(40.720535, -73.776215)"
6443,40.61063,-73.98019,"(40.61063, -73.98019)"
6444,40.883343,-73.81614,"(40.883343, -73.81614)"
6445,40.6229,-74.14943,"(40.6229, -74.14943)"
6446,40.78744,-73.94478,"(40.78744, -73.94478)"
6447,40.74128,-73.90257,"(40.74128, -73.90257)"
6448,40.690533,-73.99809,"(40.690533, -73.99809)"
6449,40.733967,-73.87177,"(40.733967, -73.87177)"
6450,40.617123,-73.98524,"(40.617123, -73.98524)"
6451,40.718075,-73.97511,"(40.718075, -73.97511)"
6452,40.556614,-74.15581,"(40.556614, -74.15581)"
6453,40.75348,-73.97879,"(40.75348, -73.97879)"
6454,40.742756,-73.89602,"(40.742756, -73.89602)"
6455,40.89594,-73.859375,"(40.89594, -73.859375)"
6456,40.729233,-73.73932,"(40.729233, -73.73932)"
6457,40.673477,-73.791504,"(40.673477, -73.791504)"
6458,40.639114,-73.95428,"(40.639114, -73.95428)"
6459,40.720074,-73.988365,"(40.720074, -73.988365)"
6460,40.604244,-74.14411,"(40.604244, -74.14411)"
6461,40.765324,-73.816185,"(40.765324, -73.816185)"
6463,40.699104,-73.94935,"(40.699104, -73.94935)"
6464,40.86226,-73.89589,"(40.86226, -73.89589)"
6465,40.882496,-73.86989,"(40.882496, -73.86989)"
6466,40.76314,-73.793236,"(40.76314, -73.793236)"
6467,40.683342,-74.001976,"(40.683342, -74.001976)"
6468,40.722572,-73.851364,"(40.722572, -73.851364)"
6469,40.786175,-73.9457,"(40.786175, -73.9457)"
6470,40.678932,-73.96197,"(40.678932, -73.96197)"
6471,40.840874,-73.91979,"(40.840874, -73.91979)"
6472,40.680584,-73.9809,"(40.680584, -73.9809)"
6473,40.884617,-73.83195,"(40.884617, -73.83195)"
6474,40.728992,-73.95067,"(40.728992, -73.95067)"
6475,40.671352,-73.88182,"(40.671352, -73.88182)"
6476,40.69174,-73.91401,"(40.69174, -73.91401)"
6477,40.603848,-74.00264,"(40.603848, -74.00264)"
6478,40.678234,-73.89753,"(40.678234, -73.89753)"
6479,40.866333,-73.86537,"(40.866333, -73.86537)"
6480,40.74147,-73.985435,"(40.74147, -73.985435)"
6481,40.843636,-73.91527,"(40.843636, -73.91527)"
6482,40.61219,-74.092,"(40.61219, -74.092)"
6483,40.719135,-73.78949,"(40.719135, -73.78949)"
6484,40.819843,-73.86452,"(40.819843, -73.86452)"
6485,40.71045,-73.95687,"(40.71045, -73.95687)"
6486,40.731144,-73.86937,"(40.731144, -73.86937)"
6487,40.69613,-73.987114,"(40.69613, -73.987114)"
6488,40.66807,-73.990616,"(40.66807, -73.990616)"
6489,40.74727,-73.85699,"(40.74727, -73.85699)"
6490,40.79522,-73.921524,"(40.79522, -73.921524)"
6491,40.764053,-73.96476,"(40.764053, -73.96476)"
6492,40.813374,-73.956276,"(40.813374, -73.956276)"
6493,40.812298,-73.899704,"(40.812298, -73.899704)"
6494,40.798187,-73.93382,"(40.798187, -73.93382)"
6495,40.686306,-73.99075,"(40.686306, -73.99075)"
6496,40.69065,-73.81033,"(40.69065, -73.81033)"
6497,40.753624,-73.996155,"(40.753624, -73.996155)"
6498,40.808002,-73.96391,"(40.808002, -73.96391)"
6499,40.827526,-73.82426,"(40.827526, -73.82426)"
6500,40.74285,-73.97721,"(40.74285, -73.97721)"
6501,40.62214,-74.02567,"(40.62214, -74.02567)"
6502,40.665737,-73.75194,"(40.665737, -73.75194)"
6503,40.78905,-73.92723,"(40.78905, -73.92723)"
6504,40.6012,-74.06593,"(40.6012, -74.06593)"
6505,40.67729,-73.743935,"(40.67729, -73.743935)"
6506,40.713394,-73.85956,"(40.713394, -73.85956)"
6507,40.807556,-73.919235,"(40.807556, -73.919235)"
6508,40.84773,-73.85709,"(40.84773, -73.85709)"
6509,40.63524,-73.967636,"(40.63524, -73.967636)"
6510,40.72844,-73.87116,"(40.72844, -73.87116)"
6511,40.67628,-73.892166,"(40.67628, -73.892166)"
6512,40.879227,-73.87135,"(40.879227, -73.87135)"
6513,40.649605,-73.8462,"(40.649605, -73.8462)"
6514,40.61654,-73.973366,"(40.61654, -73.973366)"
6515,40.754665,-73.822975,"(40.754665, -73.822975)"
6516,40.84772,-73.86704,"(40.84772, -73.86704)"
6517,40.74949,-73.98381,"(40.74949, -73.98381)"
6518,40.80967,-73.89302,"(40.80967, -73.89302)"
6519,40.75548,-73.74173,"(40.75548, -73.74173)"
6520,40.73715,-73.930824,"(40.73715, -73.930824)"
6521,40.589703,-74.15326,"(40.589703, -74.15326)"
6522,40.71032,-73.84998,"(40.71032, -73.84998)"
6523,40.803593,-73.919785,"(40.803593, -73.919785)"
6524,40.689217,-73.86702,"(40.689217, -73.86702)"
6525,40.645176,-73.99232,"(40.645176, -73.99232)"
6526,40.678234,-73.89753,"(40.678234, -73.89753)"
6527,40.807846,-73.95947,"(40.807846, -73.95947)"
6528,40.763138,-73.91341,"(40.763138, -73.91341)"
6529,40.857365,-73.84657,"(40.857365, -73.84657)"
6530,40.690308,-73.99881,"(40.690308, -73.99881)"
6531,40.880024,-73.8978,"(40.880024, -73.8978)"
6532,40.74608,-73.974945,"(40.74608, -73.974945)"
6534,40.61132,-74.114716,"(40.61132, -74.114716)"
6535,40.592518,-73.932625,"(40.592518, -73.932625)"
6536,40.837807,-73.83858,"(40.837807, -73.83858)"
6537,40.68256,-73.968765,"(40.68256, -73.968765)"
6538,40.727417,-73.99225,"(40.727417, -73.99225)"
6539,40.83541,-73.9154,"(40.83541, -73.9154)"
6540,40.66194,-73.93149,"(40.66194, -73.93149)"
6541,40.68966,-74.00047,"(40.68966, -74.00047)"
6542,40.594265,-74.07909,"(40.594265, -74.07909)"
6543,40.668495,-73.925606,"(40.668495, -73.925606)"
6544,40.862812,-73.907555,"(40.862812, -73.907555)"
6545,40.68226,-73.85088,"(40.68226, -73.85088)"
6546,40.63411,-74.0326,"(40.63411, -74.0326)"
6547,40.668797,-73.8745,"(40.668797, -73.8745)"
6548,40.640835,-73.98967,"(40.640835, -73.98967)"
6549,40.654217,-73.886826,"(40.654217, -73.886826)"
6550,40.7646,-73.88703,"(40.7646, -73.88703)"
6551,40.84921,-73.90011,"(40.84921, -73.90011)"
6552,40.71572,-73.825745,"(40.71572, -73.825745)"
6553,40.604065,-74.01823,"(40.604065, -74.01823)"
6554,40.632885,-73.94771,"(40.632885, -73.94771)"
6555,40.75409,-73.976395,"(40.75409, -73.976395)"
6556,40.75796,-73.78567,"(40.75796, -73.78567)"
6557,40.7027,-73.94681,"(40.7027, -73.94681)"
6558,40.751686,-73.85551,"(40.751686, -73.85551)"
6559,40.617065,-73.9157,"(40.617065, -73.9157)"
6560,40.897663,-73.866615,"(40.897663, -73.866615)"
6561,40.75663,-73.875145,"(40.75663, -73.875145)"
6562,40.76191,-73.77506,"(40.76191, -73.77506)"
6563,40.670723,-73.87519,"(40.670723, -73.87519)"
6564,40.701817,-73.808975,"(40.701817, -73.808975)"
6565,40.641727,-73.907646,"(40.641727, -73.907646)"
6566,40.639805,-73.95132,"(40.639805, -73.95132)"
6568,40.752186,-73.92546,"(40.752186, -73.92546)"
6569,40.84299,-73.82625,"(40.84299, -73.82625)"
6570,40.61117,-73.97702,"(40.61117, -73.97702)"
6571,40.739902,-73.972855,"(40.739902, -73.972855)"
6572,40.599052,-73.99808,"(40.599052, -73.99808)"
6573,40.647045,-73.91358,"(40.647045, -73.91358)"
6574,40.751575,-73.85584,"(40.751575, -73.85584)"
6575,40.707497,-73.96097,"(40.707497, -73.96097)"
6576,40.760235,-73.98515,"(40.760235, -73.98515)"
6577,40.709988,-73.90475,"(40.709988, -73.90475)"
6578,40.726727,-74.00006,"(40.726727, -74.00006)"
6579,40.76294,-73.86067,"(40.76294, -73.86067)"
6580,40.733154,-73.87056,"(40.733154, -73.87056)"
6581,40.69497,-73.897194,"(40.69497, -73.897194)"
6582,40.885952,-73.8279,"(40.885952, -73.8279)"
6583,40.8946,-73.861206,"(40.8946, -73.861206)"
6584,40.594425,-73.93496,"(40.594425, -73.93496)"
6585,40.726357,-73.76388,"(40.726357, -73.76388)"
6586,40.849247,-73.82739,"(40.849247, -73.82739)"
6587,40.867035,-73.896324,"(40.867035, -73.896324)"
6588,40.76718,-73.9329,"(40.76718, -73.9329)"
6589,40.632885,-73.94771,"(40.632885, -73.94771)"
6590,40.696033,-73.98453,"(40.696033, -73.98453)"
6592,40.620968,-74.12374,"(40.620968, -74.12374)"
6593,40.62731,-74.08307,"(40.62731, -74.08307)"
6594,40.77436,-73.843636,"(40.77436, -73.843636)"
6595,40.76792,-73.81155,"(40.76792, -73.81155)"
6597,40.60317,-73.960075,"(40.60317, -73.960075)"
6598,40.630333,-74.0405,"(40.630333, -74.0405)"
6599,40.72992,-73.74243,"(40.72992, -73.74243)"
6600,40.653774,-73.95617,"(40.653774, -73.95617)"
6601,40.83082,-73.87001,"(40.83082, -73.87001)"
6602,40.704422,-73.99491,"(40.704422, -73.99491)"
6603,40.839973,-73.87699,"(40.839973, -73.87699)"
6604,40.75633,-73.983025,"(40.75633, -73.983025)"
6605,40.79232,-73.84356,"(40.79232, -73.84356)"
6606,40.631706,-73.94649,"(40.631706, -73.94649)"
6608,40.681503,-73.904106,"(40.681503, -73.904106)"
6609,40.60501,-73.95248,"(40.60501, -73.95248)"
6610,40.70992,-73.9623,"(40.70992, -73.9623)"
6611,40.703163,-73.81662,"(40.703163, -73.81662)"
6612,40.755302,-73.97536,"(40.755302, -73.97536)"
6613,40.71212,-74.00841,"(40.71212, -74.00841)"
6614,40.683502,-73.91152,"(40.683502, -73.91152)"
6615,40.845024,-73.857155,"(40.845024, -73.857155)"
6616,40.661915,-73.98686,"(40.661915, -73.98686)"
6617,40.829105,-73.91863,"(40.829105, -73.91863)"
6618,40.629486,-74.022644,"(40.629486, -74.022644)"
6619,40.743275,-73.77572,"(40.743275, -73.77572)"
6620,40.699104,-73.83332,"(40.699104, -73.83332)"
6621,40.583992,-73.96866,"(40.583992, -73.96866)"
6622,40.76753,-73.912056,"(40.76753, -73.912056)"
6623,40.830936,-73.91241,"(40.830936, -73.91241)"
6624,40.72803,-74.00216,"(40.72803, -74.00216)"
6626,40.75596,-73.97912,"(40.75596, -73.97912)"
6627,40.866814,-73.931595,"(40.866814, -73.931595)"
6628,40.864113,-73.92126,"(40.864113, -73.92126)"
6630,40.677338,-73.927536,"(40.677338, -73.927536)"
6631,40.83121,-73.850876,"(40.83121, -73.850876)"
6632,40.797188,-73.97181,"(40.797188, -73.97181)"
6634,40.830135,-73.89088,"(40.830135, -73.89088)"
6635,40.63578,-73.97597,"(40.63578, -73.97597)"
6636,40.579758,-73.96131,"(40.579758, -73.96131)"
6637,40.60567,-74.030945,"(40.60567, -74.030945)"
6638,40.651337,-73.889595,"(40.651337, -73.889595)"
6639,40.762177,-73.96613,"(40.762177, -73.96613)"
6640,40.845882,-73.930435,"(40.845882, -73.930435)"
6641,40.7122,-73.86208,"(40.7122, -73.86208)"
6642,40.68275,-73.82043,"(40.68275, -73.82043)"
6643,40.663296,-73.88979,"(40.663296, -73.88979)"
6644,40.600853,-73.75794,"(40.600853, -73.75794)"
6645,40.764915,-73.88599,"(40.764915, -73.88599)"
6646,40.828236,-73.88602,"(40.828236, -73.88602)"
6647,40.6967,-73.85648,"(40.6967, -73.85648)"
6648,40.663483,-73.9627,"(40.663483, -73.9627)"
6649,40.84161,-73.900856,"(40.84161, -73.900856)"
6650,40.81938,-73.95934,"(40.81938, -73.95934)"
6651,40.568832,-73.882065,"(40.568832, -73.882065)"
6652,40.842808,-73.942024,"(40.842808, -73.942024)"
6653,40.83836,-73.92493,"(40.83836, -73.92493)"
6654,40.87442,-73.84606,"(40.87442, -73.84606)"
6655,40.60731,-73.9197,"(40.60731, -73.9197)"
6657,40.844597,-73.94247,"(40.844597, -73.94247)"
6658,40.87003,-73.840744,"(40.87003, -73.840744)"
6659,40.686234,-73.82418,"(40.686234, -73.82418)"
6660,40.764297,-73.90304,"(40.764297, -73.90304)"
6661,40.657917,-73.94744,"(40.657917, -73.94744)"
6662,40.631504,-74.024796,"(40.631504, -74.024796)"
6663,40.69356,-73.80451,"(40.69356, -73.80451)"
6664,40.748314,-73.70955,"(40.748314, -73.70955)"
6665,40.73109,-73.99173,"(40.73109, -73.99173)"
6667,40.73701,-73.89993,"(40.73701, -73.89993)"
6668,40.760418,-73.97584,"(40.760418, -73.97584)"
6669,40.71448,-74.00704,"(40.71448, -74.00704)"
6670,40.66615,-73.84161,"(40.66615, -73.84161)"
6671,40.68303,-73.782295,"(40.68303, -73.782295)"
6672,40.807034,-73.94371,"(40.807034, -73.94371)"
6673,40.62356,-73.927376,"(40.62356, -73.927376)"
6674,40.848938,-73.93708,"(40.848938, -73.93708)"
6675,40.682564,-73.85199,"(40.682564, -73.85199)"
6676,40.66852,-73.87942,"(40.66852, -73.87942)"
6677,40.7448,-73.991425,"(40.7448, -73.991425)"
6678,40.70242,-73.9867,"(40.70242, -73.9867)"
6679,40.71307,-73.75362,"(40.71307, -73.75362)"
6680,40.736694,-73.70498,"(40.736694, -73.70498)"
6681,40.70711,-73.95672,"(40.70711, -73.95672)"
6682,40.720917,-73.99783,"(40.720917, -73.99783)"
6683,40.59011,-73.97422,"(40.59011, -73.97422)"
6684,40.85638,-73.82631,"(40.85638, -73.82631)"
6685,40.86676,-73.920616,"(40.86676, -73.920616)"
6686,40.633953,-74.085754,"(40.633953, -74.085754)"
6687,40.633892,-74.14111,"(40.633892, -74.14111)"
6688,40.66685,-73.73672,"(40.66685, -73.73672)"
6689,40.615856,-73.90057,"(40.615856, -73.90057)"
6690,40.748398,-73.99995,"(40.748398, -73.99995)"
6692,40.59465,-73.96723,"(40.59465, -73.96723)"
6693,40.76525,-73.995094,"(40.76525, -73.995094)"
6694,40.66077,-73.91975,"(40.66077, -73.91975)"
6695,40.68405,-73.97746,"(40.68405, -73.97746)"
6697,40.632904,-73.95776,"(40.632904, -73.95776)"
6698,40.7489,-73.710434,"(40.7489, -73.710434)"
6699,40.712,-73.82546,"(40.712, -73.82546)"
6700,40.688408,-73.79087,"(40.688408, -73.79087)"
6701,40.66755,-73.773575,"(40.66755, -73.773575)"
6702,40.81963,-73.946075,"(40.81963, -73.946075)"
6703,40.619484,-73.918274,"(40.619484, -73.918274)"
6704,40.604355,-74.01075,"(40.604355, -74.01075)"
6705,40.743206,-73.979965,"(40.743206, -73.979965)"
6706,40.570877,-74.16984,"(40.570877, -74.16984)"
6707,40.74848,-73.861,"(40.74848, -73.861)"
6708,40.81323,-73.9313,"(40.81323, -73.9313)"
6709,40.744347,-73.92891,"(40.744347, -73.92891)"
6711,40.561077,-74.16984,"(40.561077, -74.16984)"
6712,40.606113,-73.95488,"(40.606113, -73.95488)"
6713,40.613403,-73.98071,"(40.613403, -73.98071)"
6714,40.84126,-73.92805,"(40.84126, -73.92805)"
6715,40.55554,-74.17562,"(40.55554, -74.17562)"
6716,40.73374,-74.0063,"(40.73374, -74.0063)"
6717,40.722584,-74.00636,"(40.722584, -74.00636)"
6718,40.723347,-73.939316,"(40.723347, -73.939316)"
6719,40.719517,-73.994385,"(40.719517, -73.994385)"
6720,40.615917,-73.986496,"(40.615917, -73.986496)"
6721,40.755493,-73.88606,"(40.755493, -73.88606)"
6722,40.788788,-73.78443,"(40.788788, -73.78443)"
6723,40.668266,-73.84214,"(40.668266, -73.84214)"
6724,40.75539,-73.828285,"(40.75539, -73.828285)"
6725,40.66112,-73.920135,"(40.66112, -73.920135)"
6726,40.59514,-73.754,"(40.59514, -73.754)"
6727,40.684258,-73.84604,"(40.684258, -73.84604)"
6728,40.81373,-73.9221,"(40.81373, -73.9221)"
6729,40.844555,-73.87956,"(40.844555, -73.87956)"
6730,40.705414,-73.78035,"(40.705414, -73.78035)"
6731,40.81866,-73.81812,"(40.81866, -73.81812)"
6732,40.63082,-73.88636,"(40.63082, -73.88636)"
6733,40.816864,-73.882744,"(40.816864, -73.882744)"
6734,40.632263,-73.980225,"(40.632263, -73.980225)"
6735,40.684643,-73.82236,"(40.684643, -73.82236)"
6736,40.634506,-73.949455,"(40.634506, -73.949455)"
6737,40.764263,-73.77134,"(40.764263, -73.77134)"
6738,40.645645,-73.90291,"(40.645645, -73.90291)"
6739,40.821545,-73.940926,"(40.821545, -73.940926)"
6740,40.7749,-73.78895,"(40.7749, -73.78895)"
6741,40.87802,-73.90241,"(40.87802, -73.90241)"
6742,40.633312,-74.094826,"(40.633312, -74.094826)"
6743,40.7056,-73.85822,"(40.7056, -73.85822)"
6744,40.666294,-73.982086,"(40.666294, -73.982086)"
6745,40.740784,-73.89893,"(40.740784, -73.89893)"
6746,40.721256,-73.883965,"(40.721256, -73.883965)"
6747,40.837734,-73.88913,"(40.837734, -73.88913)"
6748,40.759132,-73.88697,"(40.759132, -73.88697)"
6749,40.668835,-73.760635,"(40.668835, -73.760635)"
6750,40.741234,-73.84573,"(40.741234, -73.84573)"
6752,40.696686,-73.9378,"(40.696686, -73.9378)"
6753,40.752052,-74.000984,"(40.752052, -74.000984)"
6754,40.75799,-73.82861,"(40.75799, -73.82861)"
6755,40.68004,-73.98678,"(40.68004, -73.98678)"
6756,40.77178,-73.9792,"(40.77178, -73.9792)"
6757,40.72593,-73.91837,"(40.72593, -73.91837)"
6759,40.61747,-73.98129,"(40.61747, -73.98129)"
6760,40.760254,-73.83493,"(40.760254, -73.83493)"
6761,40.751793,-73.97688,"(40.751793, -73.97688)"
6762,40.763958,-73.8088,"(40.763958, -73.8088)"
6763,40.595985,-73.763,"(40.595985, -73.763)"
6764,40.89825,-73.85786,"(40.89825, -73.85786)"
6765,40.72755,-73.81331,"(40.72755, -73.81331)"
6766,40.733536,-73.87035,"(40.733536, -73.87035)"
6767,40.82591,-73.900116,"(40.82591, -73.900116)"
6768,40.78175,-73.98107,"(40.78175, -73.98107)"
6769,40.840164,-73.92552,"(40.840164, -73.92552)"
6770,40.70406,-73.82445,"(40.70406, -73.82445)"
6771,40.73632,-73.85631,"(40.73632, -73.85631)"
6772,40.64491,-73.95256,"(40.64491, -73.95256)"
6773,40.61063,-73.98019,"(40.61063, -73.98019)"
6774,40.669186,-73.88942,"(40.669186, -73.88942)"
6775,40.611313,-74.09844,"(40.611313, -74.09844)"
6776,40.805058,-73.93904,"(40.805058, -73.93904)"
6777,40.817116,-73.94801,"(40.817116, -73.94801)"
6778,40.846252,-73.8212,"(40.846252, -73.8212)"
6779,40.848118,-73.93089,"(40.848118, -73.93089)"
6781,40.65317,-73.866875,"(40.65317, -73.866875)"
6782,40.7278,-73.98396,"(40.7278, -73.98396)"
6783,40.702534,-73.8144,"(40.702534, -73.8144)"
6784,40.720375,-74.003265,"(40.720375, -74.003265)"
6785,40.695847,-73.96588,"(40.695847, -73.96588)"
6786,40.673386,-73.87681,"(40.673386, -73.87681)"
6787,40.813175,-73.89845,"(40.813175, -73.89845)"
6788,40.636395,-73.89257,"(40.636395, -73.89257)"
6789,40.89022,-73.84742,"(40.89022, -73.84742)"
6790,40.7274,-73.98855,"(40.7274, -73.98855)"
6791,40.67538,-73.9082,"(40.67538, -73.9082)"
6792,40.83449,-73.940056,"(40.83449, -73.940056)"
6793,40.674896,-74.00079,"(40.674896, -74.00079)"
6794,40.748066,-73.93977,"(40.748066, -73.93977)"
6795,40.724117,-73.98496,"(40.724117, -73.98496)"
6796,40.63056,-74.1057,"(40.63056, -74.1057)"
6797,40.654312,-73.91759,"(40.654312, -73.91759)"
6798,40.712727,-73.87935,"(40.712727, -73.87935)"
6799,40.73081,-73.98898,"(40.73081, -73.98898)"
6800,40.7319,-73.9888,"(40.7319, -73.9888)"
6801,40.74668,-73.9745,"(40.74668, -73.9745)"
6802,40.62894,-74.116196,"(40.62894, -74.116196)"
6803,40.838837,-73.84424,"(40.838837, -73.84424)"
6804,40.643986,-74.01149,"(40.643986, -74.01149)"
6805,40.701942,-73.95573,"(40.701942, -73.95573)"
6806,40.823032,-73.95738,"(40.823032, -73.95738)"
6807,40.717197,-73.99071,"(40.717197, -73.99071)"
6808,40.73957,-73.99525,"(40.73957, -73.99525)"
6809,40.828075,-73.88543,"(40.828075, -73.88543)"
6810,40.66186,-73.9344,"(40.66186, -73.9344)"
6811,40.597683,-73.9472,"(40.597683, -73.9472)"
6812,40.776405,-73.97638,"(40.776405, -73.97638)"
6813,40.752342,-73.99179,"(40.752342, -73.99179)"
6814,40.6107,-73.92113,"(40.6107, -73.92113)"
6815,40.872494,-73.83314,"(40.872494, -73.83314)"
6816,40.760727,-73.973495,"(40.760727, -73.973495)"
6817,40.6453,-74.10441,"(40.6453, -74.10441)"
6818,40.703068,-73.85951,"(40.703068, -73.85951)"
6819,40.757835,-73.86092,"(40.757835, -73.86092)"
6820,40.524597,-74.184425,"(40.524597, -74.184425)"
6821,40.761124,-73.959724,"(40.761124, -73.959724)"
6822,40.649586,-74.00567,"(40.649586, -74.00567)"
6823,40.826275,-73.85971,"(40.826275, -73.85971)"
6824,40.705204,-73.885185,"(40.705204, -73.885185)"
6825,40.716103,-74.00471,"(40.716103, -74.00471)"
6826,40.672974,-73.73223,"(40.672974, -73.73223)"
6827,40.810352,-73.91761,"(40.810352, -73.91761)"
6828,40.73027,-73.97993,"(40.73027, -73.97993)"
6829,40.677032,-73.824684,"(40.677032, -73.824684)"
6830,40.731983,-73.91912,"(40.731983, -73.91912)"
6832,40.650764,-73.88481,"(40.650764, -73.88481)"
6833,40.849667,-73.90802,"(40.849667, -73.90802)"
6834,40.641747,-73.98513,"(40.641747, -73.98513)"
6835,40.588593,-73.96418,"(40.588593, -73.96418)"
6836,40.84301,-73.83877,"(40.84301, -73.83877)"
6838,40.778606,-73.98163,"(40.778606, -73.98163)"
6839,40.62149,-74.02622,"(40.62149, -74.02622)"
6840,40.620136,-74.00403,"(40.620136, -74.00403)"
6841,40.827557,-73.914764,"(40.827557, -73.914764)"
6842,40.62368,-73.92544,"(40.62368, -73.92544)"
6843,40.89339,-73.857376,"(40.89339, -73.857376)"
6844,40.717342,-73.99118,"(40.717342, -73.99118)"
6845,40.83983,-73.881065,"(40.83983, -73.881065)"
6846,40.719997,-73.76198,"(40.719997, -73.76198)"
6848,40.75462,-73.97374,"(40.75462, -73.97374)"
6849,40.703163,-73.81662,"(40.703163, -73.81662)"
6850,40.55057,-74.16758,"(40.55057, -74.16758)"
6851,40.74416,-73.989876,"(40.74416, -73.989876)"
6852,40.80641,-73.94227,"(40.80641, -73.94227)"
6853,40.74633,-73.98609,"(40.74633, -73.98609)"
6854,40.62774,-73.981575,"(40.62774, -73.981575)"
6855,40.765137,-73.81944,"(40.765137, -73.81944)"
6856,40.738358,-73.88577,"(40.738358, -73.88577)"
6857,40.76542,-73.98383,"(40.76542, -73.98383)"
6858,40.666656,-73.89648,"(40.666656, -73.89648)"
6859,40.845108,-73.913025,"(40.845108, -73.913025)"
6860,40.756767,-73.98272,"(40.756767, -73.98272)"
6861,40.59565,-73.908165,"(40.59565, -73.908165)"
6862,40.753242,-73.96662,"(40.753242, -73.96662)"
6863,40.746937,-73.98356,"(40.746937, -73.98356)"
6864,40.76513,-73.9468,"(40.76513, -73.9468)"
6865,40.73247,-73.86167,"(40.73247, -73.86167)"
6866,40.70702,-73.95543,"(40.70702, -73.95543)"
6867,40.846214,-73.82024,"(40.846214, -73.82024)"
6868,40.622093,-73.937515,"(40.622093, -73.937515)"
6869,40.866703,-73.83815,"(40.866703, -73.83815)"
6870,40.837906,-73.93835,"(40.837906, -73.93835)"
6871,40.579826,-73.97622,"(40.579826, -73.97622)"
6872,40.755955,-73.798935,"(40.755955, -73.798935)"
6873,40.550148,-74.18758,"(40.550148, -74.18758)"
6875,40.630287,-74.16533,"(40.630287, -74.16533)"
6876,40.880222,-73.85746,"(40.880222, -73.85746)"
6877,40.867687,-73.83509,"(40.867687, -73.83509)"
6878,40.68998,-73.982895,"(40.68998, -73.982895)"
6879,40.669163,-74.00971,"(40.669163, -74.00971)"
6880,40.85668,-73.90811,"(40.85668, -73.90811)"
6881,40.717323,-73.774666,"(40.717323, -73.774666)"
6882,40.76105,-73.7781,"(40.76105, -73.7781)"
6883,40.75003,-73.98434,"(40.75003, -73.98434)"
6884,40.654797,-73.939575,"(40.654797, -73.939575)"
6885,40.82753,-73.88637,"(40.82753, -73.88637)"
6886,40.631786,-73.90993,"(40.631786, -73.90993)"
6887,40.6004,-73.75091,"(40.6004, -73.75091)"
6888,40.742817,-73.91567,"(40.742817, -73.91567)"
6889,40.678272,-73.944626,"(40.678272, -73.944626)"
6890,40.74786,-73.70163,"(40.74786, -73.70163)"
6891,40.834778,-73.8719,"(40.834778, -73.8719)"
6892,40.69773,-73.81409,"(40.69773, -73.81409)"
6893,40.75898,-73.99595,"(40.75898, -73.99595)"
6894,40.693592,-73.75122,"(40.693592, -73.75122)"
6895,40.669098,-73.93666,"(40.669098, -73.93666)"
6896,40.757366,-73.95574,"(40.757366, -73.95574)"
6897,40.842937,-73.895386,"(40.842937, -73.895386)"
6898,40.766876,-73.97908,"(40.766876, -73.97908)"
6899,40.68659,-74.00842,"(40.68659, -74.00842)"
6900,40.65822,-73.89146,"(40.65822, -73.89146)"
6901,40.72262,-73.901535,"(40.72262, -73.901535)"
6902,40.844486,-73.846245,"(40.844486, -73.846245)"
6903,40.692356,-73.94282,"(40.692356, -73.94282)"
6904,40.620975,-74.02537,"(40.620975, -74.02537)"
6905,40.814102,-73.940865,"(40.814102, -73.940865)"
6906,40.74409,-73.97636,"(40.74409, -73.97636)"
6907,40.789623,-73.94007,"(40.789623, -73.94007)"
6908,40.70989,-74.00993,"(40.70989, -74.00993)"
6909,40.6481,-73.91474,"(40.6481, -73.91474)"
6910,40.881073,-73.878494,"(40.881073, -73.878494)"
6911,40.623154,-73.99372,"(40.623154, -73.99372)"
6912,40.761314,-73.885475,"(40.761314, -73.885475)"
6913,40.816864,-73.882744,"(40.816864, -73.882744)"
6914,40.57323,-74.14702,"(40.57323, -74.14702)"
6915,40.71124,-73.94557,"(40.71124, -73.94557)"
6916,40.738495,-73.90274,"(40.738495, -73.90274)"
6917,40.689228,-73.9847,"(40.689228, -73.9847)"
6918,40.700253,-73.83105,"(40.700253, -73.83105)"
6919,40.595505,-73.798416,"(40.595505, -73.798416)"
6920,40.729095,-73.894516,"(40.729095, -73.894516)"
6921,40.609287,-74.18016,"(40.609287, -74.18016)"
6922,40.671833,-73.8962,"(40.671833, -73.8962)"
6923,40.870453,-73.83379,"(40.870453, -73.83379)"
6924,40.746403,-73.97973,"(40.746403, -73.97973)"
6925,40.785732,-73.79561,"(40.785732, -73.79561)"
6926,40.78383,-73.97783,"(40.78383, -73.97783)"
6928,40.69712,-73.967636,"(40.69712, -73.967636)"
6929,40.702435,-73.99327,"(40.702435, -73.99327)"
6930,40.65616,-73.76736,"(40.65616, -73.76736)"
6931,40.583355,-74.14962,"(40.583355, -74.14962)"
6932,40.62788,-73.93251,"(40.62788, -73.93251)"
6933,40.6651,-73.94539,"(40.6651, -73.94539)"
6934,40.76155,-73.96659,"(40.76155, -73.96659)"
6935,40.5981,-73.95337,"(40.5981, -73.95337)"
6936,40.667522,-73.78063,"(40.667522, -73.78063)"
6937,40.883945,-73.82878,"(40.883945, -73.82878)"
6939,40.678112,-73.90784,"(40.678112, -73.90784)"
6940,40.823402,-73.88179,"(40.823402, -73.88179)"
6941,40.68105,-73.97734,"(40.68105, -73.97734)"
6942,40.75337,-73.974655,"(40.75337, -73.974655)"
6943,40.663834,-73.99452,"(40.663834, -73.99452)"
6944,40.797306,-73.93446,"(40.797306, -73.93446)"
6945,40.65963,-73.74153,"(40.65963, -73.74153)"
6946,40.67538,-73.9082,"(40.67538, -73.9082)"
6947,40.704422,-73.99491,"(40.704422, -73.99491)"
6948,40.744778,-73.97589,"(40.744778, -73.97589)"
6949,40.79525,-73.97321,"(40.79525, -73.97321)"
6950,40.745304,-73.82595,"(40.745304, -73.82595)"
6951,40.594894,-73.98677,"(40.594894, -73.98677)"
6952,40.61054,-74.103455,"(40.61054, -74.103455)"
6953,40.65156,-73.93428,"(40.65156, -73.93428)"
6954,40.771572,-73.81323,"(40.771572, -73.81323)"
6955,40.73736,-73.99685,"(40.73736, -73.99685)"
6956,40.631535,-74.09485,"(40.631535, -74.09485)"
6957,40.748356,-74.00369,"(40.748356, -74.00369)"
6958,40.826794,-73.83041,"(40.826794, -73.83041)"
6959,40.602806,-74.062874,"(40.602806, -74.062874)"
6960,40.746838,-73.9227,"(40.746838, -73.9227)"
6961,40.74318,-73.95644,"(40.74318, -73.95644)"
6962,40.614006,-74.032646,"(40.614006, -74.032646)"
6963,40.677357,-73.88687,"(40.677357, -73.88687)"
6964,40.77206,-73.95893,"(40.77206, -73.95893)"
6966,40.825283,-73.88648,"(40.825283, -73.88648)"
6967,40.679085,-73.88068,"(40.679085, -73.88068)"
6968,40.744938,-73.900505,"(40.744938, -73.900505)"
6969,40.802753,-73.93358,"(40.802753, -73.93358)"
6971,40.762978,-73.83198,"(40.762978, -73.83198)"
6972,40.70327,-73.90724,"(40.70327, -73.90724)"
6973,40.68718,-73.79914,"(40.68718, -73.79914)"
6974,40.5744,-74.099304,"(40.5744, -74.099304)"
6975,40.600426,-73.941895,"(40.600426, -73.941895)"
6976,40.717014,-73.82971,"(40.717014, -73.82971)"
6977,40.678288,-73.94518,"(40.678288, -73.94518)"
6978,40.72147,-73.78444,"(40.72147, -73.78444)"
6981,40.720936,-73.993805,"(40.720936, -73.993805)"
6982,40.61269,-73.982666,"(40.61269, -73.982666)"
6983,40.71286,-73.957085,"(40.71286, -73.957085)"
6984,40.74554,-73.7768,"(40.74554, -73.7768)"
6985,40.673088,-73.97195,"(40.673088, -73.97195)"
6987,40.636044,-73.890686,"(40.636044, -73.890686)"
6988,40.636627,-73.94226,"(40.636627, -73.94226)"
6989,40.656826,-73.90357,"(40.656826, -73.90357)"
6990,40.639256,-73.968796,"(40.639256, -73.968796)"
6991,40.698196,-73.95312,"(40.698196, -73.95312)"
6993,40.68813,-73.920845,"(40.68813, -73.920845)"
6994,40.77305,-73.92148,"(40.77305, -73.92148)"
6995,40.628643,-74.005936,"(40.628643, -74.005936)"
6997,40.73988,-73.99872,"(40.73988, -73.99872)"
6998,40.781483,-73.95626,"(40.781483, -73.95626)"
7000,40.663483,-73.9627,"(40.663483, -73.9627)"
7001,40.688766,-73.99907,"(40.688766, -73.99907)"
7002,40.76044,-73.8937,"(40.76044, -73.8937)"
7003,40.771957,-73.92513,"(40.771957, -73.92513)"
7005,40.59589,-74.085884,"(40.59589, -74.085884)"
7006,40.722076,-73.885544,"(40.722076, -73.885544)"
7007,40.628246,-74.16043,"(40.628246, -74.16043)"
7008,40.6745,-73.92779,"(40.6745, -73.92779)"
7010,40.585815,-73.98667,"(40.585815, -73.98667)"
7012,40.744465,-73.77179,"(40.744465, -73.77179)"
7013,40.839867,-73.93692,"(40.839867, -73.93692)"
7014,40.881504,-73.879364,"(40.881504, -73.879364)"
7015,40.752197,-73.981834,"(40.752197, -73.981834)"
7016,40.75484,-73.98412,"(40.75484, -73.98412)"
7017,40.748985,-73.979965,"(40.748985, -73.979965)"
7018,40.608757,-74.038086,"(40.608757, -74.038086)"
7019,40.67657,-73.94431,"(40.67657, -73.94431)"
7020,40.743916,-73.92519,"(40.743916, -73.92519)"
7021,40.723152,-73.7889,"(40.723152, -73.7889)"
7023,40.678795,-73.89095,"(40.678795, -73.89095)"
7025,40.727154,-74.005554,"(40.727154, -74.005554)"
7026,40.79525,-73.97321,"(40.79525, -73.97321)"
7027,40.743973,-73.8851,"(40.743973, -73.8851)"
7028,40.65396,-74.00699,"(40.65396, -74.00699)"
7029,40.695377,-73.94921,"(40.695377, -73.94921)"
7030,40.61686,-73.97049,"(40.61686, -73.97049)"
7031,40.773975,-73.98875,"(40.773975, -73.98875)"
7032,40.81632,-73.89622,"(40.81632, -73.89622)"
7033,40.76249,-73.839584,"(40.76249, -73.839584)"
7034,40.6228,-74.08526,"(40.6228, -74.08526)"
7035,40.631706,-73.94649,"(40.631706, -73.94649)"
7036,40.65011,-73.930214,"(40.65011, -73.930214)"
7038,40.754433,-73.98019,"(40.754433, -73.98019)"
7039,40.767612,-73.950005,"(40.767612, -73.950005)"
7040,40.878784,-73.86375,"(40.878784, -73.86375)"
7041,40.801407,-73.95759,"(40.801407, -73.95759)"
7042,40.635895,-74.01631,"(40.635895, -74.01631)"
7043,40.688904,-73.980934,"(40.688904, -73.980934)"
7044,40.654312,-73.91759,"(40.654312, -73.91759)"
7045,40.725975,-73.89523,"(40.725975, -73.89523)"
7047,40.63791,-73.97864,"(40.63791, -73.97864)"
7048,40.712116,-73.73118,"(40.712116, -73.73118)"
7049,40.669518,-73.89424,"(40.669518, -73.89424)"
7050,40.608494,-73.97593,"(40.608494, -73.97593)"
7051,40.742767,-73.933014,"(40.742767, -73.933014)"
7052,40.81505,-73.92427,"(40.81505, -73.92427)"
7053,40.68405,-73.97746,"(40.68405, -73.97746)"
7054,40.86889,-73.888885,"(40.86889, -73.888885)"
7055,40.817863,-73.905014,"(40.817863, -73.905014)"
7056,40.76465,-73.823494,"(40.76465, -73.823494)"
7057,40.727627,-73.84173,"(40.727627, -73.84173)"
7058,40.606064,-74.13184,"(40.606064, -74.13184)"
7059,40.686726,-73.99047,"(40.686726, -73.99047)"
7060,40.67565,-73.88306,"(40.67565, -73.88306)"
7061,40.608913,-74.15308,"(40.608913, -74.15308)"
7062,40.57362,-73.99613,"(40.57362, -73.99613)"
7063,40.68841,-73.84794,"(40.68841, -73.84794)"
7064,40.635788,-73.9949,"(40.635788, -73.9949)"
7065,40.808163,-73.92653,"(40.808163, -73.92653)"
7066,40.68693,-73.95089,"(40.68693, -73.95089)"
7067,40.73261,-73.8686,"(40.73261, -73.8686)"
7068,40.595985,-73.90822,"(40.595985, -73.90822)"
7069,40.861862,-73.91282,"(40.861862, -73.91282)"
7070,40.704422,-73.99491,"(40.704422, -73.99491)"
7071,40.822086,-73.94016,"(40.822086, -73.94016)"
7072,40.841614,-73.91248,"(40.841614, -73.91248)"
7073,40.645126,-74.10873,"(40.645126, -74.10873)"
7074,40.726044,-73.99191,"(40.726044, -73.99191)"
7075,40.747124,-73.94239,"(40.747124, -73.94239)"
7076,40.71363,-73.9179,"(40.71363, -73.9179)"
7077,40.58708,-73.81386,"(40.58708, -73.81386)"
7078,40.721638,-74.01192,"(40.721638, -74.01192)"
7079,40.680508,-73.81432,"(40.680508, -73.81432)"
7080,40.667366,-73.77181,"(40.667366, -73.77181)"
7081,40.711166,-73.9489,"(40.711166, -73.9489)"
7082,40.67567,-73.89627,"(40.67567, -73.89627)"
7083,40.766617,-73.8389,"(40.766617, -73.8389)"
7084,40.765038,-73.82035,"(40.765038, -73.82035)"
7085,40.826275,-73.85971,"(40.826275, -73.85971)"
7086,40.77039,-73.91771,"(40.77039, -73.91771)"
7087,40.57738,-73.93916,"(40.57738, -73.93916)"
7088,40.763428,-73.99271,"(40.763428, -73.99271)"
7089,40.628048,-73.92981,"(40.628048, -73.92981)"
7090,40.67699,-73.74308,"(40.67699, -73.74308)"
7091,40.78006,-73.97501,"(40.78006, -73.97501)"
7092,40.844715,-73.91228,"(40.844715, -73.91228)"
7093,40.71222,-73.90863,"(40.71222, -73.90863)"
7094,40.711628,-73.729385,"(40.711628, -73.729385)"
7095,40.739113,-73.88975,"(40.739113, -73.88975)"
7096,40.64883,-73.90492,"(40.64883, -73.90492)"
7097,40.75369,-73.74445,"(40.75369, -73.74445)"
7098,40.658314,-73.98417,"(40.658314, -73.98417)"
7099,40.696228,-73.97348,"(40.696228, -73.97348)"
7100,40.744778,-73.97589,"(40.744778, -73.97589)"
7101,40.73764,-74.00037,"(40.73764, -74.00037)"
7102,40.557568,-74.207,"(40.557568, -74.207)"
7103,40.530262,-74.2111,"(40.530262, -74.2111)"
7104,40.662113,-73.961716,"(40.662113, -73.961716)"
7105,40.799328,-73.96099,"(40.799328, -73.96099)"
7106,40.65477,-74.00708,"(40.65477, -74.00708)"
7107,40.678112,-73.90784,"(40.678112, -73.90784)"
7108,40.68969,-73.99237,"(40.68969, -73.99237)"
7109,40.693787,-73.81173,"(40.693787, -73.81173)"
7110,40.738255,-73.89172,"(40.738255, -73.89172)"
7111,40.75413,-73.809555,"(40.75413, -73.809555)"
7112,40.84009,-73.88036,"(40.84009, -73.88036)"
7113,40.71567,-73.87626,"(40.71567, -73.87626)"
7114,40.726887,-73.83097,"(40.726887, -73.83097)"
7115,40.86584,-73.926445,"(40.86584, -73.926445)"
7116,40.855785,-73.90558,"(40.855785, -73.90558)"
7117,40.657406,-73.89881,"(40.657406, -73.89881)"
7118,40.763206,-73.98543,"(40.763206, -73.98543)"
7119,40.73834,-73.80485,"(40.73834, -73.80485)"
7120,40.699127,-73.95567,"(40.699127, -73.95567)"
7121,40.69345,-73.81368,"(40.69345, -73.81368)"
7122,40.756256,-73.924515,"(40.756256, -73.924515)"
7123,40.54716,-74.21686,"(40.54716, -74.21686)"
7124,40.688995,-73.78581,"(40.688995, -73.78581)"
7126,40.546253,-74.158875,"(40.546253, -74.158875)"
7127,40.906555,-73.88658,"(40.906555, -73.88658)"
7128,40.65927,-73.95254,"(40.65927, -73.95254)"
7129,40.80897,-73.94833,"(40.80897, -73.94833)"
7130,40.707657,-73.813156,"(40.707657, -73.813156)"
7131,40.72823,-73.83313,"(40.72823, -73.83313)"
7132,40.717033,-73.8221,"(40.717033, -73.8221)"
7134,40.67988,-73.861435,"(40.67988, -73.861435)"
7135,40.55682,-74.13603,"(40.55682, -74.13603)"
7136,40.655087,-73.88801,"(40.655087, -73.88801)"
7137,40.708935,-73.77721,"(40.708935, -73.77721)"
7138,40.75776,-73.7834,"(40.75776, -73.7834)"
7139,40.667038,-73.79218,"(40.667038, -73.79218)"
7140,40.760403,-73.98748,"(40.760403, -73.98748)"
7141,40.598934,-74.06377,"(40.598934, -74.06377)"
7142,40.677998,-73.866844,"(40.677998, -73.866844)"
7143,40.78519,-73.94934,"(40.78519, -73.94934)"
7144,40.65964,-73.76986,"(40.65964, -73.76986)"
7145,40.604313,-74.05208,"(40.604313, -74.05208)"
7146,40.618732,-74.17606,"(40.618732, -74.17606)"
7147,40.667084,-73.99594,"(40.667084, -73.99594)"
7148,40.7185,-73.73531,"(40.7185, -73.73531)"
7149,40.82874,-73.940155,"(40.82874, -73.940155)"
7150,40.705994,-73.89347,"(40.705994, -73.89347)"
7151,40.859875,-73.89323,"(40.859875, -73.89323)"
7152,40.64485,-73.96002,"(40.64485, -73.96002)"
7153,40.852306,-73.89811,"(40.852306, -73.89811)"
7154,40.75435,-73.97698,"(40.75435, -73.97698)"
7155,40.72301,-73.98576,"(40.72301, -73.98576)"
7156,40.68154,-73.81068,"(40.68154, -73.81068)"
7157,40.63082,-73.88636,"(40.63082, -73.88636)"
7158,40.789635,-73.94609,"(40.789635, -73.94609)"
7159,40.759617,-73.90155,"(40.759617, -73.90155)"
7160,40.714104,-73.95322,"(40.714104, -73.95322)"
7161,40.875893,-73.88825,"(40.875893, -73.88825)"
7162,40.6849,-73.97961,"(40.6849, -73.97961)"
7163,40.75069,-73.985954,"(40.75069, -73.985954)"
7164,40.88912,-73.81827,"(40.88912, -73.81827)"
7165,40.654408,-73.946075,"(40.654408, -73.946075)"
7166,40.699017,-73.80696,"(40.699017, -73.80696)"
7167,40.823658,-73.91206,"(40.823658, -73.91206)"
7168,40.651466,-73.93618,"(40.651466, -73.93618)"
7169,40.739628,-74.00634,"(40.739628, -74.00634)"
7170,40.86782,-73.86345,"(40.86782, -73.86345)"
7171,40.700607,-73.88879,"(40.700607, -73.88879)"
7172,40.772705,-73.949486,"(40.772705, -73.949486)"
7173,40.80777,-73.91023,"(40.80777, -73.91023)"
7174,40.666405,-73.74538,"(40.666405, -73.74538)"
7175,40.761856,-73.96343,"(40.761856, -73.96343)"
7176,40.672142,-73.77373,"(40.672142, -73.77373)"
7177,40.67066,-73.957985,"(40.67066, -73.957985)"
7178,40.686817,-73.97821,"(40.686817, -73.97821)"
7179,40.634945,-73.9325,"(40.634945, -73.9325)"
7180,40.637745,-74.07603,"(40.637745, -74.07603)"
7182,40.735123,-73.87524,"(40.735123, -73.87524)"
7183,40.724552,-73.72452,"(40.724552, -73.72452)"
7184,40.74327,-73.961464,"(40.74327, -73.961464)"
7185,40.66678,-73.839005,"(40.66678, -73.839005)"
7186,40.762127,-73.99739,"(40.762127, -73.99739)"
7188,40.714928,-74.00795,"(40.714928, -74.00795)"
7189,40.709347,-73.9224,"(40.709347, -73.9224)"
7190,40.66968,-73.88237,"(40.66968, -73.88237)"
7191,40.84489,-73.84667,"(40.84489, -73.84667)"
7192,40.61118,-74.105606,"(40.61118, -74.105606)"
7193,40.85493,-73.82617,"(40.85493, -73.82617)"
7194,40.76943,-73.91025,"(40.76943, -73.91025)"
7195,40.684956,-73.87457,"(40.684956, -73.87457)"
7196,40.650806,-73.94958,"(40.650806, -73.94958)"
7197,40.88678,-73.816086,"(40.88678, -73.816086)"
7198,40.861713,-73.857635,"(40.861713, -73.857635)"
7199,40.78221,-73.95993,"(40.78221, -73.95993)"
7200,40.6651,-73.94539,"(40.6651, -73.94539)"
7201,40.82221,-73.91693,"(40.82221, -73.91693)"
7202,40.674232,-73.86177,"(40.674232, -73.86177)"
7203,40.7731,-73.84566,"(40.7731, -73.84566)"
7204,40.831375,-73.8999,"(40.831375, -73.8999)"
7205,40.635616,-73.91313,"(40.635616, -73.91313)"
7206,40.85188,-73.86828,"(40.85188, -73.86828)"
7207,40.82647,-73.85837,"(40.82647, -73.85837)"
7208,40.862766,-73.843445,"(40.862766, -73.843445)"
7209,40.650528,-73.95583,"(40.650528, -73.95583)"
7210,40.67,-73.98801,"(40.67, -73.98801)"
7211,40.53893,-74.1683,"(40.53893, -74.1683)"
7212,40.60145,-74.01164,"(40.60145, -74.01164)"
7213,40.686005,-73.91976,"(40.686005, -73.91976)"
7214,40.67361,-73.901886,"(40.67361, -73.901886)"
7215,40.69826,-73.92353,"(40.69826, -73.92353)"
7216,40.89696,-73.854355,"(40.89696, -73.854355)"
7217,40.727444,-73.92458,"(40.727444, -73.92458)"
7218,40.63868,-73.91682,"(40.63868, -73.91682)"
7219,40.7375,-73.93385,"(40.7375, -73.93385)"
7220,40.733173,-73.98996,"(40.733173, -73.98996)"
7221,40.717033,-73.8221,"(40.717033, -73.8221)"
7222,40.67636,-73.86643,"(40.67636, -73.86643)"
7223,40.71995,-73.8089,"(40.71995, -73.8089)"
7224,40.825947,-73.84333,"(40.825947, -73.84333)"
7225,40.693726,-73.75485,"(40.693726, -73.75485)"
7226,40.768124,-73.90383,"(40.768124, -73.90383)"
7227,40.70916,-73.775894,"(40.70916, -73.775894)"
7228,40.83796,-73.900635,"(40.83796, -73.900635)"
7229,40.843464,-73.89286,"(40.843464, -73.89286)"
7230,40.679344,-73.859535,"(40.679344, -73.859535)"
7231,40.89869,-73.86981,"(40.89869, -73.86981)"
7232,40.67567,-73.87008,"(40.67567, -73.87008)"
7233,40.762703,-73.80179,"(40.762703, -73.80179)"
7234,40.702595,-73.8553,"(40.702595, -73.8553)"
7235,40.88604,-73.82766,"(40.88604, -73.82766)"
7237,40.72983,-74.010666,"(40.72983, -74.010666)"
7238,40.642574,-73.90235,"(40.642574, -73.90235)"
7239,40.716454,-73.98058,"(40.716454, -73.98058)"
7240,40.748734,-73.992294,"(40.748734, -73.992294)"
7241,40.588924,-74.167625,"(40.588924, -74.167625)"
7242,40.88709,-73.87803,"(40.88709, -73.87803)"
7243,40.805027,-73.95277,"(40.805027, -73.95277)"
7244,40.74701,-73.977196,"(40.74701, -73.977196)"
7245,40.794994,-73.81858,"(40.794994, -73.81858)"
7246,40.58655,-73.96617,"(40.58655, -73.96617)"
7247,40.73975,-74.00253,"(40.73975, -74.00253)"
7248,40.73373,-73.98079,"(40.73373, -73.98079)"
7249,40.884342,-73.886765,"(40.884342, -73.886765)"
7250,40.632095,-73.91861,"(40.632095, -73.91861)"
7251,40.694042,-73.96511,"(40.694042, -73.96511)"
7252,40.736908,-73.99789,"(40.736908, -73.99789)"
7253,40.627304,-74.1662,"(40.627304, -74.1662)"
7254,40.895725,-73.87482,"(40.895725, -73.87482)"
7255,40.884968,-73.830345,"(40.884968, -73.830345)"
7256,40.78324,-73.97455,"(40.78324, -73.97455)"
7257,40.798523,-73.94926,"(40.798523, -73.94926)"
7258,40.7056,-73.85822,"(40.7056, -73.85822)"
7259,40.764347,-73.92347,"(40.764347, -73.92347)"
7260,40.707043,-73.812164,"(40.707043, -73.812164)"
7261,40.733967,-73.87177,"(40.733967, -73.87177)"
7262,40.577946,-74.102325,"(40.577946, -74.102325)"
7263,40.63965,-74.17129,"(40.63965, -74.17129)"
7264,40.73476,-73.87455,"(40.73476, -73.87455)"
7265,40.818012,-73.92519,"(40.818012, -73.92519)"
7266,40.837444,-73.848595,"(40.837444, -73.848595)"
7267,40.683388,-73.79259,"(40.683388, -73.79259)"
7268,40.840523,-73.871994,"(40.840523, -73.871994)"
7270,40.758984,-73.943306,"(40.758984, -73.943306)"
7271,40.632885,-73.94771,"(40.632885, -73.94771)"
7272,40.62237,-73.96473,"(40.62237, -73.96473)"
7274,40.61701,-73.969124,"(40.61701, -73.969124)"
7275,40.660717,-73.9294,"(40.660717, -73.9294)"
7276,40.703598,-74.0144,"(40.703598, -74.0144)"
7277,40.817207,-73.88432,"(40.817207, -73.88432)"
7278,40.82366,-73.8518,"(40.82366, -73.8518)"
7279,40.683807,-73.910095,"(40.683807, -73.910095)"
7280,40.7338,-73.988365,"(40.7338, -73.988365)"
7281,40.801685,-73.91734,"(40.801685, -73.91734)"
7282,40.65671,-73.95648,"(40.65671, -73.95648)"
7283,40.76758,-73.93596,"(40.76758, -73.93596)"
7284,40.668266,-73.84214,"(40.668266, -73.84214)"
7285,40.844856,-73.93724,"(40.844856, -73.93724)"
7286,40.639317,-73.9368,"(40.639317, -73.9368)"
7287,40.700726,-73.89552,"(40.700726, -73.89552)"
7288,40.83124,-73.88737,"(40.83124, -73.88737)"
7289,40.698536,-73.9943,"(40.698536, -73.9943)"
7290,40.681797,-73.97681,"(40.681797, -73.97681)"
7291,40.699696,-73.82126,"(40.699696, -73.82126)"
7292,40.70425,-74.01157,"(40.70425, -74.01157)"
7293,40.67329,-73.95703,"(40.67329, -73.95703)"
7294,40.843994,-73.89752,"(40.843994, -73.89752)"
7295,40.663475,-73.95779,"(40.663475, -73.95779)"
7296,40.611145,-73.937874,"(40.611145, -73.937874)"
7297,40.733536,-73.87035,"(40.733536, -73.87035)"
7298,40.736412,-73.74183,"(40.736412, -73.74183)"
7299,40.727913,-74.00315,"(40.727913, -74.00315)"
7300,40.761166,-73.82938,"(40.761166, -73.82938)"
7301,40.694344,-73.79519,"(40.694344, -73.79519)"
7302,40.69535,-73.91632,"(40.69535, -73.91632)"
7303,40.68655,-74.008125,"(40.68655, -74.008125)"
7304,40.72419,-73.790886,"(40.72419, -73.790886)"
7305,40.747272,-73.96673,"(40.747272, -73.96673)"
7306,40.653667,-73.97866,"(40.653667, -73.97866)"
7307,40.843525,-73.89667,"(40.843525, -73.89667)"
7308,40.72469,-73.72687,"(40.72469, -73.72687)"
7309,40.726658,-73.90707,"(40.726658, -73.90707)"
7310,40.737286,-73.85595,"(40.737286, -73.85595)"
7311,40.630173,-74.000755,"(40.630173, -74.000755)"
7312,40.66172,-74.00011,"(40.66172, -74.00011)"
7313,40.67308,-73.91124,"(40.67308, -73.91124)"
7314,40.75457,-73.97169,"(40.75457, -73.97169)"
7315,40.66965,-73.79874,"(40.66965, -73.79874)"
7316,40.85185,-73.902725,"(40.85185, -73.902725)"
7317,40.78503,-73.94058,"(40.78503, -73.94058)"
7318,40.670994,-73.95496,"(40.670994, -73.95496)"
7319,40.707207,-74.00596,"(40.707207, -74.00596)"
7320,40.6259,-74.08873,"(40.6259, -74.08873)"
7321,40.64457,-73.9017,"(40.64457, -73.9017)"
7322,40.77077,-73.91727,"(40.77077, -73.91727)"
7323,40.74709,-73.76325,"(40.74709, -73.76325)"
7324,40.728287,-73.84722,"(40.728287, -73.84722)"
7325,40.615993,-74.16361,"(40.615993, -74.16361)"
7326,40.61847,-74.021225,"(40.61847, -74.021225)"
7327,40.73846,-73.98552,"(40.73846, -73.98552)"
7328,40.8188,-73.95603,"(40.8188, -73.95603)"
7329,40.586105,-74.09109,"(40.586105, -74.09109)"
7330,40.72361,-73.77123,"(40.72361, -73.77123)"
7331,40.689144,-73.99071,"(40.689144, -73.99071)"
7332,40.66327,-73.9951,"(40.66327, -73.9951)"
7333,40.69869,-73.953224,"(40.69869, -73.953224)"
7334,40.6162,-74.15797,"(40.6162, -74.15797)"
7335,40.641342,-73.908264,"(40.641342, -73.908264)"
7336,40.694813,-73.98327,"(40.694813, -73.98327)"
7337,40.62965,-73.990555,"(40.62965, -73.990555)"
7338,40.663284,-73.96096,"(40.663284, -73.96096)"
7340,40.742805,-73.90428,"(40.742805, -73.90428)"
7341,40.85232,-73.86301,"(40.85232, -73.86301)"
7342,40.67081,-73.74264,"(40.67081, -73.74264)"
7343,40.66584,-73.75551,"(40.66584, -73.75551)"
7344,40.712162,-73.88508,"(40.712162, -73.88508)"
7345,40.646,-73.97175,"(40.646, -73.97175)"
7346,40.610508,-74.09576,"(40.610508, -74.09576)"
7347,40.663124,-73.96244,"(40.663124, -73.96244)"
7348,40.86564,-73.88323,"(40.86564, -73.88323)"
7349,40.708347,-73.96724,"(40.708347, -73.96724)"
7350,40.744644,-73.77041,"(40.744644, -73.77041)"
7351,40.835297,-73.91291,"(40.835297, -73.91291)"
7352,40.683044,-73.87435,"(40.683044, -73.87435)"
7353,40.67816,-73.897484,"(40.67816, -73.897484)"
7354,40.696648,-73.76175,"(40.696648, -73.76175)"
7355,40.66796,-73.77155,"(40.66796, -73.77155)"
7356,40.87843,-73.82533,"(40.87843, -73.82533)"
7357,40.671772,-73.93641,"(40.671772, -73.93641)"
7358,40.68787,-73.79747,"(40.68787, -73.79747)"
7359,40.812893,-73.92013,"(40.812893, -73.92013)"
7360,40.744236,-73.92798,"(40.744236, -73.92798)"
7361,40.82835,-73.86116,"(40.82835, -73.86116)"
7362,40.74766,-73.88257,"(40.74766, -73.88257)"
7364,40.752037,-73.7211,"(40.752037, -73.7211)"
7365,40.86159,-73.91295,"(40.86159, -73.91295)"
7366,40.752026,-73.86909,"(40.752026, -73.86909)"
7367,40.847355,-73.93518,"(40.847355, -73.93518)"
7368,40.52882,-74.21329,"(40.52882, -74.21329)"
7369,40.69874,-73.926315,"(40.69874, -73.926315)"
7370,40.710785,-73.95995,"(40.710785, -73.95995)"
7371,40.7508,-73.99075,"(40.7508, -73.99075)"
7372,40.655273,-74.0105,"(40.655273, -74.0105)"
7373,40.893127,-73.85652,"(40.893127, -73.85652)"
7374,40.79523,-73.949295,"(40.79523, -73.949295)"
7375,40.711365,-73.97897,"(40.711365, -73.97897)"
7377,40.763897,-73.95323,"(40.763897, -73.95323)"
7378,40.84171,-73.898674,"(40.84171, -73.898674)"
7379,40.606216,-73.95393,"(40.606216, -73.95393)"
7380,40.677353,-74.00446,"(40.677353, -74.00446)"
7381,40.663536,-73.77709,"(40.663536, -73.77709)"
7382,40.852425,-73.86873,"(40.852425, -73.86873)"
7383,40.60517,-73.98002,"(40.60517, -73.98002)"
7384,40.81205,-73.95355,"(40.81205, -73.95355)"
7385,40.809696,-73.91564,"(40.809696, -73.91564)"
7386,40.757145,-73.99357,"(40.757145, -73.99357)"
7387,40.8754,-73.91273,"(40.8754, -73.91273)"
7388,40.673107,-73.99959,"(40.673107, -73.99959)"
7389,40.632915,-73.9689,"(40.632915, -73.9689)"
7390,40.68199,-73.788414,"(40.68199, -73.788414)"
7391,40.59721,-74.07363,"(40.59721, -74.07363)"
7392,40.58665,-73.934456,"(40.58665, -73.934456)"
7393,40.7072,-73.79167,"(40.7072, -73.79167)"
7394,40.842392,-73.88504,"(40.842392, -73.88504)"
7395,40.637768,-73.95868,"(40.637768, -73.95868)"
7396,40.654137,-73.91234,"(40.654137, -73.91234)"
7397,40.832756,-73.85918,"(40.832756, -73.85918)"
7398,40.71852,-73.90832,"(40.71852, -73.90832)"
7399,40.7508,-73.99819,"(40.7508, -73.99819)"
7400,40.677025,-73.95268,"(40.677025, -73.95268)"
7401,40.820137,-73.89029,"(40.820137, -73.89029)"
7402,40.633514,-74.026955,"(40.633514, -74.026955)"
7403,40.74002,-74.005295,"(40.74002, -74.005295)"
7404,40.787693,-73.94148,"(40.787693, -73.94148)"
7405,40.834522,-73.87183,"(40.834522, -73.87183)"
7406,40.608364,-74.038666,"(40.608364, -74.038666)"
7407,40.79522,-73.921524,"(40.79522, -73.921524)"
7408,40.660656,-73.885796,"(40.660656, -73.885796)"
7409,40.59589,-74.085884,"(40.59589, -74.085884)"
7410,40.67921,-73.91375,"(40.67921, -73.91375)"
7411,40.734924,-73.92312,"(40.734924, -73.92312)"
7412,40.759678,-73.83236,"(40.759678, -73.83236)"
7413,40.592865,-73.94912,"(40.592865, -73.94912)"
7415,40.827152,-73.946205,"(40.827152, -73.946205)"
7416,40.726067,-73.9089,"(40.726067, -73.9089)"
7417,40.75533,-73.99119,"(40.75533, -73.99119)"
7418,40.625267,-74.14873,"(40.625267, -74.14873)"
7419,40.696865,-73.83717,"(40.696865, -73.83717)"
7420,40.741394,-73.82303,"(40.741394, -73.82303)"
7421,40.72192,-73.99191,"(40.72192, -73.99191)"
7422,40.667084,-73.99594,"(40.667084, -73.99594)"
7423,40.756035,-73.98695,"(40.756035, -73.98695)"
7424,40.696354,-73.94071,"(40.696354, -73.94071)"
7425,40.585346,-73.98754,"(40.585346, -73.98754)"
7426,40.72547,-73.98396,"(40.72547, -73.98396)"
7427,40.772865,-73.98955,"(40.772865, -73.98955)"
7428,40.841347,-73.9169,"(40.841347, -73.9169)"
7429,40.74701,-73.977196,"(40.74701, -73.977196)"
7430,40.68297,-73.82824,"(40.68297, -73.82824)"
7431,40.72416,-73.754974,"(40.72416, -73.754974)"
7432,40.74388,-73.98157,"(40.74388, -73.98157)"
7433,40.666306,-73.79171,"(40.666306, -73.79171)"
7434,40.71772,-73.737915,"(40.71772, -73.737915)"
7435,40.74802,-73.88016,"(40.74802, -73.88016)"
7436,40.637817,-73.97956,"(40.637817, -73.97956)"
7437,40.70989,-73.8303,"(40.70989, -73.8303)"
7438,40.69496,-73.93978,"(40.69496, -73.93978)"
7439,40.69595,-73.91739,"(40.69595, -73.91739)"
7440,40.741558,-73.98536,"(40.741558, -73.98536)"
7442,40.67715,-73.89769,"(40.67715, -73.89769)"
7443,40.69795,-73.99487,"(40.69795, -73.99487)"
7444,40.824085,-73.88196,"(40.824085, -73.88196)"
7445,40.739265,-73.79364,"(40.739265, -73.79364)"
7446,40.661224,-73.99722,"(40.661224, -73.99722)"
7447,40.633427,-73.95298,"(40.633427, -73.95298)"
7448,40.70191,-73.93699,"(40.70191, -73.93699)"
7449,40.84048,-73.93647,"(40.84048, -73.93647)"
7450,40.746273,-73.98914,"(40.746273, -73.98914)"
7452,40.634003,-73.9112,"(40.634003, -73.9112)"
7453,40.81801,-73.96149,"(40.81801, -73.96149)"
7454,40.675236,-73.97106,"(40.675236, -73.97106)"
7455,40.860836,-73.83995,"(40.860836, -73.83995)"
7456,40.748825,-73.96984,"(40.748825, -73.96984)"
7457,40.81782,-73.915276,"(40.81782, -73.915276)"
7458,40.722477,-73.88053,"(40.722477, -73.88053)"
7459,40.669384,-73.81447,"(40.669384, -73.81447)"
7460,40.792263,-73.79332,"(40.792263, -73.79332)"
7461,40.830612,-73.881584,"(40.830612, -73.881584)"
7462,40.66547,-73.83135,"(40.66547, -73.83135)"
7463,40.73332,-73.95815,"(40.73332, -73.95815)"
7464,40.67736,-73.74493,"(40.67736, -73.74493)"
7466,40.689857,-73.99842,"(40.689857, -73.99842)"
7467,40.72247,-73.987144,"(40.72247, -73.987144)"
7468,40.82256,-73.902534,"(40.82256, -73.902534)"
7469,40.66059,-73.931335,"(40.66059, -73.931335)"
7470,40.753284,-73.90691,"(40.753284, -73.90691)"
7471,40.820827,-73.950836,"(40.820827, -73.950836)"
7472,40.86706,-73.92684,"(40.86706, -73.92684)"
7473,40.635372,-74.029144,"(40.635372, -74.029144)"
7474,40.757767,-73.79465,"(40.757767, -73.79465)"
7475,40.650597,-73.97209,"(40.650597, -73.97209)"
7476,40.88143,-73.879234,"(40.88143, -73.879234)"
7477,40.605938,-74.11808,"(40.605938, -74.11808)"
7478,40.80179,-73.95123,"(40.80179, -73.95123)"
7479,40.679035,-73.998985,"(40.679035, -73.998985)"
7480,40.687565,-73.83441,"(40.687565, -73.83441)"
7481,40.81065,-73.967155,"(40.81065, -73.967155)"
7482,40.738415,-73.84899,"(40.738415, -73.84899)"
7483,40.68766,-73.85058,"(40.68766, -73.85058)"
7484,40.6953,-73.812096,"(40.6953, -73.812096)"
7485,40.689228,-73.9847,"(40.689228, -73.9847)"
7486,40.897068,-73.843376,"(40.897068, -73.843376)"
7487,40.838104,-73.835014,"(40.838104, -73.835014)"
7488,40.757164,-73.82212,"(40.757164, -73.82212)"
7489,40.716198,-74.000145,"(40.716198, -74.000145)"
7490,40.80906,-73.90755,"(40.80906, -73.90755)"
7491,40.763023,-73.97815,"(40.763023, -73.97815)"
7492,40.641815,-73.99582,"(40.641815, -73.99582)"
7493,40.680305,-73.844536,"(40.680305, -73.844536)"
7494,40.77334,-73.94902,"(40.77334, -73.94902)"
7495,40.713688,-73.99459,"(40.713688, -73.99459)"
7496,40.826275,-73.85971,"(40.826275, -73.85971)"
7497,40.516335,-74.23283,"(40.516335, -74.23283)"
7498,40.711227,-73.72826,"(40.711227, -73.72826)"
7499,40.759445,-73.98322,"(40.759445, -73.98322)"
7500,40.61834,-74.03018,"(40.61834, -74.03018)"
7501,40.75505,-73.99248,"(40.75505, -73.99248)"
7502,40.667038,-73.757324,"(40.667038, -73.757324)"
7503,40.62851,-73.97271,"(40.62851, -73.97271)"
7504,40.81103,-73.945366,"(40.81103, -73.945366)"
7505,40.8022,-73.9678,"(40.8022, -73.9678)"
7506,40.72032,-73.99404,"(40.72032, -73.99404)"
7507,40.662327,-73.89541,"(40.662327, -73.89541)"
7508,40.776318,-73.962135,"(40.776318, -73.962135)"
7509,40.778664,-73.90946,"(40.778664, -73.90946)"
7510,40.754513,-73.988075,"(40.754513, -73.988075)"
7511,40.655834,-73.98123,"(40.655834, -73.98123)"
7512,40.654785,-73.97876,"(40.654785, -73.97876)"
7513,40.714817,-73.89629,"(40.714817, -73.89629)"
7514,40.75853,-73.92709,"(40.75853, -73.92709)"
7515,40.583057,-73.973114,"(40.583057, -73.973114)"
7517,40.73992,-73.86026,"(40.73992, -73.86026)"
7520,40.612293,-74.03412,"(40.612293, -74.03412)"
7521,40.69366,-73.85217,"(40.69366, -73.85217)"
7522,40.609867,-73.92239,"(40.609867, -73.92239)"
7523,40.760612,-73.93609,"(40.760612, -73.93609)"
7524,40.79465,-73.971794,"(40.79465, -73.971794)"
7526,40.68294,-73.775055,"(40.68294, -73.775055)"
7527,40.82654,-73.91532,"(40.82654, -73.91532)"
7528,40.78519,-73.94934,"(40.78519, -73.94934)"
7529,40.743343,-73.97203,"(40.743343, -73.97203)"
7530,40.670006,-73.95328,"(40.670006, -73.95328)"
7531,40.84442,-73.8984,"(40.84442, -73.8984)"
7532,40.74456,-73.971375,"(40.74456, -73.971375)"
7533,40.743507,-73.85156,"(40.743507, -73.85156)"
7534,40.788784,-73.79116,"(40.788784, -73.79116)"
7535,40.76113,-73.85851,"(40.76113, -73.85851)"
7536,40.709095,-73.99622,"(40.709095, -73.99622)"
7537,40.617443,-74.07901,"(40.617443, -74.07901)"
7538,40.61233,-73.93421,"(40.61233, -73.93421)"
7539,40.593277,-73.97377,"(40.593277, -73.97377)"
7540,40.594616,-73.99743,"(40.594616, -73.99743)"
7541,40.655743,-73.85908,"(40.655743, -73.85908)"
7542,40.595387,-73.76753,"(40.595387, -73.76753)"
7543,40.65255,-73.93049,"(40.65255, -73.93049)"
7544,40.712,-73.82546,"(40.712, -73.82546)"
7545,40.870247,-73.83097,"(40.870247, -73.83097)"
7546,40.592518,-73.932625,"(40.592518, -73.932625)"
7547,40.759983,-73.964806,"(40.759983, -73.964806)"
7548,40.708195,-73.80685,"(40.708195, -73.80685)"
7549,40.60224,-73.75416,"(40.60224, -73.75416)"
7550,40.705124,-73.81191,"(40.705124, -73.81191)"
7552,40.83877,-73.87791,"(40.83877, -73.87791)"
7553,40.53145,-74.217766,"(40.53145, -74.217766)"
7554,40.6792,-73.9553,"(40.6792, -73.9553)"
7555,40.695854,-73.90139,"(40.695854, -73.90139)"
7556,40.70921,-73.87017,"(40.70921, -73.87017)"
7557,40.679348,-73.750336,"(40.679348, -73.750336)"
7558,40.734135,-73.86918,"(40.734135, -73.86918)"
7559,40.62262,-73.94028,"(40.62262, -73.94028)"
7561,40.7879,-73.95368,"(40.7879, -73.95368)"
7562,40.84503,-73.94508,"(40.84503, -73.94508)"
7563,40.81266,-73.909294,"(40.81266, -73.909294)"
7564,40.628643,-74.005936,"(40.628643, -74.005936)"
7565,40.580616,-74.152534,"(40.580616, -74.152534)"
7566,40.588562,-74.14584,"(40.588562, -74.14584)"
7567,40.824623,-73.91052,"(40.824623, -73.91052)"
7568,40.759254,-73.986694,"(40.759254, -73.986694)"
7570,40.65702,-73.889404,"(40.65702, -73.889404)"
7571,40.765686,-73.82913,"(40.765686, -73.82913)"
7572,40.7276,-73.98531,"(40.7276, -73.98531)"
7574,40.87814,-73.905365,"(40.87814, -73.905365)"
7575,40.68804,-73.947754,"(40.68804, -73.947754)"
7576,40.75539,-73.828285,"(40.75539, -73.828285)"
7577,40.75974,-73.97423,"(40.75974, -73.97423)"
7578,40.653454,-73.88466,"(40.653454, -73.88466)"
7579,40.705048,-73.90304,"(40.705048, -73.90304)"
7580,40.735653,-73.851006,"(40.735653, -73.851006)"
7581,40.676945,-73.87577,"(40.676945, -73.87577)"
7582,40.742104,-73.80542,"(40.742104, -73.80542)"
7583,40.862904,-73.85048,"(40.862904, -73.85048)"
7584,40.71309,-73.99362,"(40.71309, -73.99362)"
7585,40.626568,-73.970924,"(40.626568, -73.970924)"
7586,40.66089,-73.93137,"(40.66089, -73.93137)"
7587,40.678486,-73.96211,"(40.678486, -73.96211)"
7588,40.737167,-74.001465,"(40.737167, -74.001465)"
7589,40.681473,-73.784676,"(40.681473, -73.784676)"
7590,40.876896,-73.90686,"(40.876896, -73.90686)"
7591,40.75181,-73.97696,"(40.75181, -73.97696)"
7592,40.59052,-73.805336,"(40.59052, -73.805336)"
7593,40.736065,-73.98939,"(40.736065, -73.98939)"
7594,40.707817,-73.91923,"(40.707817, -73.91923)"
7595,40.740337,-73.93635,"(40.740337, -73.93635)"
7596,40.71881,-73.83266,"(40.71881, -73.83266)"
7597,40.699955,-73.98682,"(40.699955, -73.98682)"
7598,40.595886,-73.98315,"(40.595886, -73.98315)"
7599,40.87738,-73.905876,"(40.87738, -73.905876)"
7600,40.71546,-73.816376,"(40.71546, -73.816376)"
7601,40.72634,-73.76508,"(40.72634, -73.76508)"
7602,40.861923,-73.89357,"(40.861923, -73.89357)"
7603,40.594894,-73.98677,"(40.594894, -73.98677)"
7604,40.682735,-73.86283,"(40.682735, -73.86283)"
7605,40.722965,-73.9105,"(40.722965, -73.9105)"
7606,40.753143,-73.89062,"(40.753143, -73.89062)"
7607,40.764397,-73.7902,"(40.764397, -73.7902)"
7608,40.852226,-73.939926,"(40.852226, -73.939926)"
7609,40.76593,-73.99088,"(40.76593, -73.99088)"
7610,40.844547,-73.88531,"(40.844547, -73.88531)"
7611,40.747215,-73.815384,"(40.747215, -73.815384)"
7612,40.603058,-73.98261,"(40.603058, -73.98261)"
7613,40.691,-73.989334,"(40.691, -73.989334)"
7614,40.6441,-73.96687,"(40.6441, -73.96687)"
7615,40.808205,-73.907845,"(40.808205, -73.907845)"
7616,40.82521,-73.90778,"(40.82521, -73.90778)"
7617,40.722576,-73.94049,"(40.722576, -73.94049)"
7618,40.589893,-73.79784,"(40.589893, -73.79784)"
7619,40.62036,-74.03233,"(40.62036, -74.03233)"
7620,40.824432,-73.873604,"(40.824432, -73.873604)"
7621,40.76311,-73.962524,"(40.76311, -73.962524)"
7622,40.60271,-74.16298,"(40.60271, -74.16298)"
7623,40.80532,-73.920876,"(40.80532, -73.920876)"
7624,40.634247,-73.89021,"(40.634247, -73.89021)"
7625,40.807034,-73.939705,"(40.807034, -73.939705)"
7626,40.723442,-73.93899,"(40.723442, -73.93899)"
7627,40.760098,-73.9214,"(40.760098, -73.9214)"
7628,40.633007,-73.97048,"(40.633007, -73.97048)"
7629,40.753338,-73.92028,"(40.753338, -73.92028)"
7630,40.6922,-73.79173,"(40.6922, -73.79173)"
7631,40.751743,-73.99239,"(40.751743, -73.99239)"
7632,40.637688,-73.99653,"(40.637688, -73.99653)"
7633,40.805447,-73.934555,"(40.805447, -73.934555)"
7634,40.631706,-73.94649,"(40.631706, -73.94649)"
7635,40.542603,-74.20835,"(40.542603, -74.20835)"
7636,40.80907,-73.94455,"(40.80907, -73.94455)"
7637,40.616314,-74.00083,"(40.616314, -74.00083)"
7638,40.585896,-73.96634,"(40.585896, -73.96634)"
7639,40.70041,-73.88874,"(40.70041, -73.88874)"
7640,40.679638,-73.91655,"(40.679638, -73.91655)"
7641,40.757828,-73.99308,"(40.757828, -73.99308)"
7642,40.631245,-73.988884,"(40.631245, -73.988884)"
7643,40.580208,-74.09975,"(40.580208, -74.09975)"
7644,40.8335,-73.82794,"(40.8335, -73.82794)"
7645,40.80635,-73.938095,"(40.80635, -73.938095)"
7646,40.852753,-73.91307,"(40.852753, -73.91307)"
7647,40.77012,-73.95741,"(40.77012, -73.95741)"
7648,40.659634,-73.764824,"(40.659634, -73.764824)"
7649,40.87685,-73.90635,"(40.87685, -73.90635)"
7650,40.65414,-73.88732,"(40.65414, -73.88732)"
7651,40.868458,-73.8214,"(40.868458, -73.8214)"
7652,40.906384,-73.85167,"(40.906384, -73.85167)"
7653,40.676315,-73.91055,"(40.676315, -73.91055)"
7654,40.788555,-73.7787,"(40.788555, -73.7787)"
7655,40.681984,-73.89138,"(40.681984, -73.89138)"
7656,40.64063,-74.025734,"(40.64063, -74.025734)"
7657,40.75837,-201.23706,"(40.75837, -201.23706)"
7658,40.66669,-73.81173,"(40.66669, -73.81173)"
7659,40.730957,-73.85626,"(40.730957, -73.85626)"
7660,40.713593,-73.74142,"(40.713593, -73.74142)"
7661,40.727055,-73.83229,"(40.727055, -73.83229)"
7662,40.863033,-73.90906,"(40.863033, -73.90906)"
7663,40.630978,-73.99144,"(40.630978, -73.99144)"
7664,40.73191,-73.87124,"(40.73191, -73.87124)"
7666,40.681007,-73.81957,"(40.681007, -73.81957)"
7667,40.783398,-73.80459,"(40.783398, -73.80459)"
7668,40.700836,-73.99495,"(40.700836, -73.99495)"
7669,40.804745,-73.91194,"(40.804745, -73.91194)"
7670,40.72656,-73.972046,"(40.72656, -73.972046)"
7671,40.673187,-73.82491,"(40.673187, -73.82491)"
7672,40.76301,-73.7942,"(40.76301, -73.7942)"
7673,40.896496,-73.846,"(40.896496, -73.846)"
7674,40.898094,-73.8546,"(40.898094, -73.8546)"
7675,40.658417,-73.76768,"(40.658417, -73.76768)"
7676,40.634945,-73.9325,"(40.634945, -73.9325)"
7677,40.881073,-73.878494,"(40.881073, -73.878494)"
7678,40.70546,-73.7949,"(40.70546, -73.7949)"
7679,40.71679,-73.83274,"(40.71679, -73.83274)"
7680,40.606422,-74.0147,"(40.606422, -74.0147)"
7681,40.672527,-73.95026,"(40.672527, -73.95026)"
7682,40.626328,-74.13132,"(40.626328, -74.13132)"
7683,40.76025,-73.969635,"(40.76025, -73.969635)"
7684,40.644455,-74.0183,"(40.644455, -74.0183)"
7685,40.8429,-73.93843,"(40.8429, -73.93843)"
7686,40.761147,-73.97952,"(40.761147, -73.97952)"
7687,40.866447,-73.9305,"(40.866447, -73.9305)"
7688,40.65794,-73.907745,"(40.65794, -73.907745)"
7690,40.668495,-73.925606,"(40.668495, -73.925606)"
7691,40.67274,-73.899,"(40.67274, -73.899)"
7692,40.612286,-74.01098,"(40.612286, -74.01098)"
7693,40.760403,-73.98748,"(40.760403, -73.98748)"
7694,40.70569,-73.806145,"(40.70569, -73.806145)"
7695,40.768887,-73.90691,"(40.768887, -73.90691)"
7696,40.597683,-73.96686,"(40.597683, -73.96686)"
7697,40.638428,-73.951164,"(40.638428, -73.951164)"
7698,40.729538,-73.999825,"(40.729538, -73.999825)"
7699,40.809097,-73.88602,"(40.809097, -73.88602)"
7700,40.761036,-73.98702,"(40.761036, -73.98702)"
7701,40.748363,-73.98041,"(40.748363, -73.98041)"
7702,40.66045,-73.86719,"(40.66045, -73.86719)"
7703,40.82764,-73.8554,"(40.82764, -73.8554)"
7704,40.704388,-73.994576,"(40.704388, -73.994576)"
7705,40.73556,-73.915054,"(40.73556, -73.915054)"
7706,40.69832,-73.962265,"(40.69832, -73.962265)"
7707,40.880547,-73.86111,"(40.880547, -73.86111)"
7708,40.587303,-73.96036,"(40.587303, -73.96036)"
7709,40.79595,-73.81284,"(40.79595, -73.81284)"
7710,40.721436,-73.89068,"(40.721436, -73.89068)"
7711,40.587337,-73.96014,"(40.587337, -73.96014)"
7712,40.778095,-73.9783,"(40.778095, -73.9783)"
7713,40.775562,-73.95035,"(40.775562, -73.95035)"
7714,40.620575,-74.07896,"(40.620575, -74.07896)"
7715,40.868202,-73.921555,"(40.868202, -73.921555)"
7716,40.727104,-73.9496,"(40.727104, -73.9496)"
7717,40.744556,-73.895996,"(40.744556, -73.895996)"
7718,40.67973,-73.75148,"(40.67973, -73.75148)"
7719,40.866047,-73.87207,"(40.866047, -73.87207)"
7720,40.57277,-73.99625,"(40.57277, -73.99625)"
7721,40.600136,-74.11303,"(40.600136, -74.11303)"
7722,40.76871,-73.969986,"(40.76871, -73.969986)"
7723,40.642086,-73.90428,"(40.642086, -73.90428)"
7724,40.685497,-73.8267,"(40.685497, -73.8267)"
7725,40.64081,-73.89202,"(40.64081, -73.89202)"
7726,40.627983,-73.92493,"(40.627983, -73.92493)"
7727,40.82882,-73.83833,"(40.82882, -73.83833)"
7728,40.74791,-73.96806,"(40.74791, -73.96806)"
7729,40.7428,-73.86637,"(40.7428, -73.86637)"
7731,40.766712,-73.98289,"(40.766712, -73.98289)"
7732,40.665257,-73.735344,"(40.665257, -73.735344)"
7733,40.843906,-73.92413,"(40.843906, -73.92413)"
7734,40.77344,-73.92097,"(40.77344, -73.92097)"
7735,40.804695,-73.92239,"(40.804695, -73.92239)"
7736,40.5983,-73.94149,"(40.5983, -73.94149)"
7737,40.669823,-73.78883,"(40.669823, -73.78883)"
7739,40.66615,-73.84161,"(40.66615, -73.84161)"
7740,40.725956,-73.90727,"(40.725956, -73.90727)"
7741,40.83593,-73.94352,"(40.83593, -73.94352)"
7742,40.83829,-73.930016,"(40.83829, -73.930016)"
7743,40.805286,-73.949455,"(40.805286, -73.949455)"
7744,40.711357,-73.95771,"(40.711357, -73.95771)"
7745,40.616966,-74.14513,"(40.616966, -74.14513)"
7746,40.69556,-73.947556,"(40.69556, -73.947556)"
7747,40.804226,-73.91301,"(40.804226, -73.91301)"
7748,40.742657,-73.846214,"(40.742657, -73.846214)"
7749,40.525764,-74.2273,"(40.525764, -74.2273)"
7750,40.76023,-73.961525,"(40.76023, -73.961525)"
7751,40.73664,-73.86584,"(40.73664, -73.86584)"
7752,40.700478,-73.92534,"(40.700478, -73.92534)"
7753,40.759678,-73.83236,"(40.759678, -73.83236)"
7754,40.772415,-73.97874,"(40.772415, -73.97874)"
7755,40.80719,-73.92431,"(40.80719, -73.92431)"
7756,40.825306,-73.89067,"(40.825306, -73.89067)"
7757,40.63228,-74.00423,"(40.63228, -74.00423)"
7758,40.899616,-73.89357,"(40.899616, -73.89357)"
7759,40.744724,-74.008385,"(40.744724, -74.008385)"
7760,40.59776,-74.191246,"(40.59776, -74.191246)"
7761,40.867073,-73.88378,"(40.867073, -73.88378)"
7762,40.700768,-73.990944,"(40.700768, -73.990944)"
7763,40.74706,-73.88944,"(40.74706, -73.88944)"
7764,40.65772,-73.895386,"(40.65772, -73.895386)"
7765,40.833317,-73.82742,"(40.833317, -73.82742)"
7766,40.63914,-73.939674,"(40.63914, -73.939674)"
7767,40.77124,-73.84371,"(40.77124, -73.84371)"
7768,40.613064,-74.13076,"(40.613064, -74.13076)"
7769,40.734596,-74.00847,"(40.734596, -74.00847)"
7770,40.63063,-74.00923,"(40.63063, -74.00923)"
7771,40.676758,-73.917404,"(40.676758, -73.917404)"
7772,40.700665,-74.01542,"(40.700665, -74.01542)"
7773,40.803947,-73.928,"(40.803947, -73.928)"
7774,40.652145,-73.95916,"(40.652145, -73.95916)"
7776,40.758377,-73.994385,"(40.758377, -73.994385)"
7777,40.680664,-73.902626,"(40.680664, -73.902626)"
7778,40.58196,-73.959946,"(40.58196, -73.959946)"
7779,40.639305,-73.95898,"(40.639305, -73.95898)"
7780,40.726814,-73.95355,"(40.726814, -73.95355)"
7781,40.71843,-74.000534,"(40.71843, -74.000534)"
7782,40.71552,-74.00925,"(40.71552, -74.00925)"
7783,40.879585,-73.86643,"(40.879585, -73.86643)"
7784,40.758648,-73.89162,"(40.758648, -73.89162)"
7785,40.59742,-74.06836,"(40.59742, -74.06836)"
7786,40.65484,-73.9597,"(40.65484, -73.9597)"
7787,40.754505,-73.965706,"(40.754505, -73.965706)"
7788,40.76222,-73.97875,"(40.76222, -73.97875)"
7789,40.725643,-73.99207,"(40.725643, -73.99207)"
7790,40.632294,-73.96678,"(40.632294, -73.96678)"
7791,40.685963,-73.85654,"(40.685963, -73.85654)"
7792,40.69398,-73.79058,"(40.69398, -73.79058)"
7793,0.0,0.0,"(0.0, 0.0)"
7794,40.71072,-73.834885,"(40.71072, -73.834885)"
7795,40.802822,-73.930405,"(40.802822, -73.930405)"
7796,40.8047,-73.91243,"(40.8047, -73.91243)"
7797,40.734978,-73.8614,"(40.734978, -73.8614)"
7798,40.74877,-73.893616,"(40.74877, -73.893616)"
7799,40.825924,-73.85705,"(40.825924, -73.85705)"
7800,40.628643,-74.005936,"(40.628643, -74.005936)"
7802,40.590492,-74.19359,"(40.590492, -74.19359)"
7803,40.737656,-73.87711,"(40.737656, -73.87711)"
7804,40.68022,-73.775505,"(40.68022, -73.775505)"
7805,40.76573,-73.926445,"(40.76573, -73.926445)"
7806,40.718555,-73.988205,"(40.718555, -73.988205)"
7807,40.740078,-73.99485,"(40.740078, -73.99485)"
7808,40.69832,-73.90011,"(40.69832, -73.90011)"
7809,40.81464,-73.88557,"(40.81464, -73.88557)"
7810,40.85999,-73.89686,"(40.85999, -73.89686)"
7811,40.72675,-73.80844,"(40.72675, -73.80844)"
7812,40.71355,-73.99733,"(40.71355, -73.99733)"
7813,40.637196,-74.00779,"(40.637196, -74.00779)"
7814,40.524597,-74.184425,"(40.524597, -74.184425)"
7815,40.8076,-73.93719,"(40.8076, -73.93719)"
7816,40.755867,-73.998215,"(40.755867, -73.998215)"
7817,40.70497,-73.889854,"(40.70497, -73.889854)"
7818,40.76111,-73.96165,"(40.76111, -73.96165)"
7819,40.635105,-73.896484,"(40.635105, -73.896484)"
7820,40.69257,-73.92568,"(40.69257, -73.92568)"
7822,40.651012,-73.91024,"(40.651012, -73.91024)"
7823,40.70213,-73.94791,"(40.70213, -73.94791)"
7824,40.906384,-73.85167,"(40.906384, -73.85167)"
7825,40.685432,-73.75514,"(40.685432, -73.75514)"
7826,40.65431,-74.004425,"(40.65431, -74.004425)"
7827,40.868473,-73.82158,"(40.868473, -73.82158)"
7828,40.666595,-73.87176,"(40.666595, -73.87176)"
7829,40.73155,-73.9872,"(40.73155, -73.9872)"
7830,40.634163,-74.00736,"(40.634163, -74.00736)"
7831,40.787506,-73.9383,"(40.787506, -73.9383)"
7832,40.788628,-73.789665,"(40.788628, -73.789665)"
7833,40.768013,-73.90423,"(40.768013, -73.90423)"
7834,40.648182,-73.93001,"(40.648182, -73.93001)"
7835,40.7568,-73.873665,"(40.7568, -73.873665)"
7836,40.74277,-73.9866,"(40.74277, -73.9866)"
7837,40.833286,-73.914085,"(40.833286, -73.914085)"
7838,40.725082,-73.99534,"(40.725082, -73.99534)"
7839,40.691597,-73.991455,"(40.691597, -73.991455)"
7840,40.777737,-73.812485,"(40.777737, -73.812485)"
7841,40.673164,-73.90485,"(40.673164, -73.90485)"
7842,40.656784,-73.91379,"(40.656784, -73.91379)"
7843,40.618023,-74.00981,"(40.618023, -74.00981)"
7844,40.698414,-73.984,"(40.698414, -73.984)"
7845,40.651005,-73.94571,"(40.651005, -73.94571)"
7846,40.84744,-73.89968,"(40.84744, -73.89968)"
7847,40.677483,-73.93033,"(40.677483, -73.93033)"
7848,40.600197,-73.94186,"(40.600197, -73.94186)"
7849,40.729713,-73.88009,"(40.729713, -73.88009)"
7850,40.850906,-73.93829,"(40.850906, -73.93829)"
7851,40.690647,-73.90805,"(40.690647, -73.90805)"
7854,40.71161,-73.95754,"(40.71161, -73.95754)"
7855,40.751,-73.98856,"(40.751, -73.98856)"
7856,40.605568,-74.03118,"(40.605568, -74.03118)"
7857,40.68372,-73.78468,"(40.68372, -73.78468)"
7858,40.610386,-74.0002,"(40.610386, -74.0002)"
7859,40.744495,-73.98112,"(40.744495, -73.98112)"
7860,40.640762,-74.00767,"(40.640762, -74.00767)"
7861,40.623714,-73.99314,"(40.623714, -73.99314)"
7862,40.82625,-73.894844,"(40.82625, -73.894844)"
7863,40.73388,-73.98647,"(40.73388, -73.98647)"
7864,40.547096,-74.1719,"(40.547096, -74.1719)"
7865,40.736534,-74.00586,"(40.736534, -74.00586)"
7867,40.75027,-73.74509,"(40.75027, -73.74509)"
7868,40.675682,-73.86607,"(40.675682, -73.86607)"
7869,40.72584,-74.00757,"(40.72584, -74.00757)"
7870,40.82316,-73.87013,"(40.82316, -73.87013)"
7871,40.796642,-73.96848,"(40.796642, -73.96848)"
7872,40.847324,-73.85983,"(40.847324, -73.85983)"
7873,40.87831,-73.870155,"(40.87831, -73.870155)"
7874,40.62948,-73.94447,"(40.62948, -73.94447)"
7875,40.784874,-73.80519,"(40.784874, -73.80519)"
7876,40.841187,-73.93215,"(40.841187, -73.93215)"
7877,40.771305,-73.87664,"(40.771305, -73.87664)"
7878,40.85535,-73.91836,"(40.85535, -73.91836)"
7879,40.626457,-73.918,"(40.626457, -73.918)"
7880,40.71574,-74.00169,"(40.71574, -74.00169)"
7881,40.82751,-73.92495,"(40.82751, -73.92495)"
7882,40.66955,-73.94497,"(40.66955, -73.94497)"
7883,40.74892,-73.9779,"(40.74892, -73.9779)"
7884,40.73722,-73.99441,"(40.73722, -73.99441)"
7886,40.753178,-73.90239,"(40.753178, -73.90239)"
7887,40.749516,-73.883316,"(40.749516, -73.883316)"
7888,40.604313,-74.05208,"(40.604313, -74.05208)"
7889,40.650948,-73.94668,"(40.650948, -73.94668)"
7890,40.601036,-73.99235,"(40.601036, -73.99235)"
7891,40.827854,-73.95118,"(40.827854, -73.95118)"
7892,40.701347,-73.98243,"(40.701347, -73.98243)"
7893,40.58584,-73.93788,"(40.58584, -73.93788)"
7894,40.81809,-73.8366,"(40.81809, -73.8366)"
7895,40.755978,-73.97697,"(40.755978, -73.97697)"
7896,40.71244,-73.89403,"(40.71244, -73.89403)"
7897,40.74413,-73.927055,"(40.74413, -73.927055)"
7899,40.831257,-73.93574,"(40.831257, -73.93574)"
7900,40.732716,-73.79493,"(40.732716, -73.79493)"
7901,40.786255,-73.81353,"(40.786255, -73.81353)"
7902,40.619923,-74.16459,"(40.619923, -74.16459)"
7903,40.609985,-73.96239,"(40.609985, -73.96239)"
7904,40.70981,-73.99178,"(40.70981, -73.99178)"
7905,40.8452,-73.916885,"(40.8452, -73.916885)"
7906,40.73775,-73.768394,"(40.73775, -73.768394)"
7908,40.62945,-73.979866,"(40.62945, -73.979866)"
7909,40.78781,-73.82341,"(40.78781, -73.82341)"
7910,40.678757,-73.98649,"(40.678757, -73.98649)"
7911,40.759983,-73.964806,"(40.759983, -73.964806)"
7912,40.64978,-73.94947,"(40.64978, -73.94947)"
7913,40.825687,-73.86102,"(40.825687, -73.86102)"
7914,40.66356,-73.820335,"(40.66356, -73.820335)"
7915,40.72428,-73.898445,"(40.72428, -73.898445)"
7916,40.874702,-73.85803,"(40.874702, -73.85803)"
7917,40.713272,-73.98337,"(40.713272, -73.98337)"
7918,40.661312,-73.77522,"(40.661312, -73.77522)"
7920,40.710117,-73.81894,"(40.710117, -73.81894)"
7921,40.759983,-73.964806,"(40.759983, -73.964806)"
7922,40.784122,-73.97261,"(40.784122, -73.97261)"
7923,40.77215,-73.900246,"(40.77215, -73.900246)"
7924,40.69734,-73.9623,"(40.69734, -73.9623)"
7925,40.649128,-73.976616,"(40.649128, -73.976616)"
7926,40.646847,-73.950134,"(40.646847, -73.950134)"
7927,40.882298,-73.88174,"(40.882298, -73.88174)"
7928,40.87932,-73.869804,"(40.87932, -73.869804)"
7929,40.644657,-73.95664,"(40.644657, -73.95664)"
7930,40.75203,-73.85169,"(40.75203, -73.85169)"
7931,40.754387,-73.89653,"(40.754387, -73.89653)"
7932,40.82105,-73.88227,"(40.82105, -73.88227)"
7933,40.72678,-73.795525,"(40.72678, -73.795525)"
7934,40.706657,-74.015915,"(40.706657, -74.015915)"
7935,40.729042,-74.00096,"(40.729042, -74.00096)"
7936,40.75619,-73.99057,"(40.75619, -73.99057)"
7938,40.740494,-73.8074,"(40.740494, -73.8074)"
7939,40.75426,-73.74334,"(40.75426, -73.74334)"
7940,40.728855,-73.92782,"(40.728855, -73.92782)"
7941,40.82751,-73.92495,"(40.82751, -73.92495)"
7942,40.713913,-73.83009,"(40.713913, -73.83009)"
7943,40.779633,-73.91084,"(40.779633, -73.91084)"
7944,40.610947,-73.953606,"(40.610947, -73.953606)"
7945,40.739788,-73.845375,"(40.739788, -73.845375)"
7946,40.654137,-73.91234,"(40.654137, -73.91234)"
7947,40.8047,-73.91243,"(40.8047, -73.91243)"
7948,40.63968,-73.89099,"(40.63968, -73.89099)"
7949,40.7586,-73.91821,"(40.7586, -73.91821)"
7951,40.739426,-74.001785,"(40.739426, -74.001785)"
7952,40.764587,-73.90452,"(40.764587, -73.90452)"
7953,40.68646,-73.91279,"(40.68646, -73.91279)"
7954,40.84764,-73.901,"(40.84764, -73.901)"
7955,40.737694,-73.88224,"(40.737694, -73.88224)"
7956,40.73166,-73.98545,"(40.73166, -73.98545)"
7957,40.62965,-73.990555,"(40.62965, -73.990555)"
7958,40.820137,-73.89029,"(40.820137, -73.89029)"
7959,40.58056,-73.83459,"(40.58056, -73.83459)"
7961,40.6374,-74.01116,"(40.6374, -74.01116)"
7962,40.730946,-73.84859,"(40.730946, -73.84859)"
7963,40.627007,-73.976456,"(40.627007, -73.976456)"
7964,40.68916,-73.87064,"(40.68916, -73.87064)"
7965,40.856106,-73.90646,"(40.856106, -73.90646)"
7966,40.81899,-73.8867,"(40.81899, -73.8867)"
7967,40.723698,-74.00792,"(40.723698, -74.00792)"
7969,40.7406,-73.879326,"(40.7406, -73.879326)"
7970,40.780437,-73.94989,"(40.780437, -73.94989)"
7971,40.75648,-73.83136,"(40.75648, -73.83136)"
7972,40.666386,-73.80178,"(40.666386, -73.80178)"
7973,40.714325,-73.95506,"(40.714325, -73.95506)"
7974,40.817875,-73.89333,"(40.817875, -73.89333)"
7975,40.761993,-73.942474,"(40.761993, -73.942474)"
7976,40.608757,-74.038086,"(40.608757, -74.038086)"
7977,40.86226,-73.89589,"(40.86226, -73.89589)"
7978,40.69407,-73.82802,"(40.69407, -73.82802)"
7979,40.71394,-73.848724,"(40.71394, -73.848724)"
7980,40.652752,-73.88629,"(40.652752, -73.88629)"
7981,40.660656,-73.885796,"(40.660656, -73.885796)"
7982,40.728283,-73.82941,"(40.728283, -73.82941)"
7983,40.75682,-73.87358,"(40.75682, -73.87358)"
7984,40.825413,-73.907524,"(40.825413, -73.907524)"
7985,40.771374,-73.877144,"(40.771374, -73.877144)"
7986,40.74299,-73.97947,"(40.74299, -73.97947)"
7987,40.67019,-73.93935,"(40.67019, -73.93935)"
7988,40.747627,-73.976746,"(40.747627, -73.976746)"
7989,40.809048,-73.92856,"(40.809048, -73.92856)"
7990,40.75553,-73.9062,"(40.75553, -73.9062)"
7991,40.786808,-73.94524,"(40.786808, -73.94524)"
7992,40.754898,-73.73881,"(40.754898, -73.73881)"
7993,40.643917,-74.0008,"(40.643917, -74.0008)"
7994,40.644814,-73.897934,"(40.644814, -73.897934)"
7995,40.582287,-74.16907,"(40.582287, -74.16907)"
7996,40.689354,-73.866035,"(40.689354, -73.866035)"
7997,40.737694,-73.88224,"(40.737694, -73.88224)"
7998,40.73518,-73.83629,"(40.73518, -73.83629)"
7999,40.560394,-74.120056,"(40.560394, -74.120056)"
8000,40.847576,-73.90633,"(40.847576, -73.90633)"
8001,40.831448,-73.84463,"(40.831448, -73.84463)"
8002,40.766167,-73.954254,"(40.766167, -73.954254)"
8003,40.71833,-73.99684,"(40.71833, -73.99684)"
8004,40.63324,-74.14295,"(40.63324, -74.14295)"
8005,40.608364,-74.038666,"(40.608364, -74.038666)"
8006,40.713715,-73.80309,"(40.713715, -73.80309)"
8008,40.826626,-73.939156,"(40.826626, -73.939156)"
8009,40.738194,-73.8492,"(40.738194, -73.8492)"
8010,40.71235,-73.89129,"(40.71235, -73.89129)"
8011,40.797813,-73.971344,"(40.797813, -73.971344)"
8012,40.66478,-73.88642,"(40.66478, -73.88642)"
8013,40.617752,-74.025055,"(40.617752, -74.025055)"
8014,40.769352,-73.83258,"(40.769352, -73.83258)"
8015,40.691193,-73.733086,"(40.691193, -73.733086)"
8016,40.69952,-73.989815,"(40.69952, -73.989815)"
8017,40.702736,-73.80229,"(40.702736, -73.80229)"
8018,40.71983,-73.98755,"(40.71983, -73.98755)"
8019,40.70041,-73.90368,"(40.70041, -73.90368)"
8020,40.619465,-74.02288,"(40.619465, -74.02288)"
8021,40.7636,-73.77098,"(40.7636, -73.77098)"
8022,40.59732,-73.928795,"(40.59732, -73.928795)"
8023,40.813374,-73.956276,"(40.813374, -73.956276)"
8024,40.594234,-73.77201,"(40.594234, -73.77201)"
8025,40.684776,-73.84422,"(40.684776, -73.84422)"
8026,40.8189,-73.90311,"(40.8189, -73.90311)"
8027,40.68336,-74.00597,"(40.68336, -74.00597)"
8028,40.714005,-73.99749,"(40.714005, -73.99749)"
8029,40.69717,-73.90123,"(40.69717, -73.90123)"
8030,40.76042,-73.9894,"(40.76042, -73.9894)"
8031,40.818146,-73.89929,"(40.818146, -73.89929)"
8032,40.735134,-74.00607,"(40.735134, -74.00607)"
8033,40.726254,-73.90391,"(40.726254, -73.90391)"
8034,40.664314,-73.78215,"(40.664314, -73.78215)"
8036,40.743427,-73.775475,"(40.743427, -73.775475)"
8037,40.833153,-73.85303,"(40.833153, -73.85303)"
8038,40.58396,-73.93695,"(40.58396, -73.93695)"
8039,40.64677,-73.95206,"(40.64677, -73.95206)"
8040,40.715633,-73.9985,"(40.715633, -73.9985)"
8041,40.829742,-73.861275,"(40.829742, -73.861275)"
8042,40.773544,-73.92217,"(40.773544, -73.92217)"
8044,40.700726,-73.94194,"(40.700726, -73.94194)"
8045,40.71155,-73.91659,"(40.71155, -73.91659)"
8046,40.6213,-74.148994,"(40.6213, -74.148994)"
8047,40.86814,-73.882195,"(40.86814, -73.882195)"
8048,40.785786,-73.978546,"(40.785786, -73.978546)"
8049,40.72606,-73.93981,"(40.72606, -73.93981)"
8050,40.84211,-73.82557,"(40.84211, -73.82557)"
8051,40.674404,-73.86976,"(40.674404, -73.86976)"
8052,40.65008,-73.96101,"(40.65008, -73.96101)"
8053,40.77657,-73.842606,"(40.77657, -73.842606)"
8054,40.602646,-74.00746,"(40.602646, -74.00746)"
8055,40.82721,-73.9207,"(40.82721, -73.9207)"
8056,40.639996,-74.02442,"(40.639996, -74.02442)"
8057,40.607918,-74.138916,"(40.607918, -74.138916)"
8058,40.73195,-73.863434,"(40.73195, -73.863434)"
8059,40.7092,-73.9919,"(40.7092, -73.9919)"
8060,40.757877,-73.859726,"(40.757877, -73.859726)"
8061,40.70541,-73.91695,"(40.70541, -73.91695)"
8062,40.654472,-73.945145,"(40.654472, -73.945145)"
8063,40.677654,-73.82866,"(40.677654, -73.82866)"
8064,40.589745,-74.09844,"(40.589745, -74.09844)"
8065,40.637833,-74.07962,"(40.637833, -74.07962)"
8066,40.741997,-73.808,"(40.741997, -73.808)"
8067,40.61957,-73.93355,"(40.61957, -73.93355)"
8068,40.764362,-73.96162,"(40.764362, -73.96162)"
8069,40.71357,-73.99595,"(40.71357, -73.99595)"
8070,40.759495,-73.762405,"(40.759495, -73.762405)"
8071,40.76757,-73.90052,"(40.76757, -73.90052)"
8072,40.68993,-73.98148,"(40.68993, -73.98148)"
8073,40.744236,-73.92798,"(40.744236, -73.92798)"
8074,40.73757,-73.71632,"(40.73757, -73.71632)"
8077,40.704876,-73.81279,"(40.704876, -73.81279)"
8078,40.690002,-73.82585,"(40.690002, -73.82585)"
8079,40.74833,-73.98433,"(40.74833, -73.98433)"
8080,40.7554,-73.772484,"(40.7554, -73.772484)"
8081,40.657936,-73.91945,"(40.657936, -73.91945)"
8082,40.712727,-73.87935,"(40.712727, -73.87935)"
8083,40.73573,-73.89324,"(40.73573, -73.89324)"
8084,40.73869,-73.94093,"(40.73869, -73.94093)"
8085,40.70153,-73.92314,"(40.70153, -73.92314)"
8086,40.68815,-73.95987,"(40.68815, -73.95987)"
8087,40.76311,-73.962524,"(40.76311, -73.962524)"
8088,40.643745,-73.97009,"(40.643745, -73.97009)"
8089,40.628204,-74.01286,"(40.628204, -74.01286)"
8090,40.813576,-73.92175,"(40.813576, -73.92175)"
8091,40.794132,-73.94281,"(40.794132, -73.94281)"
8092,40.597034,-73.97263,"(40.597034, -73.97263)"
8093,40.80897,-73.94833,"(40.80897, -73.94833)"
8094,40.68502,-73.92181,"(40.68502, -73.92181)"
8095,40.66714,-73.95925,"(40.66714, -73.95925)"
8096,40.83252,-73.8428,"(40.83252, -73.8428)"
8097,40.579174,-74.11483,"(40.579174, -74.11483)"
8098,40.71252,-73.90592,"(40.71252, -73.90592)"
8099,40.68951,-73.948044,"(40.68951, -73.948044)"
8100,40.645664,-74.00974,"(40.645664, -74.00974)"
8101,40.867012,-73.92312,"(40.867012, -73.92312)"
8102,40.66684,-73.78941,"(40.66684, -73.78941)"
8103,40.704388,-73.994576,"(40.704388, -73.994576)"
8104,40.753998,-73.94244,"(40.753998, -73.94244)"
8105,40.760254,-73.83493,"(40.760254, -73.83493)"
8106,40.602272,-73.753365,"(40.602272, -73.753365)"
8107,40.749157,-73.86943,"(40.749157, -73.86943)"
8109,40.73923,-73.9782,"(40.73923, -73.9782)"
8110,40.758823,-73.82977,"(40.758823, -73.82977)"
8111,40.835396,-73.92031,"(40.835396, -73.92031)"
8112,40.743214,-73.95135,"(40.743214, -73.95135)"
8113,40.713924,-73.999565,"(40.713924, -73.999565)"
8114,40.870678,-73.91829,"(40.870678, -73.91829)"
8115,40.648438,-73.87992,"(40.648438, -73.87992)"
8116,40.598354,-73.997536,"(40.598354, -73.997536)"
8118,40.758327,-73.957825,"(40.758327, -73.957825)"
8119,40.83985,-73.852875,"(40.83985, -73.852875)"
8120,40.602806,-74.062874,"(40.602806, -74.062874)"
8121,40.7684,-73.73755,"(40.7684, -73.73755)"
8122,40.845642,-73.90211,"(40.845642, -73.90211)"
8123,40.724495,-73.72469,"(40.724495, -73.72469)"
8124,40.72775,-73.780495,"(40.72775, -73.780495)"
8125,40.714268,-73.812416,"(40.714268, -73.812416)"
8126,40.73329,-73.98719,"(40.73329, -73.98719)"
8127,40.843838,-73.86529,"(40.843838, -73.86529)"
8128,40.86221,-73.89965,"(40.86221, -73.89965)"
8129,40.703823,-73.8088,"(40.703823, -73.8088)"
8130,40.763958,-73.82814,"(40.763958, -73.82814)"
8131,40.67624,-73.866104,"(40.67624, -73.866104)"
8132,40.83265,-73.86366,"(40.83265, -73.86366)"
8133,40.818016,-73.96043,"(40.818016, -73.96043)"
8134,40.724358,-73.742516,"(40.724358, -73.742516)"
8135,40.756615,-73.98831,"(40.756615, -73.98831)"
8136,40.8115,-73.93481,"(40.8115, -73.93481)"
8137,40.576355,-73.99557,"(40.576355, -73.99557)"
8138,40.66743,-73.74474,"(40.66743, -73.74474)"
8140,40.68324,-73.93082,"(40.68324, -73.93082)"
8141,40.750988,-73.99063,"(40.750988, -73.99063)"
8142,40.829453,-73.90658,"(40.829453, -73.90658)"
8143,40.76023,-73.78131,"(40.76023, -73.78131)"
8144,40.6277,-73.92102,"(40.6277, -73.92102)"
8145,40.783844,-73.979996,"(40.783844, -73.979996)"
8147,40.68251,-73.976326,"(40.68251, -73.976326)"
8148,40.75784,-73.755905,"(40.75784, -73.755905)"
8149,40.639435,-74.00546,"(40.639435, -74.00546)"
8150,40.692146,-73.919464,"(40.692146, -73.919464)"
8151,40.667,-73.793945,"(40.667, -73.793945)"
8152,40.635902,-74.0888,"(40.635902, -74.0888)"
8153,40.62725,-74.1519,"(40.62725, -74.1519)"
8154,40.753765,-73.80489,"(40.753765, -73.80489)"
8155,40.70312,-73.96443,"(40.70312, -73.96443)"
8156,40.55163,-74.14804,"(40.55163, -74.14804)"
8157,40.702503,-73.816086,"(40.702503, -73.816086)"
8158,40.835266,-73.91503,"(40.835266, -73.91503)"
8159,40.608757,-74.038086,"(40.608757, -74.038086)"
8160,40.75457,-73.97169,"(40.75457, -73.97169)"
8161,40.59487,-73.95056,"(40.59487, -73.95056)"
8162,40.89608,-73.86692,"(40.89608, -73.86692)"
8163,40.616043,-73.94484,"(40.616043, -73.94484)"
8164,40.59332,-73.77272,"(40.59332, -73.77272)"
8165,40.739902,-73.791275,"(40.739902, -73.791275)"
8166,40.88302,-73.85325,"(40.88302, -73.85325)"
8167,40.75245,-73.85913,"(40.75245, -73.85913)"
8168,40.72135,-74.00465,"(40.72135, -74.00465)"
8169,40.58785,-74.165695,"(40.58785, -74.165695)"
8170,40.655575,-73.926895,"(40.655575, -73.926895)"
8171,40.70299,-73.82519,"(40.70299, -73.82519)"
8172,40.662674,-73.89738,"(40.662674, -73.89738)"
8173,40.895374,-73.86356,"(40.895374, -73.86356)"
8174,40.67591,-73.89492,"(40.67591, -73.89492)"
8175,40.761063,-73.96944,"(40.761063, -73.96944)"
8176,40.84721,-73.93979,"(40.84721, -73.93979)"
8177,40.697556,-73.852776,"(40.697556, -73.852776)"
8178,40.762417,-73.95699,"(40.762417, -73.95699)"
8179,40.707478,-74.00044,"(40.707478, -74.00044)"
8181,40.769844,-73.83656,"(40.769844, -73.83656)"
8182,40.838303,-73.887184,"(40.838303, -73.887184)"
8183,40.646927,-73.88074,"(40.646927, -73.88074)"
8184,40.76111,-73.96165,"(40.76111, -73.96165)"
8185,40.715126,-73.91321,"(40.715126, -73.91321)"
8186,40.82244,-73.8859,"(40.82244, -73.8859)"
8187,40.87831,-73.870155,"(40.87831, -73.870155)"
8188,40.75691,-73.76768,"(40.75691, -73.76768)"
8190,40.680016,-73.87743,"(40.680016, -73.87743)"
8191,40.68892,-73.99915,"(40.68892, -73.99915)"
8193,40.626343,-74.13084,"(40.626343, -74.13084)"
8194,40.758507,-73.83882,"(40.758507, -73.83882)"
8195,40.582367,-73.95806,"(40.582367, -73.95806)"
8196,40.629505,-73.94416,"(40.629505, -73.94416)"
8197,40.741077,-74.001564,"(40.741077, -74.001564)"
8198,40.622105,-73.94498,"(40.622105, -73.94498)"
8199,40.826397,-73.92116,"(40.826397, -73.92116)"
8200,40.706444,-73.926834,"(40.706444, -73.926834)"
8201,40.80786,-73.93182,"(40.80786, -73.93182)"
8202,40.68558,-73.79105,"(40.68558, -73.79105)"
8203,40.760918,-73.830475,"(40.760918, -73.830475)"
8204,40.639854,-73.983505,"(40.639854, -73.983505)"
8205,40.86878,-73.893814,"(40.86878, -73.893814)"
8206,40.664707,-73.92824,"(40.664707, -73.92824)"
8207,40.818558,-73.92732,"(40.818558, -73.92732)"
8208,40.764988,-73.96116,"(40.764988, -73.96116)"
8209,40.71412,-73.99598,"(40.71412, -73.99598)"
8210,40.700726,-73.94194,"(40.700726, -73.94194)"
8211,40.67079,-73.9949,"(40.67079, -73.9949)"
8212,40.667587,-73.77972,"(40.667587, -73.77972)"
8214,40.60715,-73.89837,"(40.60715, -73.89837)"
8215,40.74908,-73.98611,"(40.74908, -73.98611)"
8216,40.673588,-73.73351,"(40.673588, -73.73351)"
8217,40.638596,-73.992,"(40.638596, -73.992)"
8218,40.67567,-73.87008,"(40.67567, -73.87008)"
8219,40.814075,-73.79548,"(40.814075, -73.79548)"
8220,40.865997,-73.89981,"(40.865997, -73.89981)"
8221,40.737885,-73.98091,"(40.737885, -73.98091)"
8222,40.75363,-73.88597,"(40.75363, -73.88597)"
8223,40.515926,-74.19682,"(40.515926, -74.19682)"
8224,40.625084,-74.14846,"(40.625084, -74.14846)"
8225,40.756084,-73.99433,"(40.756084, -73.99433)"
8226,40.827515,-73.853165,"(40.827515, -73.853165)"
8227,40.752598,-73.96702,"(40.752598, -73.96702)"
8228,40.71958,-73.83978,"(40.71958, -73.83978)"
8229,40.608757,-74.038086,"(40.608757, -74.038086)"
8230,40.666878,-73.94522,"(40.666878, -73.94522)"
8231,40.621326,-74.17081,"(40.621326, -74.17081)"
8232,40.843822,-73.91038,"(40.843822, -73.91038)"
8233,40.745056,-73.978615,"(40.745056, -73.978615)"
8234,40.85161,-73.7888,"(40.85161, -73.7888)"
8235,40.759388,-73.88229,"(40.759388, -73.88229)"
8236,40.777855,-73.981964,"(40.777855, -73.981964)"
8237,40.760525,-73.97998,"(40.760525, -73.97998)"
8238,40.66115,-73.98018,"(40.66115, -73.98018)"
8239,40.689777,-73.98139,"(40.689777, -73.98139)"
8240,40.694294,-73.74868,"(40.694294, -73.74868)"
8241,40.75812,-73.98791,"(40.75812, -73.98791)"
8242,40.822773,-73.85845,"(40.822773, -73.85845)"
8243,40.776245,-73.89657,"(40.776245, -73.89657)"
8244,40.693733,-73.990456,"(40.693733, -73.990456)"
8245,40.682587,-74.00017,"(40.682587, -74.00017)"
8246,40.636635,-74.00838,"(40.636635, -74.00838)"
8247,40.87642,-73.86706,"(40.87642, -73.86706)"
8248,40.676266,-73.909706,"(40.676266, -73.909706)"
8249,40.676647,-73.91647,"(40.676647, -73.91647)"
8250,40.637222,-73.9598,"(40.637222, -73.9598)"
8251,40.777687,-73.98235,"(40.777687, -73.98235)"
8252,40.724968,-73.84292,"(40.724968, -73.84292)"
8253,40.81862,-73.85109,"(40.81862, -73.85109)"
8254,40.674557,-73.859604,"(40.674557, -73.859604)"
8255,40.68659,-74.00842,"(40.68659, -74.00842)"
8256,40.61955,-73.9682,"(40.61955, -73.9682)"
8257,40.633488,-74.141495,"(40.633488, -74.141495)"
8258,40.665257,-73.739555,"(40.665257, -73.739555)"
8259,40.60789,-74.13206,"(40.60789, -74.13206)"
8260,40.763496,-73.80734,"(40.763496, -73.80734)"
8261,40.760536,-73.95836,"(40.760536, -73.95836)"
8262,40.764507,-73.88416,"(40.764507, -73.88416)"
8263,40.76727,-73.82905,"(40.76727, -73.82905)"
8264,40.63063,-74.00923,"(40.63063, -74.00923)"
8265,40.69815,-73.79241,"(40.69815, -73.79241)"
8266,40.7633,-73.97268,"(40.7633, -73.97268)"
8267,40.669403,-73.98677,"(40.669403, -73.98677)"
8268,40.61704,-74.00366,"(40.61704, -74.00366)"
8269,40.657482,-73.92141,"(40.657482, -73.92141)"
8270,40.646637,-73.981224,"(40.646637, -73.981224)"
8271,40.828075,-73.840065,"(40.828075, -73.840065)"
8272,40.72364,-73.755775,"(40.72364, -73.755775)"
8274,40.615818,-74.00491,"(40.615818, -74.00491)"
8275,40.679367,-73.931335,"(40.679367, -73.931335)"
8277,40.607555,-74.08711,"(40.607555, -74.08711)"
8279,40.87179,-73.89058,"(40.87179, -73.89058)"
8280,40.583485,-73.9601,"(40.583485, -73.9601)"
8281,40.77233,-73.958725,"(40.77233, -73.958725)"
8283,40.845596,-73.92929,"(40.845596, -73.92929)"
8284,40.58615,-73.93818,"(40.58615, -73.93818)"
8285,40.691666,-73.76239,"(40.691666, -73.76239)"
8286,40.78905,-73.92723,"(40.78905, -73.92723)"
8287,40.667313,-73.73926,"(40.667313, -73.73926)"
8288,40.673073,-73.97325,"(40.673073, -73.97325)"
8290,40.689228,-73.84248,"(40.689228, -73.84248)"
8291,40.71429,-74.011536,"(40.71429, -74.011536)"
8292,40.618282,-74.105194,"(40.618282, -74.105194)"
8293,40.80393,-73.90547,"(40.80393, -73.90547)"
8294,40.71042,-73.85964,"(40.71042, -73.85964)"
8295,40.666122,-73.93139,"(40.666122, -73.93139)"
8296,40.737785,-73.93496,"(40.737785, -73.93496)"
8297,40.68721,-73.91805,"(40.68721, -73.91805)"
8298,40.669876,-73.84741,"(40.669876, -73.84741)"
8299,40.876503,-73.904564,"(40.876503, -73.904564)"
8300,40.76066,-73.82573,"(40.76066, -73.82573)"
8301,40.759575,-73.96803,"(40.759575, -73.96803)"
8302,40.601734,-73.935036,"(40.601734, -73.935036)"
8303,40.820297,-73.854645,"(40.820297, -73.854645)"
8304,40.719597,-73.97791,"(40.719597, -73.97791)"
8305,40.754524,-73.723175,"(40.754524, -73.723175)"
8306,40.618603,-73.93247,"(40.618603, -73.93247)"
8307,40.67175,-73.89685,"(40.67175, -73.89685)"
8308,40.676037,-73.79035,"(40.676037, -73.79035)"
8309,40.72286,-74.01046,"(40.72286, -74.01046)"
8310,40.62418,-73.97048,"(40.62418, -73.97048)"
8311,40.695908,-73.98322,"(40.695908, -73.98322)"
8312,40.812702,-73.93961,"(40.812702, -73.93961)"
8313,40.82531,-73.85056,"(40.82531, -73.85056)"
8314,40.771385,-73.95648,"(40.771385, -73.95648)"
8315,40.64074,-74.081314,"(40.64074, -74.081314)"
8316,40.64912,-73.83737,"(40.64912, -73.83737)"
8317,40.743504,-73.83567,"(40.743504, -73.83567)"
8318,40.644176,-73.912926,"(40.644176, -73.912926)"
8319,40.59756,-73.99839,"(40.59756, -73.99839)"
8320,40.823334,-73.90574,"(40.823334, -73.90574)"
8321,40.70165,-73.99149,"(40.70165, -73.99149)"
8322,40.747833,-73.83301,"(40.747833, -73.83301)"
8323,40.7379,-73.99012,"(40.7379, -73.99012)"
8324,40.65812,-73.934006,"(40.65812, -73.934006)"
8325,40.823635,-73.93095,"(40.823635, -73.93095)"
8326,40.811707,-73.94635,"(40.811707, -73.94635)"
8327,40.688652,-73.84709,"(40.688652, -73.84709)"
8328,40.76321,-73.97857,"(40.76321, -73.97857)"
8329,40.629322,-73.96312,"(40.629322, -73.96312)"
8330,40.703163,-73.81662,"(40.703163, -73.81662)"
8331,40.68306,-73.973785,"(40.68306, -73.973785)"
8332,40.608757,-74.038086,"(40.608757, -74.038086)"
8334,40.767967,-73.96822,"(40.767967, -73.96822)"
8335,40.668415,-73.91042,"(40.668415, -73.91042)"
8336,40.678394,-74.01169,"(40.678394, -74.01169)"
8337,40.74701,-73.860245,"(40.74701, -73.860245)"
8339,40.853813,-73.90734,"(40.853813, -73.90734)"
8340,40.691433,-73.89063,"(40.691433, -73.89063)"
8341,40.821964,-73.93583,"(40.821964, -73.93583)"
8342,40.680267,-73.9747,"(40.680267, -73.9747)"
8343,40.747864,-73.873985,"(40.747864, -73.873985)"
8344,40.844975,-73.91877,"(40.844975, -73.91877)"
8345,40.757637,-73.96342,"(40.757637, -73.96342)"
8346,40.58704,-73.81399,"(40.58704, -73.81399)"
8348,40.582447,-74.08401,"(40.582447, -74.08401)"
8349,40.607464,-74.085144,"(40.607464, -74.085144)"
8350,40.68846,-73.95714,"(40.68846, -73.95714)"
8351,40.714577,-73.943825,"(40.714577, -73.943825)"
8352,40.74608,-73.974945,"(40.74608, -73.974945)"
8353,40.6015,-73.747025,"(40.6015, -73.747025)"
8355,40.59075,-74.08837,"(40.59075, -74.08837)"
8356,40.639996,-74.00488,"(40.639996, -74.00488)"
8357,40.694767,-73.74698,"(40.694767, -73.74698)"
8358,40.733833,-74.00447,"(40.733833, -74.00447)"
8359,40.60266,-74.18408,"(40.60266, -74.18408)"
8360,40.822903,-73.87005,"(40.822903, -73.87005)"
8361,40.808163,-73.92653,"(40.808163, -73.92653)"
8362,40.650166,-73.83764,"(40.650166, -73.83764)"
8363,40.791084,-73.953445,"(40.791084, -73.953445)"
8364,40.65731,-73.764565,"(40.65731, -73.764565)"
8365,40.604313,-74.05208,"(40.604313, -74.05208)"
8366,40.710045,-73.96853,"(40.710045, -73.96853)"
8367,40.70381,-73.93828,"(40.70381, -73.93828)"
8368,40.702488,-73.83101,"(40.702488, -73.83101)"
8369,40.727295,-73.95581,"(40.727295, -73.95581)"
8370,40.743256,-73.718414,"(40.743256, -73.718414)"
8371,40.819016,-73.84804,"(40.819016, -73.84804)"
8372,40.895195,-73.88012,"(40.895195, -73.88012)"
8373,40.7031,-73.859795,"(40.7031, -73.859795)"
8374,40.70136,-73.98286,"(40.70136, -73.98286)"
8375,40.768875,-73.81455,"(40.768875, -73.81455)"
8376,40.70483,-73.88502,"(40.70483, -73.88502)"
8377,40.761234,-73.96389,"(40.761234, -73.96389)"
8378,40.68947,-73.96911,"(40.68947, -73.96911)"
8379,40.711006,-73.729675,"(40.711006, -73.729675)"
8380,40.747223,-73.99144,"(40.747223, -73.99144)"
8381,40.806477,-73.908455,"(40.806477, -73.908455)"
8382,40.828407,-73.84392,"(40.828407, -73.84392)"
8383,40.8396,-73.929474,"(40.8396, -73.929474)"
8384,40.645027,-73.91998,"(40.645027, -73.91998)"
8385,40.81436,-73.887405,"(40.81436, -73.887405)"
8386,40.726658,-73.81152,"(40.726658, -73.81152)"
8387,40.716316,-74.00783,"(40.716316, -74.00783)"
8388,40.73675,-73.87767,"(40.73675, -73.87767)"
8389,40.853706,-73.871864,"(40.853706, -73.871864)"
8390,40.783974,-73.97031,"(40.783974, -73.97031)"
8391,40.719017,-73.79094,"(40.719017, -73.79094)"
8392,40.892128,-73.84719,"(40.892128, -73.84719)"
8393,40.822697,-73.824974,"(40.822697, -73.824974)"
8395,40.84148,-73.88853,"(40.84148, -73.88853)"
8396,40.635056,-73.89109,"(40.635056, -73.89109)"
8397,40.592846,-73.79616,"(40.592846, -73.79616)"
8398,40.576504,-74.1037,"(40.576504, -74.1037)"
8399,40.690014,-73.92399,"(40.690014, -73.92399)"
8400,40.77039,-73.954124,"(40.77039, -73.954124)"
8402,40.79531,-73.93592,"(40.79531, -73.93592)"
8403,40.676403,-73.96287,"(40.676403, -73.96287)"
8404,40.706657,-74.015915,"(40.706657, -74.015915)"
8405,40.759575,-73.96803,"(40.759575, -73.96803)"
8406,40.60307,-74.01667,"(40.60307, -74.01667)"
8407,40.58153,-73.96195,"(40.58153, -73.96195)"
8408,40.75646,-73.98396,"(40.75646, -73.98396)"
8409,40.795403,-73.94188,"(40.795403, -73.94188)"
8410,40.627243,-74.02357,"(40.627243, -74.02357)"
8411,40.602673,-73.89933,"(40.602673, -73.89933)"
8412,40.694214,-73.807884,"(40.694214, -73.807884)"
8413,40.843513,-73.88668,"(40.843513, -73.88668)"
8414,40.716827,-73.99572,"(40.716827, -73.99572)"
8415,40.669456,-73.86284,"(40.669456, -73.86284)"
8416,40.597275,-74.14096,"(40.597275, -74.14096)"
8417,40.742096,-73.86748,"(40.742096, -73.86748)"
8418,40.69456,-73.73827,"(40.69456, -73.73827)"
8419,40.882217,-73.88046,"(40.882217, -73.88046)"
8420,40.660072,-73.93974,"(40.660072, -73.93974)"
8421,40.6323,-73.963135,"(40.6323, -73.963135)"
8422,40.750645,-73.94566,"(40.750645, -73.94566)"
8423,40.870842,-73.88115,"(40.870842, -73.88115)"
8424,40.745426,-74.00825,"(40.745426, -74.00825)"
8425,40.69908,-73.758255,"(40.69908, -73.758255)"
8426,40.742676,-73.839516,"(40.742676, -73.839516)"
8427,40.828407,-73.84392,"(40.828407, -73.84392)"
8428,40.826088,-73.86121,"(40.826088, -73.86121)"
8429,40.88709,-73.87803,"(40.88709, -73.87803)"
8430,40.844242,-73.8232,"(40.844242, -73.8232)"
8432,40.626568,-73.970924,"(40.626568, -73.970924)"
8433,40.757946,-73.78671,"(40.757946, -73.78671)"
8434,40.705273,-73.89634,"(40.705273, -73.89634)"
8435,40.857372,-73.886024,"(40.857372, -73.886024)"
8436,40.725025,-74.005905,"(40.725025, -74.005905)"
8437,40.74807,-73.863335,"(40.74807, -73.863335)"
8438,40.826767,-73.888855,"(40.826767, -73.888855)"
8439,40.75291,-73.90608,"(40.75291, -73.90608)"
8440,40.732925,-74.00007,"(40.732925, -74.00007)"
8441,40.748302,-73.97835,"(40.748302, -73.97835)"
8442,40.886295,-73.847916,"(40.886295, -73.847916)"
8443,40.679268,-73.75005,"(40.679268, -73.75005)"
8445,40.75834,-73.97482,"(40.75834, -73.97482)"
8446,40.67164,-73.95034,"(40.67164, -73.95034)"
8447,40.664192,-73.841125,"(40.664192, -73.841125)"
8448,40.740456,-73.806465,"(40.740456, -73.806465)"
8449,40.74214,-74.00821,"(40.74214, -74.00821)"
8450,40.70184,-73.81564,"(40.70184, -73.81564)"
8451,40.865795,-73.920006,"(40.865795, -73.920006)"
8452,40.708725,-73.790665,"(40.708725, -73.790665)"
8453,40.648182,-73.93001,"(40.648182, -73.93001)"
8454,40.818558,-73.92732,"(40.818558, -73.92732)"
8455,40.77722,-73.97621,"(40.77722, -73.97621)"
8456,40.715157,-74.00212,"(40.715157, -74.00212)"
8457,40.742256,-73.97768,"(40.742256, -73.97768)"
8458,40.72919,-73.98724,"(40.72919, -73.98724)"
8459,40.67891,-73.929665,"(40.67891, -73.929665)"
8460,40.781662,-73.833664,"(40.781662, -73.833664)"
8461,40.70807,-73.94333,"(40.70807, -73.94333)"
8463,40.74504,-73.7345,"(40.74504, -73.7345)"
8464,40.67452,-73.878044,"(40.67452, -73.878044)"
8465,40.59783,-73.965485,"(40.59783, -73.965485)"
8466,40.676758,-73.917404,"(40.676758, -73.917404)"
8467,40.675735,-73.89686,"(40.675735, -73.89686)"
8468,40.714222,-73.81636,"(40.714222, -73.81636)"
8469,40.748646,-73.794815,"(40.748646, -73.794815)"
8470,40.809143,-73.925125,"(40.809143, -73.925125)"
8471,40.858406,-73.89061,"(40.858406, -73.89061)"
8472,40.635166,-73.9138,"(40.635166, -73.9138)"
8473,40.61415,-73.97291,"(40.61415, -73.97291)"
8474,40.669456,-73.86284,"(40.669456, -73.86284)"
8475,40.697716,-73.920494,"(40.697716, -73.920494)"
8476,40.743263,-73.91964,"(40.743263, -73.91964)"
8477,40.67596,-73.90224,"(40.67596, -73.90224)"
8478,40.880527,-73.901794,"(40.880527, -73.901794)"
8479,40.724136,-73.992615,"(40.724136, -73.992615)"
8480,40.772327,-73.94531,"(40.772327, -73.94531)"
8481,40.86536,-73.87043,"(40.86536, -73.87043)"
8482,40.766617,-73.98667,"(40.766617, -73.98667)"
8483,40.766468,-73.81837,"(40.766468, -73.81837)"
8484,40.719624,-73.91132,"(40.719624, -73.91132)"
8485,40.588387,-74.09965,"(40.588387, -74.09965)"
8486,40.574287,-73.98869,"(40.574287, -73.98869)"
8487,40.670937,-73.73544,"(40.670937, -73.73544)"
8488,40.679676,-73.87863,"(40.679676, -73.87863)"
8489,40.697613,-73.98496,"(40.697613, -73.98496)"
8490,40.709827,-73.83983,"(40.709827, -73.83983)"
8491,40.74356,-73.96155,"(40.74356, -73.96155)"
8493,40.804134,-73.93684,"(40.804134, -73.93684)"
8494,40.662216,-73.93047,"(40.662216, -73.93047)"
8495,40.761173,-73.95789,"(40.761173, -73.95789)"
8496,40.69455,-73.74416,"(40.69455, -73.74416)"
8497,40.720707,-73.981316,"(40.720707, -73.981316)"
8498,40.698994,-73.77447,"(40.698994, -73.77447)"
8499,40.873013,-73.81873,"(40.873013, -73.81873)"
8500,40.708076,-73.79257,"(40.708076, -73.79257)"
8501,40.669228,-73.9556,"(40.669228, -73.9556)"
8502,40.73594,-73.85887,"(40.73594, -73.85887)"
8503,40.5545,-74.21778,"(40.5545, -74.21778)"
8504,40.840424,-73.92239,"(40.840424, -73.92239)"
8505,40.73656,-74.0011,"(40.73656, -74.0011)"
8506,40.830345,-73.92328,"(40.830345, -73.92328)"
8507,40.617092,-73.97752,"(40.617092, -73.97752)"
8508,40.698765,-73.82454,"(40.698765, -73.82454)"
8509,40.70382,-73.72995,"(40.70382, -73.72995)"
8510,40.80532,-73.920876,"(40.80532, -73.920876)"
8511,40.89466,-73.86137,"(40.89466, -73.86137)"
8512,40.83543,-73.92341,"(40.83543, -73.92341)"
8513,40.635983,-74.037254,"(40.635983, -74.037254)"
8514,40.519127,-74.19714,"(40.519127, -74.19714)"
8515,40.87647,-73.87058,"(40.87647, -73.87058)"
8516,40.710587,-74.00988,"(40.710587, -74.00988)"
8517,40.825573,-73.918465,"(40.825573, -73.918465)"
8518,40.764053,-73.99225,"(40.764053, -73.99225)"
8519,40.83806,-73.94665,"(40.83806, -73.94665)"
8520,40.60679,-73.97151,"(40.60679, -73.97151)"
8521,40.807808,-73.92384,"(40.807808, -73.92384)"
8522,40.68085,-73.97746,"(40.68085, -73.97746)"
8523,40.758507,-73.83882,"(40.758507, -73.83882)"
8524,40.853233,-73.89175,"(40.853233, -73.89175)"
8525,40.750645,-73.94566,"(40.750645, -73.94566)"
8526,40.73046,-73.83374,"(40.73046, -73.83374)"
8527,40.84153,-73.87239,"(40.84153, -73.87239)"
8528,40.622963,-74.01184,"(40.622963, -74.01184)"
8529,40.681503,-73.904106,"(40.681503, -73.904106)"
8530,40.71664,-73.97561,"(40.71664, -73.97561)"
8531,40.667156,-73.9101,"(40.667156, -73.9101)"
8532,40.71918,-73.99029,"(40.71918, -73.99029)"
8533,40.842266,-73.88476,"(40.842266, -73.88476)"
8534,40.800537,-73.94836,"(40.800537, -73.94836)"
8535,40.85366,-73.86774,"(40.85366, -73.86774)"
8537,40.845238,-73.900894,"(40.845238, -73.900894)"
8538,40.5777,-74.117584,"(40.5777, -74.117584)"
8539,40.885086,-73.85194,"(40.885086, -73.85194)"
8540,40.738068,-73.93111,"(40.738068, -73.93111)"
8541,40.628414,-73.94139,"(40.628414, -73.94139)"
8542,40.66022,-73.74948,"(40.66022, -73.74948)"
8543,40.695034,-73.99517,"(40.695034, -73.99517)"
8544,40.709225,-73.843155,"(40.709225, -73.843155)"
8545,40.858673,-73.899216,"(40.858673, -73.899216)"
8546,40.86155,-73.92472,"(40.86155, -73.92472)"
8547,40.645027,-73.91998,"(40.645027, -73.91998)"
8548,40.620117,-73.93419,"(40.620117, -73.93419)"
8549,40.521477,-74.23508,"(40.521477, -74.23508)"
8551,40.616264,-73.9998,"(40.616264, -73.9998)"
8552,40.718197,-73.98714,"(40.718197, -73.98714)"
8553,40.725235,-73.90653,"(40.725235, -73.90653)"
8554,40.6101,-74.11668,"(40.6101, -74.11668)"
8555,40.604618,-74.162384,"(40.604618, -74.162384)"
8556,40.509674,-74.247475,"(40.509674, -74.247475)"
8557,40.737328,-73.99266,"(40.737328, -73.99266)"
8558,40.753006,-73.8326,"(40.753006, -73.8326)"
8559,40.764896,-73.97256,"(40.764896, -73.97256)"
8560,40.84211,-73.82557,"(40.84211, -73.82557)"
8562,40.826397,-73.92116,"(40.826397, -73.92116)"
8563,40.747272,-73.96673,"(40.747272, -73.96673)"
8564,40.54276,-74.14915,"(40.54276, -74.14915)"
8565,40.732136,-73.919014,"(40.732136, -73.919014)"
8566,40.800343,-73.9142,"(40.800343, -73.9142)"
8567,40.743973,-73.8851,"(40.743973, -73.8851)"
8568,40.80734,-73.93659,"(40.80734, -73.93659)"
8569,40.807316,-73.93741,"(40.807316, -73.93741)"
8570,40.72679,-73.87182,"(40.72679, -73.87182)"
8572,40.708168,-73.95067,"(40.708168, -73.95067)"
8573,40.76095,-73.832756,"(40.76095, -73.832756)"
8574,40.733746,-73.94296,"(40.733746, -73.94296)"
8575,40.76547,-73.97005,"(40.76547, -73.97005)"
8576,40.715828,-74.01539,"(40.715828, -74.01539)"
8577,40.665142,-73.88557,"(40.665142, -73.88557)"
8578,40.812798,-73.921906,"(40.812798, -73.921906)"
8580,40.60455,-73.9691,"(40.60455, -73.9691)"
8581,40.76222,-73.97875,"(40.76222, -73.97875)"
8582,40.664875,-73.882416,"(40.664875, -73.882416)"
8583,40.632572,-73.99109,"(40.632572, -73.99109)"
8584,40.752342,-73.99179,"(40.752342, -73.99179)"
8585,40.634354,-73.94202,"(40.634354, -73.94202)"
8586,40.716434,-74.00917,"(40.716434, -74.00917)"
8587,40.875195,-73.888565,"(40.875195, -73.888565)"
8588,40.70324,-73.91439,"(40.70324, -73.91439)"
8589,40.826855,-73.922676,"(40.826855, -73.922676)"
8590,40.686497,-73.838165,"(40.686497, -73.838165)"
8591,40.743458,-73.89893,"(40.743458, -73.89893)"
8592,40.673542,-73.86668,"(40.673542, -73.86668)"
8593,40.71712,-73.995544,"(40.71712, -73.995544)"
8594,40.869995,-73.86337,"(40.869995, -73.86337)"
8595,40.659485,-73.918304,"(40.659485, -73.918304)"
8596,40.681858,-73.87853,"(40.681858, -73.87853)"
8597,40.861874,-73.84332,"(40.861874, -73.84332)"
8598,40.75895,-73.96849,"(40.75895, -73.96849)"
8599,40.7152,-73.77847,"(40.7152, -73.77847)"
8600,40.631016,-73.9185,"(40.631016, -73.9185)"
8601,40.680225,-74.00481,"(40.680225, -74.00481)"
8602,40.675507,-74.00075,"(40.675507, -74.00075)"
8603,40.769283,-73.82445,"(40.769283, -73.82445)"
8605,40.660652,-73.76896,"(40.660652, -73.76896)"
8606,40.58036,-73.96761,"(40.58036, -73.96761)"
8607,40.762394,-73.97861,"(40.762394, -73.97861)"
8608,40.840225,-73.91769,"(40.840225, -73.91769)"
8609,40.883884,-73.86263,"(40.883884, -73.86263)"
8611,40.678276,-73.910805,"(40.678276, -73.910805)"
8612,40.694794,-73.98246,"(40.694794, -73.98246)"
8613,40.819157,-73.96038,"(40.819157, -73.96038)"
8614,40.703342,-73.80021,"(40.703342, -73.80021)"
8615,40.71808,-73.94781,"(40.71808, -73.94781)"
8616,40.70274,-73.79842,"(40.70274, -73.79842)"
8617,40.84764,-73.901,"(40.84764, -73.901)"
8618,40.833755,-73.87407,"(40.833755, -73.87407)"
8619,40.81655,-73.91955,"(40.81655, -73.91955)"
8620,40.644073,-74.077774,"(40.644073, -74.077774)"
8621,40.68449,-73.85196,"(40.68449, -73.85196)"
8622,40.536613,-74.21894,"(40.536613, -74.21894)"
8623,40.63415,-74.02964,"(40.63415, -74.02964)"
8624,40.840843,-73.84125,"(40.840843, -73.84125)"
8625,40.761776,-73.96965,"(40.761776, -73.96965)"
8626,40.65082,-73.87055,"(40.65082, -73.87055)"
8627,40.715836,-73.9949,"(40.715836, -73.9949)"
8628,40.807343,-73.942406,"(40.807343, -73.942406)"
8629,40.883125,-73.825195,"(40.883125, -73.825195)"
8630,40.727287,-74.00064,"(40.727287, -74.00064)"
8631,40.634045,-73.98597,"(40.634045, -73.98597)"
8632,40.84214,-73.83198,"(40.84214, -73.83198)"
8633,40.79166,-73.96469,"(40.79166, -73.96469)"
8634,40.545757,-74.178894,"(40.545757, -74.178894)"
8635,40.663727,-73.95386,"(40.663727, -73.95386)"
8636,40.854393,-73.83503,"(40.854393, -73.83503)"
8637,40.67942,-73.96823,"(40.67942, -73.96823)"
8638,40.674313,-73.7357,"(40.674313, -73.7357)"
8639,40.720505,-73.99684,"(40.720505, -73.99684)"
8640,40.76229,-73.986115,"(40.76229, -73.986115)"
8641,40.683006,-73.855156,"(40.683006, -73.855156)"
8642,40.759678,-73.97216,"(40.759678, -73.97216)"
8643,40.822613,-73.90269,"(40.822613, -73.90269)"
8644,40.767117,-73.956505,"(40.767117, -73.956505)"
8645,40.69922,-73.98687,"(40.69922, -73.98687)"
8646,40.714993,-73.99887,"(40.714993, -73.99887)"
8647,40.715286,-73.90136,"(40.715286, -73.90136)"
8648,40.8141,-73.93283,"(40.8141, -73.93283)"
8649,40.700245,-73.91148,"(40.700245, -73.91148)"
8650,40.643776,-74.008125,"(40.643776, -74.008125)"
8651,40.61277,-73.993355,"(40.61277, -73.993355)"
8652,40.768776,-73.792465,"(40.768776, -73.792465)"
8653,40.61879,-73.99426,"(40.61879, -73.99426)"
8654,40.818558,-73.92732,"(40.818558, -73.92732)"
8656,40.759575,-73.96803,"(40.759575, -73.96803)"
8657,40.769867,-73.90835,"(40.769867, -73.90835)"
8658,40.706566,-73.9576,"(40.706566, -73.9576)"
8659,40.89091,-73.887215,"(40.89091, -73.887215)"
8660,40.866314,-73.9186,"(40.866314, -73.9186)"
8661,40.69168,-73.99965,"(40.69168, -73.99965)"
8662,40.595364,-74.09723,"(40.595364, -74.09723)"
8663,40.57862,-74.10168,"(40.57862, -74.10168)"
8665,40.767838,-73.98137,"(40.767838, -73.98137)"
8666,40.79347,-73.803825,"(40.79347, -73.803825)"
8667,40.768593,-73.98522,"(40.768593, -73.98522)"
8669,40.583565,-73.98759,"(40.583565, -73.98759)"
8670,40.66434,-73.93155,"(40.66434, -73.93155)"
8671,40.86369,-73.91707,"(40.86369, -73.91707)"
8672,40.752502,-73.98254,"(40.752502, -73.98254)"
8673,40.86396,-73.89344,"(40.86396, -73.89344)"
8674,40.60846,-74.012596,"(40.60846, -74.012596)"
8675,40.78722,-73.952065,"(40.78722, -73.952065)"
8676,40.68074,-73.76963,"(40.68074, -73.76963)"
8677,40.678288,-73.921715,"(40.678288, -73.921715)"
8678,40.695858,-73.81891,"(40.695858, -73.81891)"
8681,40.835297,-73.91291,"(40.835297, -73.91291)"
8682,40.695004,-73.9525,"(40.695004, -73.9525)"
8683,40.77164,-73.871445,"(40.77164, -73.871445)"
8684,40.73731,-74.005745,"(40.73731, -74.005745)"
8685,40.746204,-73.97718,"(40.746204, -73.97718)"
8686,40.723305,-74.00299,"(40.723305, -74.00299)"
8687,40.805557,-73.912415,"(40.805557, -73.912415)"
8688,40.680473,-73.9614,"(40.680473, -73.9614)"
8689,40.69116,-73.93369,"(40.69116, -73.93369)"
8690,40.719852,-73.94442,"(40.719852, -73.94442)"
8691,40.60373,-73.9968,"(40.60373, -73.9968)"
8692,40.765873,-73.8089,"(40.765873, -73.8089)"
8693,40.744026,-73.92616,"(40.744026, -73.92616)"
8694,40.773335,-73.95506,"(40.773335, -73.95506)"
8695,40.777016,-73.79336,"(40.777016, -73.79336)"
8696,40.848145,-73.8944,"(40.848145, -73.8944)"
8697,40.837894,-73.88138,"(40.837894, -73.88138)"
8698,40.762417,-73.95699,"(40.762417, -73.95699)"
8700,40.765377,-73.74396,"(40.765377, -73.74396)"
8701,40.848392,-73.937675,"(40.848392, -73.937675)"
8702,40.608433,-74.15544,"(40.608433, -74.15544)"
8703,40.578392,-73.93888,"(40.578392, -73.93888)"
8704,40.609886,-73.98556,"(40.609886, -73.98556)"
8705,40.74456,-73.95598,"(40.74456, -73.95598)"
8706,40.6884,-73.95118,"(40.6884, -73.95118)"
8707,40.73205,-73.880875,"(40.73205, -73.880875)"
8708,40.814823,-73.90953,"(40.814823, -73.90953)"
8709,40.80417,-73.966705,"(40.80417, -73.966705)"
8710,40.750656,-73.99088,"(40.750656, -73.99088)"
8711,40.684555,-73.98289,"(40.684555, -73.98289)"
8713,40.75999,-73.751945,"(40.75999, -73.751945)"
8714,40.6924,-73.8339,"(40.6924, -73.8339)"
8715,40.67753,-73.73085,"(40.67753, -73.73085)"
8716,40.63993,-74.08195,"(40.63993, -74.08195)"
8717,40.659008,-73.94527,"(40.659008, -73.94527)"
8718,40.74456,-73.93076,"(40.74456, -73.93076)"
8719,40.67777,-73.863914,"(40.67777, -73.863914)"
8720,40.71153,-73.85293,"(40.71153, -73.85293)"
8721,40.59703,-74.09337,"(40.59703, -74.09337)"
8722,40.56062,-74.17494,"(40.56062, -74.17494)"
8723,40.731625,-74.005714,"(40.731625, -74.005714)"
8724,40.651573,-73.97237,"(40.651573, -73.97237)"
8725,40.67115,-73.93089,"(40.67115, -73.93089)"
8726,40.68899,-73.94503,"(40.68899, -73.94503)"
8727,40.776237,-73.95587,"(40.776237, -73.95587)"
8728,40.72177,-74.00527,"(40.72177, -74.00527)"
8729,40.7172,-73.95843,"(40.7172, -73.95843)"
8730,40.868458,-73.8214,"(40.868458, -73.8214)"
8731,40.696033,-73.98453,"(40.696033, -73.98453)"
8732,40.73873,-73.81428,"(40.73873, -73.81428)"
8733,40.705765,-73.896576,"(40.705765, -73.896576)"
8734,40.750732,-73.87312,"(40.750732, -73.87312)"
8735,40.596695,-74.08556,"(40.596695, -74.08556)"
8736,40.696484,-73.81275,"(40.696484, -73.81275)"
8737,40.64138,-73.969406,"(40.64138, -73.969406)"
8739,40.856537,-73.87257,"(40.856537, -73.87257)"
8740,40.895805,-73.84289,"(40.895805, -73.84289)"
8741,40.585144,-73.98936,"(40.585144, -73.98936)"
8744,40.713985,-73.73812,"(40.713985, -73.73812)"
8745,40.707703,-73.903564,"(40.707703, -73.903564)"
8746,40.726463,-73.85943,"(40.726463, -73.85943)"
8747,40.7661,-73.8277,"(40.7661, -73.8277)"
8748,40.61642,-73.97445,"(40.61642, -73.97445)"
8749,40.69317,-73.96845,"(40.69317, -73.96845)"
8750,40.760185,-73.9147,"(40.760185, -73.9147)"
8751,40.717674,-73.81713,"(40.717674, -73.81713)"
8752,40.823647,-73.943855,"(40.823647, -73.943855)"
8753,40.700737,-73.99499,"(40.700737, -73.99499)"
8754,40.85282,-73.93975,"(40.85282, -73.93975)"
8755,40.686646,-73.97982,"(40.686646, -73.97982)"
8756,40.69075,-73.90821,"(40.69075, -73.90821)"
8758,40.66406,-73.89869,"(40.66406, -73.89869)"
8759,40.60805,-74.15736,"(40.60805, -74.15736)"
8760,40.679657,-73.936226,"(40.679657, -73.936226)"
8761,40.850636,-73.89394,"(40.850636, -73.89394)"
8762,40.75291,-73.90608,"(40.75291, -73.90608)"
8763,40.762978,-73.83198,"(40.762978, -73.83198)"
8764,40.82664,-73.94306,"(40.82664, -73.94306)"
8765,40.800793,-73.93492,"(40.800793, -73.93492)"
8766,40.814186,-73.95087,"(40.814186, -73.95087)"
8767,40.798256,-73.92402,"(40.798256, -73.92402)"
8768,40.625546,-73.93998,"(40.625546, -73.93998)"
8769,40.59183,-74.10098,"(40.59183, -74.10098)"
8770,40.74641,-73.95032,"(40.74641, -73.95032)"
8771,40.725697,-73.810684,"(40.725697, -73.810684)"
8772,40.77606,-73.98351,"(40.77606, -73.98351)"
8773,40.58584,-73.93788,"(40.58584, -73.93788)"
8775,40.717014,-73.82971,"(40.717014, -73.82971)"
8776,40.867878,-73.89944,"(40.867878, -73.89944)"
8777,40.743156,-73.97213,"(40.743156, -73.97213)"
8778,40.687977,-73.954834,"(40.687977, -73.954834)"
8779,40.68425,-73.86257,"(40.68425, -73.86257)"
8780,40.749603,-73.97951,"(40.749603, -73.97951)"
8781,40.73809,-73.904594,"(40.73809, -73.904594)"
8782,40.81914,-73.93719,"(40.81914, -73.93719)"
8783,40.668663,-73.962006,"(40.668663, -73.962006)"
8784,40.59976,-73.903336,"(40.59976, -73.903336)"
8785,40.753887,-73.99348,"(40.753887, -73.99348)"
8786,40.716793,-73.92155,"(40.716793, -73.92155)"
8787,40.76447,-73.79113,"(40.76447, -73.79113)"
8788,40.843063,-73.8864,"(40.843063, -73.8864)"
8789,40.72595,-73.72148,"(40.72595, -73.72148)"
8791,40.675236,-73.97106,"(40.675236, -73.97106)"
8792,40.616043,-73.94484,"(40.616043, -73.94484)"
8793,40.767612,-73.950005,"(40.767612, -73.950005)"
8794,40.632168,-74.02453,"(40.632168, -74.02453)"
8795,40.804497,-73.91296,"(40.804497, -73.91296)"
8797,40.799168,-73.942894,"(40.799168, -73.942894)"
8798,40.85315,-73.90561,"(40.85315, -73.90561)"
8799,40.857365,-73.84657,"(40.857365, -73.84657)"
8800,40.757847,-73.91661,"(40.757847, -73.91661)"
8802,40.624203,-74.177124,"(40.624203, -74.177124)"
8803,40.84434,-73.91475,"(40.84434, -73.91475)"
8804,40.633137,-73.9905,"(40.633137, -73.9905)"
8805,40.591736,-73.79137,"(40.591736, -73.79137)"
8806,40.679737,-73.76162,"(40.679737, -73.76162)"
8807,40.7499,-73.80448,"(40.7499, -73.80448)"
8808,40.62707,-74.14601,"(40.62707, -74.14601)"
8809,40.620686,-74.11002,"(40.620686, -74.11002)"
8810,40.604313,-74.05208,"(40.604313, -74.05208)"
8811,40.76552,-73.98004,"(40.76552, -73.98004)"
8812,40.60739,-73.943214,"(40.60739, -73.943214)"
8813,40.630806,-73.92331,"(40.630806, -73.92331)"
8814,40.772655,-73.95556,"(40.772655, -73.95556)"
8815,40.824837,-73.87053,"(40.824837, -73.87053)"
8816,40.751793,-73.97688,"(40.751793, -73.97688)"
8817,40.628185,-74.14792,"(40.628185, -74.14792)"
8818,40.805016,-73.92109,"(40.805016, -73.92109)"
8819,40.758705,-73.93793,"(40.758705, -73.93793)"
8820,40.70992,-73.9623,"(40.70992, -73.9623)"
8821,40.86697,-73.837326,"(40.86697, -73.837326)"
8822,40.71335,-73.90381,"(40.71335, -73.90381)"
8823,40.848377,-73.860725,"(40.848377, -73.860725)"
8824,40.676945,-73.991875,"(40.676945, -73.991875)"
8825,40.810318,-73.943634,"(40.810318, -73.943634)"
8826,40.868206,-73.91201,"(40.868206, -73.91201)"
8827,40.85533,-73.87266,"(40.85533, -73.87266)"
8829,40.735943,-73.99964,"(40.735943, -73.99964)"
8830,40.697243,-73.813324,"(40.697243, -73.813324)"
8831,40.844234,-73.92363,"(40.844234, -73.92363)"
8832,40.803417,-73.93517,"(40.803417, -73.93517)"
8833,40.7252,-73.98706,"(40.7252, -73.98706)"
8834,40.609768,-74.06969,"(40.609768, -74.06969)"
8835,40.636574,-74.019196,"(40.636574, -74.019196)"
8836,40.804993,-73.934875,"(40.804993, -73.934875)"
8837,40.670544,-73.97191,"(40.670544, -73.97191)"
8838,40.67723,-73.89702,"(40.67723, -73.89702)"
8839,40.790905,-73.93914,"(40.790905, -73.93914)"
8840,40.61861,-74.09108,"(40.61861, -74.09108)"
8841,40.620663,-74.167145,"(40.620663, -74.167145)"
8842,40.65114,-73.89,"(40.65114, -73.89)"
8843,40.704006,-73.7668,"(40.704006, -73.7668)"
8844,40.705006,-73.9249,"(40.705006, -73.9249)"
8845,40.74327,-73.961464,"(40.74327, -73.961464)"
8846,40.72168,-73.94065,"(40.72168, -73.94065)"
8847,40.678112,-73.90784,"(40.678112, -73.90784)"
8848,40.863113,-73.86245,"(40.863113, -73.86245)"
8849,40.678543,-73.949684,"(40.678543, -73.949684)"
8850,40.608364,-74.038666,"(40.608364, -74.038666)"
8851,40.72695,-73.73009,"(40.72695, -73.73009)"
8852,40.74693,-73.84866,"(40.74693, -73.84866)"
8853,40.61212,-73.98323,"(40.61212, -73.98323)"
8854,40.632393,-73.9953,"(40.632393, -73.9953)"
8855,40.68333,-73.95612,"(40.68333, -73.95612)"
8856,40.689133,-73.91749,"(40.689133, -73.91749)"
8857,40.759037,-73.8879,"(40.759037, -73.8879)"
8858,40.87044,-73.83101,"(40.87044, -73.83101)"
8859,40.61054,-74.103455,"(40.61054, -74.103455)"
8860,40.85214,-73.92071,"(40.85214, -73.92071)"
8861,40.759205,-73.98464,"(40.759205, -73.98464)"
8862,40.647034,-73.94529,"(40.647034, -73.94529)"
8863,40.773655,-73.97783,"(40.773655, -73.97783)"
8864,40.68942,-73.92197,"(40.68942, -73.92197)"
8865,40.679367,-73.931335,"(40.679367, -73.931335)"
8866,40.738728,-73.812164,"(40.738728, -73.812164)"
8868,40.58786,-73.95527,"(40.58786, -73.95527)"
8869,40.599144,-73.95356,"(40.599144, -73.95356)"
8870,40.787685,-73.97502,"(40.787685, -73.97502)"
8871,40.638382,-73.98863,"(40.638382, -73.98863)"
8872,40.71289,-73.942406,"(40.71289, -73.942406)"
8873,40.695057,-73.929794,"(40.695057, -73.929794)"
8874,40.634396,-73.982025,"(40.634396, -73.982025)"
8875,40.84247,-73.85335,"(40.84247, -73.85335)"
8876,40.646027,-73.955345,"(40.646027, -73.955345)"
8877,40.816044,-73.91195,"(40.816044, -73.91195)"
8878,40.59159,-74.0813,"(40.59159, -74.0813)"
8879,40.866573,-73.83876,"(40.866573, -73.83876)"
8880,40.7252,-73.98706,"(40.7252, -73.98706)"
8881,40.826057,-73.89722,"(40.826057, -73.89722)"
8882,40.75333,-73.70682,"(40.75333, -73.70682)"
8883,40.675735,-73.89686,"(40.675735, -73.89686)"
8884,40.75519,-73.88896,"(40.75519, -73.88896)"
8885,40.705635,-73.9651,"(40.705635, -73.9651)"
8886,40.663353,-73.87464,"(40.663353, -73.87464)"
8887,40.701874,-73.82195,"(40.701874, -73.82195)"
8888,40.690468,-73.9879,"(40.690468, -73.9879)"
8889,40.74026,-73.867325,"(40.74026, -73.867325)"
8890,40.712345,-73.939125,"(40.712345, -73.939125)"
8891,40.615772,-73.98308,"(40.615772, -73.98308)"
8892,40.6553,-73.90318,"(40.6553, -73.90318)"
8893,40.704422,-73.99491,"(40.704422, -73.99491)"
8894,40.76531,-73.99134,"(40.76531, -73.99134)"
8895,40.62334,-73.95595,"(40.62334, -73.95595)"
8896,40.66696,-73.77078,"(40.66696, -73.77078)"
8897,40.71894,-73.95654,"(40.71894, -73.95654)"
8898,40.799984,-73.94275,"(40.799984, -73.94275)"
8899,40.69572,-73.75377,"(40.69572, -73.75377)"
8900,40.709805,-73.76882,"(40.709805, -73.76882)"
8901,40.87294,-73.88534,"(40.87294, -73.88534)"
8902,40.602894,-73.9404,"(40.602894, -73.9404)"
8903,40.844524,-73.902725,"(40.844524, -73.902725)"
8904,40.75144,-73.97397,"(40.75144, -73.97397)"
8906,40.585346,-73.98754,"(40.585346, -73.98754)"
8907,40.749714,-73.93617,"(40.749714, -73.93617)"
8908,40.724556,-73.84688,"(40.724556, -73.84688)"
8910,40.62156,-74.16849,"(40.62156, -74.16849)"
8911,40.766705,-73.89024,"(40.766705, -73.89024)"
8912,40.723335,-73.93888,"(40.723335, -73.93888)"
8913,40.76534,-73.894394,"(40.76534, -73.894394)"
8914,40.848118,-73.93089,"(40.848118, -73.93089)"
8915,40.707684,-73.96275,"(40.707684, -73.96275)"
8916,40.696663,-73.98085,"(40.696663, -73.98085)"
8917,40.606133,-74.115685,"(40.606133, -74.115685)"
8918,40.760048,-73.92806,"(40.760048, -73.92806)"
8919,40.751747,-73.99007,"(40.751747, -73.99007)"
8920,40.85214,-73.92071,"(40.85214, -73.92071)"
8921,40.73629,-73.982086,"(40.73629, -73.982086)"
8922,40.608757,-74.038086,"(40.608757, -74.038086)"
8923,40.764614,-73.95833,"(40.764614, -73.95833)"
8924,40.61427,-74.156654,"(40.61427, -74.156654)"
8925,40.673103,-73.92793,"(40.673103, -73.92793)"
8926,40.757355,-73.73887,"(40.757355, -73.73887)"
8927,40.681488,-73.90534,"(40.681488, -73.90534)"
8928,40.74473,-73.93359,"(40.74473, -73.93359)"
8929,40.748306,-73.87104,"(40.748306, -73.87104)"
8930,40.62368,-73.99772,"(40.62368, -73.99772)"
8931,40.681656,-73.76238,"(40.681656, -73.76238)"
8932,40.642563,-74.08653,"(40.642563, -74.08653)"
8933,40.76182,-73.986465,"(40.76182, -73.986465)"
8934,40.77936,-73.97737,"(40.77936, -73.97737)"
8935,40.55725,-74.16715,"(40.55725, -74.16715)"
8936,40.650944,-73.905975,"(40.650944, -73.905975)"
8937,40.78404,-73.94663,"(40.78404, -73.94663)"
8938,40.679913,-74.00226,"(40.679913, -74.00226)"
8939,40.83312,-73.912155,"(40.83312, -73.912155)"
8940,40.735424,-73.84466,"(40.735424, -73.84466)"
8941,40.86067,-73.90681,"(40.86067, -73.90681)"
8942,40.773224,-73.946014,"(40.773224, -73.946014)"
8943,40.681572,-73.92579,"(40.681572, -73.92579)"
8944,40.74999,-73.94919,"(40.74999, -73.94919)"
8945,40.768806,-73.900345,"(40.768806, -73.900345)"
8946,40.635365,-73.92571,"(40.635365, -73.92571)"
8947,40.838875,-73.90266,"(40.838875, -73.90266)"
8948,40.663517,-73.957214,"(40.663517, -73.957214)"
8949,40.899815,-73.85781,"(40.899815, -73.85781)"
8950,40.826275,-73.85971,"(40.826275, -73.85971)"
8951,40.66913,-73.917435,"(40.66913, -73.917435)"
8952,40.687187,-73.92907,"(40.687187, -73.92907)"
8953,40.798256,-73.82744,"(40.798256, -73.82744)"
8954,40.84944,-73.906006,"(40.84944, -73.906006)"
8955,40.7079,-73.99901,"(40.7079, -73.99901)"
8956,40.714207,-73.92817,"(40.714207, -73.92817)"
8957,40.808006,-73.91434,"(40.808006, -73.91434)"
8959,40.72616,-73.90012,"(40.72616, -73.90012)"
8960,40.765224,-73.9317,"(40.765224, -73.9317)"
8961,40.724773,-73.89625,"(40.724773, -73.89625)"
8962,40.66747,-73.9396,"(40.66747, -73.9396)"
8963,40.704422,-73.99491,"(40.704422, -73.99491)"
8964,40.710327,-74.00268,"(40.710327, -74.00268)"
8965,40.861862,-73.91282,"(40.861862, -73.91282)"
8966,40.770527,-73.92731,"(40.770527, -73.92731)"
8967,40.787224,-73.95417,"(40.787224, -73.95417)"
8968,40.774612,-73.92399,"(40.774612, -73.92399)"
8969,40.857384,-73.882034,"(40.857384, -73.882034)"
8970,40.666332,-73.81056,"(40.666332, -73.81056)"
8971,40.902565,-73.842125,"(40.902565, -73.842125)"
8972,40.653065,-73.88979,"(40.653065, -73.88979)"
8973,40.657246,-73.91243,"(40.657246, -73.91243)"
8974,40.826523,-73.93116,"(40.826523, -73.93116)"
8975,40.785984,-73.98302,"(40.785984, -73.98302)"
8976,40.75592,-73.90251,"(40.75592, -73.90251)"
8977,40.68336,-74.00597,"(40.68336, -74.00597)"
8978,40.732864,-73.76371,"(40.732864, -73.76371)"
8979,40.76249,-73.839584,"(40.76249, -73.839584)"
8980,40.737694,-73.9924,"(40.737694, -73.9924)"
8981,40.712486,-73.81744,"(40.712486, -73.81744)"
8982,40.77437,-73.963554,"(40.77437, -73.963554)"
8983,40.71474,-73.88698,"(40.71474, -73.88698)"
8984,40.614212,-73.92011,"(40.614212, -73.92011)"
8985,40.78722,-73.96793,"(40.78722, -73.96793)"
8986,40.8995,-73.857,"(40.8995, -73.857)"
8987,40.60783,-74.1465,"(40.60783, -74.1465)"
8988,40.83335,-73.93524,"(40.83335, -73.93524)"
8989,40.79398,-73.97229,"(40.79398, -73.97229)"
8990,40.71471,-73.75471,"(40.71471, -73.75471)"
8991,40.729034,-73.74387,"(40.729034, -73.74387)"
8992,40.668728,-73.93,"(40.668728, -73.93)"
8993,40.848,-73.89243,"(40.848, -73.89243)"
8994,40.69365,-73.98333,"(40.69365, -73.98333)"
8995,40.766167,-73.954254,"(40.766167, -73.954254)"
8996,40.71669,-73.76283,"(40.71669, -73.76283)"
8997,40.679813,-73.830734,"(40.679813, -73.830734)"
8998,40.709503,-74.00167,"(40.709503, -74.00167)"
8999,40.844105,-73.898,"(40.844105, -73.898)"
9000,40.710117,-73.81894,"(40.710117, -73.81894)"
9001,40.66803,-73.983955,"(40.66803, -73.983955)"
9002,40.577995,-73.95964,"(40.577995, -73.95964)"
9003,40.75814,-73.816536,"(40.75814, -73.816536)"
9004,40.86038,-73.88889,"(40.86038, -73.88889)"
9005,40.602066,-73.75773,"(40.602066, -73.75773)"
9006,40.59889,-73.99337,"(40.59889, -73.99337)"
9007,40.627285,-73.99907,"(40.627285, -73.99907)"
9008,40.587566,-73.811264,"(40.587566, -73.811264)"
9009,40.757233,-73.9898,"(40.757233, -73.9898)"
9010,40.809708,-73.94607,"(40.809708, -73.94607)"
9011,40.78716,-73.81048,"(40.78716, -73.81048)"
9012,40.68306,-73.973785,"(40.68306, -73.973785)"
9013,40.73093,-73.864586,"(40.73093, -73.864586)"
9014,40.753513,-73.99074,"(40.753513, -73.99074)"
9015,40.713486,-73.941475,"(40.713486, -73.941475)"
9016,40.6704,-73.876076,"(40.6704, -73.876076)"
9017,40.892235,-73.88481,"(40.892235, -73.88481)"
9018,40.72772,-73.84914,"(40.72772, -73.84914)"
9019,40.609707,-74.011284,"(40.609707, -74.011284)"
9020,40.72773,-73.90674,"(40.72773, -73.90674)"
9021,40.60566,-73.966965,"(40.60566, -73.966965)"
9022,40.669113,-73.95336,"(40.669113, -73.95336)"
9023,40.698433,-73.808556,"(40.698433, -73.808556)"
9024,40.700592,-73.950294,"(40.700592, -73.950294)"
9025,40.69357,-73.81053,"(40.69357, -73.81053)"
9026,40.75228,-73.9897,"(40.75228, -73.9897)"
9027,40.688614,-73.989174,"(40.688614, -73.989174)"
9028,40.872444,-73.87546,"(40.872444, -73.87546)"
9029,40.711746,-74.006996,"(40.711746, -74.006996)"
9030,40.837242,-73.940796,"(40.837242, -73.940796)"
9031,40.74348,-73.921486,"(40.74348, -73.921486)"
9032,40.806145,-73.94761,"(40.806145, -73.94761)"
9034,40.843063,-73.90954,"(40.843063, -73.90954)"
9035,40.837864,-73.9114,"(40.837864, -73.9114)"
9036,40.661026,-73.88493,"(40.661026, -73.88493)"
9037,40.603325,-74.1207,"(40.603325, -74.1207)"
9038,40.71153,-73.95504,"(40.71153, -73.95504)"
9039,40.79537,-73.921974,"(40.79537, -73.921974)"
9040,40.67646,-73.80752,"(40.67646, -73.80752)"
9041,40.643566,-74.00475,"(40.643566, -74.00475)"
9042,40.862755,-73.901085,"(40.862755, -73.901085)"
9043,40.744507,-73.85556,"(40.744507, -73.85556)"
9045,40.790257,-73.816635,"(40.790257, -73.816635)"
9046,40.673573,-73.902084,"(40.673573, -73.902084)"
9047,40.750908,-73.88928,"(40.750908, -73.88928)"
9048,40.587643,-74.16053,"(40.587643, -74.16053)"
9049,40.582756,-74.13041,"(40.582756, -74.13041)"
9051,40.677567,-73.73188,"(40.677567, -73.73188)"
9052,40.7286,-74.00007,"(40.7286, -74.00007)"
9053,40.68787,-73.79747,"(40.68787, -73.79747)"
9054,40.864075,-73.822624,"(40.864075, -73.822624)"
9055,40.668663,-73.962006,"(40.668663, -73.962006)"
9056,40.69005,-73.916855,"(40.69005, -73.916855)"
9057,40.6819,-73.87832,"(40.6819, -73.87832)"
9058,40.73798,-73.98083,"(40.73798, -73.98083)"
9059,40.690224,-73.762215,"(40.690224, -73.762215)"
9060,40.841064,-73.84126,"(40.841064, -73.84126)"
9061,40.685333,-73.85875,"(40.685333, -73.85875)"
9062,40.75834,-73.95775,"(40.75834, -73.95775)"
9063,40.61613,-74.02314,"(40.61613, -74.02314)"
9064,40.533764,-74.15101,"(40.533764, -74.15101)"
9065,40.62841,-73.97484,"(40.62841, -73.97484)"
9066,40.7181,-73.750725,"(40.7181, -73.750725)"
9067,40.822945,-73.86819,"(40.822945, -73.86819)"
9068,40.67772,-73.86486,"(40.67772, -73.86486)"
9069,40.6742,-73.999985,"(40.6742, -73.999985)"
9070,40.862404,-73.89799,"(40.862404, -73.89799)"
9071,40.78318,-73.94362,"(40.78318, -73.94362)"
9072,40.69168,-73.99965,"(40.69168, -73.99965)"
9073,40.689606,-73.93421,"(40.689606, -73.93421)"
9074,40.66691,-73.839066,"(40.66691, -73.839066)"
9075,40.848606,-73.91397,"(40.848606, -73.91397)"
9076,40.641113,-74.003716,"(40.641113, -74.003716)"
9077,40.756298,-73.89893,"(40.756298, -73.89893)"
9078,40.677525,-73.963715,"(40.677525, -73.963715)"
9079,40.690277,-73.871735,"(40.690277, -73.871735)"
9080,40.7351,-73.99426,"(40.7351, -73.99426)"
9081,40.625008,-73.95138,"(40.625008, -73.95138)"
9082,40.595707,-73.94297,"(40.595707, -73.94297)"
9083,40.843365,-73.91545,"(40.843365, -73.91545)"
9084,40.61306,-73.92618,"(40.61306, -73.92618)"
9085,40.777973,-73.98216,"(40.777973, -73.98216)"
9086,40.707893,-73.8732,"(40.707893, -73.8732)"
9087,40.816864,-73.882744,"(40.816864, -73.882744)"
9088,40.673378,-73.90227,"(40.673378, -73.90227)"
9089,40.797962,-73.937065,"(40.797962, -73.937065)"
9091,40.65434,-73.94704,"(40.65434, -73.94704)"
9092,40.749817,-73.72831,"(40.749817, -73.72831)"
9093,40.836468,-73.937035,"(40.836468, -73.937035)"
9094,40.759624,-73.99548,"(40.759624, -73.99548)"
9095,40.63063,-74.00923,"(40.63063, -74.00923)"
9096,40.672935,-73.96893,"(40.672935, -73.96893)"
9097,40.69942,-73.86878,"(40.69942, -73.86878)"
9098,40.66517,-73.804054,"(40.66517, -73.804054)"
9099,40.68465,-74.00122,"(40.68465, -74.00122)"
9100,40.598938,-73.95548,"(40.598938, -73.95548)"
9101,40.686764,-73.98439,"(40.686764, -73.98439)"
9102,40.848602,-73.8612,"(40.848602, -73.8612)"
9103,40.669548,-73.81538,"(40.669548, -73.81538)"
9104,40.720554,-74.00352,"(40.720554, -74.00352)"
9105,40.754128,-73.98834,"(40.754128, -73.98834)"
9106,40.740917,-73.9881,"(40.740917, -73.9881)"
9107,40.747574,-73.76147,"(40.747574, -73.76147)"
9108,40.7125,-73.84695,"(40.7125, -73.84695)"
9109,40.630512,-73.957306,"(40.630512, -73.957306)"
9110,40.66612,-73.82225,"(40.66612, -73.82225)"
9111,40.635933,-74.07585,"(40.635933, -74.07585)"
9112,40.69065,-73.81033,"(40.69065, -73.81033)"
9113,40.71803,-73.819885,"(40.71803, -73.819885)"
9114,40.646786,-74.008575,"(40.646786, -74.008575)"
9115,40.66951,-73.99267,"(40.66951, -73.99267)"
9116,40.703667,-73.9269,"(40.703667, -73.9269)"
9117,40.652786,-73.91997,"(40.652786, -73.91997)"
9118,40.82403,-73.94476,"(40.82403, -73.94476)"
9119,40.651512,-73.93521,"(40.651512, -73.93521)"
9120,40.74915,-73.98828,"(40.74915, -73.98828)"
9121,40.776237,-73.95587,"(40.776237, -73.95587)"
9122,40.761093,-73.82687,"(40.761093, -73.82687)"
9123,40.82193,-73.88844,"(40.82193, -73.88844)"
9124,40.884384,-73.85756,"(40.884384, -73.85756)"
9126,40.879673,-73.90425,"(40.879673, -73.90425)"
9127,40.520916,-74.235115,"(40.520916, -74.235115)"
9129,40.648182,-73.93001,"(40.648182, -73.93001)"
9130,40.750706,-73.980835,"(40.750706, -73.980835)"
9131,40.833054,-73.90592,"(40.833054, -73.90592)"
9132,40.716038,-73.86123,"(40.716038, -73.86123)"
9133,40.66495,-73.92288,"(40.66495, -73.92288)"
9134,40.6476,-73.881485,"(40.6476, -73.881485)"
9135,40.818893,-73.89229,"(40.818893, -73.89229)"
9136,40.606342,-74.12134,"(40.606342, -74.12134)"
9137,40.846443,-73.826004,"(40.846443, -73.826004)"
9138,40.62788,-73.93251,"(40.62788, -73.93251)"
9140,40.63024,-74.00426,"(40.63024, -74.00426)"
9141,40.67265,-73.91963,"(40.67265, -73.91963)"
9142,40.703888,-73.78693,"(40.703888, -73.78693)"
9143,40.594975,-73.92893,"(40.594975, -73.92893)"
9144,40.65913,-73.77293,"(40.65913, -73.77293)"
9145,40.722584,-74.00636,"(40.722584, -74.00636)"
9146,40.835724,-73.92129,"(40.835724, -73.92129)"
9147,40.618557,-73.95504,"(40.618557, -73.95504)"
9148,40.68197,-73.92887,"(40.68197, -73.92887)"
9150,40.628723,-74.08304,"(40.628723, -74.08304)"
9151,40.65621,-73.893196,"(40.65621, -73.893196)"
9153,40.892902,-73.843666,"(40.892902, -73.843666)"
9154,40.820305,-73.89083,"(40.820305, -73.89083)"
9155,40.726032,-73.98908,"(40.726032, -73.98908)"
9156,40.677353,-73.94424,"(40.677353, -73.94424)"
9157,40.796738,-73.96098,"(40.796738, -73.96098)"
9158,40.857426,-73.89111,"(40.857426, -73.89111)"
9159,40.81622,-73.92125,"(40.81622, -73.92125)"
9160,40.60143,-74.00514,"(40.60143, -74.00514)"
9161,40.66012,-73.86916,"(40.66012, -73.86916)"
9162,40.75604,-73.99066,"(40.75604, -73.99066)"
9163,40.609768,-74.00679,"(40.609768, -74.00679)"
9164,40.63837,-73.97457,"(40.63837, -73.97457)"
9165,40.752445,-73.73696,"(40.752445, -73.73696)"
9166,40.625977,-73.91793,"(40.625977, -73.91793)"
9167,40.741547,-73.98958,"(40.741547, -73.98958)"
9168,40.747963,-73.8809,"(40.747963, -73.8809)"
9169,40.59924,-74.09179,"(40.59924, -74.09179)"
9170,40.59832,-74.09043,"(40.59832, -74.09043)"
9171,40.686703,-73.92683,"(40.686703, -73.92683)"
9172,40.80578,-73.877304,"(40.80578, -73.877304)"
9173,40.764217,-73.91567,"(40.764217, -73.91567)"
9174,40.642384,-73.92539,"(40.642384, -73.92539)"
9175,40.831467,-73.889145,"(40.831467, -73.889145)"
9176,40.666397,-73.73857,"(40.666397, -73.73857)"
9177,40.797478,-73.9488,"(40.797478, -73.9488)"
9178,40.694065,-73.80142,"(40.694065, -73.80142)"
9179,40.654575,-74.00905,"(40.654575, -74.00905)"
9180,40.628437,-73.953964,"(40.628437, -73.953964)"
9181,40.71247,-73.79063,"(40.71247, -73.79063)"
9182,40.75834,-73.95775,"(40.75834, -73.95775)"
9183,40.58655,-73.96617,"(40.58655, -73.96617)"
9184,40.836555,-73.94306,"(40.836555, -73.94306)"
9185,40.632633,-74.01254,"(40.632633, -74.01254)"
9186,40.876503,-73.904564,"(40.876503, -73.904564)"
9187,40.7293,-73.862854,"(40.7293, -73.862854)"
9188,40.900036,-73.8902,"(40.900036, -73.8902)"
9189,40.783245,-73.94473,"(40.783245, -73.94473)"
9190,40.58246,-73.957565,"(40.58246, -73.957565)"
9191,40.720943,-73.98412,"(40.720943, -73.98412)"
9193,40.748802,-73.75045,"(40.748802, -73.75045)"
9194,40.570465,-74.10977,"(40.570465, -74.10977)"
9195,40.86955,-73.91519,"(40.86955, -73.91519)"
9196,40.768936,-73.86855,"(40.768936, -73.86855)"
9197,40.62718,-74.14233,"(40.62718, -74.14233)"
9198,40.686085,-73.982666,"(40.686085, -73.982666)"
9199,40.889606,-73.90871,"(40.889606, -73.90871)"
9200,40.74152,-73.904594,"(40.74152, -73.904594)"
9201,40.733166,-74.01014,"(40.733166, -74.01014)"
9202,40.674145,-73.93062,"(40.674145, -73.93062)"
9204,40.65772,-73.895386,"(40.65772, -73.895386)"
9206,40.5265,-74.210175,"(40.5265, -74.210175)"
9207,40.765865,-73.95742,"(40.765865, -73.95742)"
9208,40.84543,-73.91399,"(40.84543, -73.91399)"
9209,40.69703,-73.92865,"(40.69703, -73.92865)"
9210,40.834774,-73.85973,"(40.834774, -73.85973)"
9211,40.88051,-73.9007,"(40.88051, -73.9007)"
9212,40.768875,-73.94898,"(40.768875, -73.94898)"
9213,40.818142,-73.844696,"(40.818142, -73.844696)"
9214,40.701077,-73.94043,"(40.701077, -73.94043)"
9215,40.822086,-73.94016,"(40.822086, -73.94016)"
9218,40.88219,-73.85066,"(40.88219, -73.85066)"
9219,40.690956,-73.85069,"(40.690956, -73.85069)"
9220,40.7243,-73.84517,"(40.7243, -73.84517)"
9221,40.834774,-73.92527,"(40.834774, -73.92527)"
9222,40.88966,-73.82773,"(40.88966, -73.82773)"
9223,40.68454,-73.86753,"(40.68454, -73.86753)"
9224,40.74639,-73.977646,"(40.74639, -73.977646)"
9225,40.836506,-73.85073,"(40.836506, -73.85073)"
9226,40.588036,-73.96041,"(40.588036, -73.96041)"
9228,40.81821,-73.96144,"(40.81821, -73.96144)"
9229,40.695133,-73.91067,"(40.695133, -73.91067)"
9230,40.586308,-73.96943,"(40.586308, -73.96943)"
9231,40.72656,-73.83802,"(40.72656, -73.83802)"
9232,40.73619,-73.88219,"(40.73619, -73.88219)"
9233,40.700497,-73.90021,"(40.700497, -73.90021)"
9234,40.754925,-73.836044,"(40.754925, -73.836044)"
9235,40.665634,-73.758156,"(40.665634, -73.758156)"
9236,40.62615,-74.15741,"(40.62615, -74.15741)"
9237,40.861828,-73.89286,"(40.861828, -73.89286)"
9238,40.71843,-74.000534,"(40.71843, -74.000534)"
9239,40.83404,-73.85328,"(40.83404, -73.85328)"
9240,40.7603,-73.99499,"(40.7603, -73.99499)"
9241,40.761486,-73.96062,"(40.761486, -73.96062)"
9242,40.67991,-73.87784,"(40.67991, -73.87784)"
9243,40.68943,-73.99688,"(40.68943, -73.99688)"
9245,40.62709,-73.94403,"(40.62709, -73.94403)"
9246,40.727867,-73.99315,"(40.727867, -73.99315)"
9247,40.655464,-74.0139,"(40.655464, -74.0139)"
9248,40.675735,-73.89686,"(40.675735, -73.89686)"
9249,40.69917,-73.7608,"(40.69917, -73.7608)"
9250,40.84771,-73.93798,"(40.84771, -73.93798)"
9251,40.83609,-73.87039,"(40.83609, -73.87039)"
9252,40.756016,-73.90162,"(40.756016, -73.90162)"
9253,40.67027,-73.820984,"(40.67027, -73.820984)"
9254,40.808132,-73.916595,"(40.808132, -73.916595)"
9255,40.872166,-73.87715,"(40.872166, -73.87715)"
9256,40.77077,-73.91727,"(40.77077, -73.91727)"
9257,40.62419,-74.148994,"(40.62419, -74.148994)"
9258,40.743942,-73.983635,"(40.743942, -73.983635)"
9259,40.66343,-73.95874,"(40.66343, -73.95874)"
9260,40.8886,-73.840805,"(40.8886, -73.840805)"
9261,40.775646,-73.78627,"(40.775646, -73.78627)"
9262,40.67672,-73.94708,"(40.67672, -73.94708)"
9263,40.792126,-73.97178,"(40.792126, -73.97178)"
9264,40.728165,-73.981155,"(40.728165, -73.981155)"
9265,40.616047,-74.025734,"(40.616047, -74.025734)"
9266,40.763756,-73.98958,"(40.763756, -73.98958)"
9267,40.879864,-73.87596,"(40.879864, -73.87596)"
9268,40.778625,-73.77587,"(40.778625, -73.77587)"
9269,40.71324,-73.833275,"(40.71324, -73.833275)"
9270,40.865345,-73.85102,"(40.865345, -73.85102)"
9271,40.72853,-73.88824,"(40.72853, -73.88824)"
9272,40.707554,-73.7503,"(40.707554, -73.7503)"
9273,40.758305,-73.85561,"(40.758305, -73.85561)"
9274,40.71328,-73.76606,"(40.71328, -73.76606)"
9275,40.853294,-73.8639,"(40.853294, -73.8639)"
9276,40.829487,-73.81962,"(40.829487, -73.81962)"
9277,40.739666,-73.898834,"(40.739666, -73.898834)"
9278,40.738136,-73.79919,"(40.738136, -73.79919)"
9279,40.844173,-73.91746,"(40.844173, -73.91746)"
9280,40.81047,-73.88446,"(40.81047, -73.88446)"
9281,40.75868,-73.77558,"(40.75868, -73.77558)"
9282,40.66063,-73.95062,"(40.66063, -73.95062)"
9283,40.73426,-73.862595,"(40.73426, -73.862595)"
9284,40.636787,-73.74057,"(40.636787, -73.74057)"
9285,40.71709,-73.82631,"(40.71709, -73.82631)"
9286,40.7613,-73.960144,"(40.7613, -73.960144)"
9287,40.748985,-73.979965,"(40.748985, -73.979965)"
9288,40.76546,-73.99122,"(40.76546, -73.99122)"
9289,40.76278,-73.787384,"(40.76278, -73.787384)"
9290,40.680706,-73.96254,"(40.680706, -73.96254)"
9291,40.751446,-74.001434,"(40.751446, -74.001434)"
9292,40.625015,-73.94073,"(40.625015, -73.94073)"
9293,40.701767,-73.93749,"(40.701767, -73.93749)"
9295,40.75218,-73.88097,"(40.75218, -73.88097)"
9296,40.732727,-73.97451,"(40.732727, -73.97451)"
9297,40.826256,-73.88881,"(40.826256, -73.88881)"
9298,40.629986,-73.97157,"(40.629986, -73.97157)"
9299,40.743477,-73.73286,"(40.743477, -73.73286)"
9300,40.761856,-73.96343,"(40.761856, -73.96343)"
9301,40.682514,-73.75665,"(40.682514, -73.75665)"
9302,40.592636,-73.90362,"(40.592636, -73.90362)"
9303,40.737537,-73.929955,"(40.737537, -73.929955)"
9304,40.72773,-73.90674,"(40.72773, -73.90674)"
9305,40.85274,-73.87124,"(40.85274, -73.87124)"
9306,40.820366,-73.81804,"(40.820366, -73.81804)"
9307,40.690685,-73.95537,"(40.690685, -73.95537)"
9308,40.656815,-73.88114,"(40.656815, -73.88114)"
9309,40.79184,-73.823524,"(40.79184, -73.823524)"
9310,40.696217,-73.7436,"(40.696217, -73.7436)"
9311,40.764988,-73.96116,"(40.764988, -73.96116)"
9312,40.687675,-73.99335,"(40.687675, -73.99335)"
9315,40.723446,-73.99285,"(40.723446, -73.99285)"
9316,40.75167,-73.94188,"(40.75167, -73.94188)"
9317,40.768627,-73.93583,"(40.768627, -73.93583)"
9318,40.69846,-73.93436,"(40.69846, -73.93436)"
9319,40.76268,-73.77052,"(40.76268, -73.77052)"
9320,40.682568,-73.79266,"(40.682568, -73.79266)"
9321,40.68942,-73.92197,"(40.68942, -73.92197)"
9322,40.76812,-73.95887,"(40.76812, -73.95887)"
9323,40.768692,-73.935814,"(40.768692, -73.935814)"
9325,40.710907,-73.95165,"(40.710907, -73.95165)"
9326,40.731693,-73.953545,"(40.731693, -73.953545)"
9327,40.766502,-73.99418,"(40.766502, -73.99418)"
9328,40.722584,-74.00636,"(40.722584, -74.00636)"
9329,40.661106,-73.72959,"(40.661106, -73.72959)"
9330,40.73167,-74.00663,"(40.73167, -74.00663)"
9331,40.68511,-73.79811,"(40.68511, -73.79811)"
9332,40.722816,-73.95127,"(40.722816, -73.95127)"
9333,40.828407,-73.84392,"(40.828407, -73.84392)"
9334,40.660656,-73.885796,"(40.660656, -73.885796)"
9335,40.754658,-73.833115,"(40.754658, -73.833115)"
9336,40.664265,-73.73447,"(40.664265, -73.73447)"
9337,40.629543,-73.96608,"(40.629543, -73.96608)"
9338,40.75545,-73.89671,"(40.75545, -73.89671)"
9339,40.651115,-73.94962,"(40.651115, -73.94962)"
9340,40.720142,-74.01056,"(40.720142, -74.01056)"
9341,40.743187,-73.86606,"(40.743187, -73.86606)"
9342,40.745148,-73.93348,"(40.745148, -73.93348)"
9343,40.759468,-73.94,"(40.759468, -73.94)"
9344,40.68447,-73.97407,"(40.68447, -73.97407)"
9345,40.67417,-73.95671,"(40.67417, -73.95671)"
9346,40.68956,-73.73597,"(40.68956, -73.73597)"
9347,40.840836,-73.87258,"(40.840836, -73.87258)"
9348,40.708843,-74.00251,"(40.708843, -74.00251)"
9349,40.62332,-73.99713,"(40.62332, -73.99713)"
9350,40.6103,-73.959526,"(40.6103, -73.959526)"
9351,40.67187,-73.95464,"(40.67187, -73.95464)"
9352,40.85971,-73.85736,"(40.85971, -73.85736)"
9353,40.641125,-73.94563,"(40.641125, -73.94563)"
9354,40.732887,-73.920586,"(40.732887, -73.920586)"
9355,40.770393,-73.94808,"(40.770393, -73.94808)"
9356,40.601486,-74.193275,"(40.601486, -74.193275)"
9357,40.687496,-73.93297,"(40.687496, -73.93297)"
9358,40.667767,-73.89523,"(40.667767, -73.89523)"
9359,40.529373,-74.161354,"(40.529373, -74.161354)"
9360,40.81322,-73.897835,"(40.81322, -73.897835)"
9361,40.881607,-73.83784,"(40.881607, -73.83784)"
9362,40.828808,-73.82447,"(40.828808, -73.82447)"
9363,40.64956,-73.973145,"(40.64956, -73.973145)"
9364,40.63031,-74.166405,"(40.63031, -74.166405)"
9365,40.751102,-73.98261,"(40.751102, -73.98261)"
9366,40.67247,-73.90084,"(40.67247, -73.90084)"
9367,40.6818,-73.90852,"(40.6818, -73.90852)"
9368,40.76441,-73.815765,"(40.76441, -73.815765)"
9369,40.792965,-73.95208,"(40.792965, -73.95208)"
9371,40.66228,-73.98893,"(40.66228, -73.98893)"
9372,40.695564,-73.95823,"(40.695564, -73.95823)"
9373,40.825935,-73.83637,"(40.825935, -73.83637)"
9374,40.819477,-73.92689,"(40.819477, -73.92689)"
9375,40.83516,-73.94561,"(40.83516, -73.94561)"
9376,40.775734,-73.89584,"(40.775734, -73.89584)"
9377,40.742645,-73.98247,"(40.742645, -73.98247)"
9378,40.58172,-73.83937,"(40.58172, -73.83937)"
9379,40.684185,-73.74517,"(40.684185, -73.74517)"
9380,40.593277,-73.9769,"(40.593277, -73.9769)"
9381,40.722576,-73.94049,"(40.722576, -73.94049)"
9382,40.689236,-73.84503,"(40.689236, -73.84503)"
9383,40.62701,-74.00324,"(40.62701, -74.00324)"
9384,40.65974,-73.912125,"(40.65974, -73.912125)"
9385,40.79124,-73.9794,"(40.79124, -73.9794)"
9386,40.633278,-73.983185,"(40.633278, -73.983185)"
9387,40.59346,-73.777985,"(40.59346, -73.777985)"
9388,40.83213,-73.86547,"(40.83213, -73.86547)"
9389,40.87666,-73.90419,"(40.87666, -73.90419)"
9390,40.736145,-73.91155,"(40.736145, -73.91155)"
9391,40.820053,-73.92666,"(40.820053, -73.92666)"
9392,40.752853,-73.90596,"(40.752853, -73.90596)"
9393,40.625984,-74.15623,"(40.625984, -74.15623)"
9394,40.72392,-73.90757,"(40.72392, -73.90757)"
9395,40.84543,-73.91399,"(40.84543, -73.91399)"
9397,40.63158,-73.94755,"(40.63158, -73.94755)"
9398,40.767117,-73.956505,"(40.767117, -73.956505)"
9399,40.71258,-73.90476,"(40.71258, -73.90476)"
9400,40.71498,-74.0167,"(40.71498, -74.0167)"
9401,40.586876,-73.95698,"(40.586876, -73.95698)"
9402,40.706944,-73.79286,"(40.706944, -73.79286)"
9403,40.89575,-73.86492,"(40.89575, -73.86492)"
9404,40.895374,-73.86356,"(40.895374, -73.86356)"
9405,40.768776,-73.96046,"(40.768776, -73.96046)"
9406,40.66447,-73.89593,"(40.66447, -73.89593)"
9407,40.725285,-73.79334,"(40.725285, -73.79334)"
9408,40.75324,-73.99272,"(40.75324, -73.99272)"
9410,40.655834,-73.839035,"(40.655834, -73.839035)"
9411,40.763958,-73.8088,"(40.763958, -73.8088)"
9412,40.830727,-73.93062,"(40.830727, -73.93062)"
9413,40.696663,-73.98085,"(40.696663, -73.98085)"
9414,40.64959,-73.91242,"(40.64959, -73.91242)"
9415,40.665245,-73.73757,"(40.665245, -73.73757)"
9416,40.87786,-73.84578,"(40.87786, -73.84578)"
9417,40.84728,-73.86772,"(40.84728, -73.86772)"
9418,40.60373,-73.9968,"(40.60373, -73.9968)"
9419,40.69499,-73.9073,"(40.69499, -73.9073)"
9420,40.60503,-74.06574,"(40.60503, -74.06574)"
9421,40.58581,-73.952995,"(40.58581, -73.952995)"
9422,40.8716,-73.8835,"(40.8716, -73.8835)"
9423,40.635483,-73.92381,"(40.635483, -73.92381)"
9424,40.704388,-73.994576,"(40.704388, -73.994576)"
9425,40.64033,-73.978935,"(40.64033, -73.978935)"
9426,40.730366,-73.91388,"(40.730366, -73.91388)"
9428,40.6649,-73.89306,"(40.6649, -73.89306)"
9429,40.63212,-74.164856,"(40.63212, -74.164856)"
9430,40.725582,-73.989876,"(40.725582, -73.989876)"
9431,40.876377,-73.84601,"(40.876377, -73.84601)"
9432,40.683434,-73.8343,"(40.683434, -73.8343)"
9433,40.84252,-73.84528,"(40.84252, -73.84528)"
9434,40.60337,-73.979836,"(40.60337, -73.979836)"
9435,40.639256,-73.968796,"(40.639256, -73.968796)"
9436,40.75831,-73.96294,"(40.75831, -73.96294)"
9437,40.80817,-73.95635,"(40.80817, -73.95635)"
9438,40.668262,-73.96609,"(40.668262, -73.96609)"
9439,40.812115,-73.94604,"(40.812115, -73.94604)"
9440,40.609985,-73.96239,"(40.609985, -73.96239)"
9441,40.85162,-73.82653,"(40.85162, -73.82653)"
9442,40.82098,-73.89388,"(40.82098, -73.89388)"
9443,40.770428,-73.92364,"(40.770428, -73.92364)"
9444,40.720657,-73.76031,"(40.720657, -73.76031)"
9445,40.747105,-73.96709,"(40.747105, -73.96709)"
9446,40.629505,-73.94416,"(40.629505, -73.94416)"
9447,40.642864,-74.01266,"(40.642864, -74.01266)"
9448,40.87746,-73.853745,"(40.87746, -73.853745)"
9449,40.725258,-73.83936,"(40.725258, -73.83936)"
9450,40.772243,-73.990005,"(40.772243, -73.990005)"
9451,40.707214,-73.89671,"(40.707214, -73.89671)"
9452,40.761665,-73.97492,"(40.761665, -73.97492)"
9453,40.748493,-73.89793,"(40.748493, -73.89793)"
9454,40.608433,-74.15544,"(40.608433, -74.15544)"
9455,40.763126,-73.83125,"(40.763126, -73.83125)"
9456,40.6745,-73.9537,"(40.6745, -73.9537)"
9457,40.72738,-73.94575,"(40.72738, -73.94575)"
9458,40.74484,-73.92027,"(40.74484, -73.92027)"
9459,40.832623,-73.92537,"(40.832623, -73.92537)"
9460,40.841713,-73.93558,"(40.841713, -73.93558)"
9461,40.750774,-73.97655,"(40.750774, -73.97655)"
9462,40.8995,-73.857,"(40.8995, -73.857)"
9463,40.72956,-73.87145,"(40.72956, -73.87145)"
9464,40.856045,-73.90079,"(40.856045, -73.90079)"
9465,40.82463,-73.91059,"(40.82463, -73.91059)"
9466,40.74119,-73.79279,"(40.74119, -73.79279)"
9467,40.611095,-74.11467,"(40.611095, -74.11467)"
9468,40.564705,-74.12721,"(40.564705, -74.12721)"
9469,40.58039,-73.954666,"(40.58039, -73.954666)"
9470,40.720276,-73.94268,"(40.720276, -73.94268)"
9471,40.723347,-73.939316,"(40.723347, -73.939316)"
9472,40.599117,-73.97472,"(40.599117, -73.97472)"
9473,40.74311,-73.992676,"(40.74311, -73.992676)"
9474,40.72124,-73.904236,"(40.72124, -73.904236)"
9475,40.60275,-73.96392,"(40.60275, -73.96392)"
9476,40.644753,-73.92493,"(40.644753, -73.92493)"
9477,40.645664,-74.00974,"(40.645664, -74.00974)"
9479,40.724415,-73.98333,"(40.724415, -73.98333)"
9480,40.69814,-73.89111,"(40.69814, -73.89111)"
9481,40.64664,-73.9246,"(40.64664, -73.9246)"
9482,40.853947,-73.864845,"(40.853947, -73.864845)"
9483,40.76729,-73.98008,"(40.76729, -73.98008)"
9484,40.774113,-73.98863,"(40.774113, -73.98863)"
9486,40.624256,-74.02006,"(40.624256, -74.02006)"
9487,40.79963,-73.94403,"(40.79963, -73.94403)"
9488,40.768208,-73.791275,"(40.768208, -73.791275)"
9489,40.715427,-73.72918,"(40.715427, -73.72918)"
9490,40.688004,-73.7569,"(40.688004, -73.7569)"
9491,40.743275,-73.77572,"(40.743275, -73.77572)"
9492,40.586475,-73.804405,"(40.586475, -73.804405)"
9493,40.763733,-73.962074,"(40.763733, -73.962074)"
9494,40.677498,-73.87149,"(40.677498, -73.87149)"
9495,40.799698,-73.92929,"(40.799698, -73.92929)"
9497,40.690308,-73.99881,"(40.690308, -73.99881)"
9499,40.751328,-73.990395,"(40.751328, -73.990395)"
9500,40.868248,-73.916145,"(40.868248, -73.916145)"
9501,40.65906,-73.88459,"(40.65906, -73.88459)"
9502,40.872414,-73.839966,"(40.872414, -73.839966)"
9503,40.676647,-73.91647,"(40.676647, -73.91647)"
9504,40.83801,-73.87329,"(40.83801, -73.87329)"
9505,40.65885,-73.93116,"(40.65885, -73.93116)"
9506,40.600014,-73.94567,"(40.600014, -73.94567)"
9508,40.625683,-73.94012,"(40.625683, -73.94012)"
9510,40.895374,-73.86356,"(40.895374, -73.86356)"
9511,40.86732,-73.89609,"(40.86732, -73.89609)"
9512,40.668617,-73.98515,"(40.668617, -73.98515)"
9514,40.863884,-73.91069,"(40.863884, -73.91069)"
9515,40.75372,-74.00349,"(40.75372, -74.00349)"
9516,40.69637,-73.837906,"(40.69637, -73.837906)"
9517,40.876503,-73.904564,"(40.876503, -73.904564)"
9518,40.605114,-73.81973,"(40.605114, -73.81973)"
9519,40.7268,-73.93897,"(40.7268, -73.93897)"
9520,40.503475,-74.2431,"(40.503475, -74.2431)"
9521,40.595253,-73.97348,"(40.595253, -73.97348)"
9522,40.689953,-73.826004,"(40.689953, -73.826004)"
9523,40.73715,-73.930824,"(40.73715, -73.930824)"
9524,40.69158,-73.79319,"(40.69158, -73.79319)"
9525,40.615692,-73.99366,"(40.615692, -73.99366)"
9526,40.63491,-74.01017,"(40.63491, -74.01017)"
9527,40.697777,-73.91653,"(40.697777, -73.91653)"
9528,40.5953,-74.1619,"(40.5953, -74.1619)"
9529,40.75539,-73.93505,"(40.75539, -73.93505)"
9531,40.68459,-73.989136,"(40.68459, -73.989136)"
9532,40.6089,-74.03465,"(40.6089, -74.03465)"
9533,40.619576,-74.00461,"(40.619576, -74.00461)"
9534,40.806343,-73.93318,"(40.806343, -73.93318)"
9535,40.669,-73.8048,"(40.669, -73.8048)"
9536,40.69977,-73.98294,"(40.69977, -73.98294)"
9537,40.79166,-73.96469,"(40.79166, -73.96469)"
9539,40.87166,-73.91346,"(40.87166, -73.91346)"
9540,40.75838,-73.98654,"(40.75838, -73.98654)"
9541,40.849392,-73.89138,"(40.849392, -73.89138)"
9542,40.67011,-73.912796,"(40.67011, -73.912796)"
9543,40.75898,-73.99595,"(40.75898, -73.99595)"
9544,40.760284,-73.91241,"(40.760284, -73.91241)"
9545,40.778854,-73.96207,"(40.778854, -73.96207)"
9547,40.844753,-73.90539,"(40.844753, -73.90539)"
9548,40.687138,-73.987434,"(40.687138, -73.987434)"
9549,40.64485,-73.96002,"(40.64485, -73.96002)"
9550,40.747627,-73.976746,"(40.747627, -73.976746)"
9551,40.749977,-73.786766,"(40.749977, -73.786766)"
9553,40.823456,-73.92444,"(40.823456, -73.92444)"
9554,40.650005,-73.96418,"(40.650005, -73.96418)"
9555,40.760647,-73.76661,"(40.760647, -73.76661)"
9556,40.624893,-74.01341,"(40.624893, -74.01341)"
9557,40.780735,-73.950615,"(40.780735, -73.950615)"
9558,40.75829,-73.83431,"(40.75829, -73.83431)"
9559,40.73195,-73.863434,"(40.73195, -73.863434)"
9560,40.75991,-73.95882,"(40.75991, -73.95882)"
9561,40.68655,-74.008125,"(40.68655, -74.008125)"
9562,40.619152,-74.029854,"(40.619152, -74.029854)"
9563,40.650227,-73.92827,"(40.650227, -73.92827)"
9564,40.59256,-73.971565,"(40.59256, -73.971565)"
9565,40.77373,-73.96402,"(40.77373, -73.96402)"
9566,40.852516,-73.90001,"(40.852516, -73.90001)"
9567,40.77234,-73.95269,"(40.77234, -73.95269)"
9568,40.714005,-73.99749,"(40.714005, -73.99749)"
9569,40.82609,-73.92307,"(40.82609, -73.92307)"
9570,40.6048,-73.966805,"(40.6048, -73.966805)"
9571,40.82733,-73.8498,"(40.82733, -73.8498)"
9572,40.75547,-73.989624,"(40.75547, -73.989624)"
9573,40.605556,-73.99369,"(40.605556, -73.99369)"
9574,40.877827,-73.879585,"(40.877827, -73.879585)"
9575,40.71523,-74.01334,"(40.71523, -74.01334)"
9576,40.620304,-74.00743,"(40.620304, -74.00743)"
9577,40.859596,-73.86573,"(40.859596, -73.86573)"
9578,40.634815,-73.88094,"(40.634815, -73.88094)"
9579,40.675938,-73.78154,"(40.675938, -73.78154)"
9580,40.69009,-73.93648,"(40.69009, -73.93648)"
9581,40.541924,-74.18563,"(40.541924, -74.18563)"
9582,40.70191,-73.93699,"(40.70191, -73.93699)"
9583,40.880466,-73.88384,"(40.880466, -73.88384)"
9584,40.86235,-73.894066,"(40.86235, -73.894066)"
9585,40.65011,-73.930214,"(40.65011, -73.930214)"
9586,40.609776,-73.9643,"(40.609776, -73.9643)"
9587,40.883633,-73.88517,"(40.883633, -73.88517)"
9588,40.668495,-73.925606,"(40.668495, -73.925606)"
9589,40.740875,-73.89962,"(40.740875, -73.89962)"
9590,40.607914,-73.75242,"(40.607914, -73.75242)"
9591,40.826004,-73.91168,"(40.826004, -73.91168)"
9592,40.86289,-73.85016,"(40.86289, -73.85016)"
9593,40.790314,-73.94769,"(40.790314, -73.94769)"
9594,40.704033,-73.7938,"(40.704033, -73.7938)"
9595,40.675106,-73.90438,"(40.675106, -73.90438)"
9596,40.649643,-73.95289,"(40.649643, -73.95289)"
9598,40.75597,-73.91262,"(40.75597, -73.91262)"
9599,40.77039,-73.954124,"(40.77039, -73.954124)"
9600,40.622635,-74.03729,"(40.622635, -74.03729)"
9601,40.867435,-73.89336,"(40.867435, -73.89336)"
9602,40.847897,-73.94523,"(40.847897, -73.94523)"
9603,40.693134,-73.96953,"(40.693134, -73.96953)"
9604,40.588512,-73.949356,"(40.588512, -73.949356)"
9605,40.749268,-73.875694,"(40.749268, -73.875694)"
9606,40.77096,-73.92143,"(40.77096, -73.92143)"
9607,40.737988,-73.98084,"(40.737988, -73.98084)"
9608,40.73664,-73.86584,"(40.73664, -73.86584)"
9609,40.781532,-73.91765,"(40.781532, -73.91765)"
9610,40.77696,-73.959564,"(40.77696, -73.959564)"
9611,40.57597,-73.84801,"(40.57597, -73.84801)"
9612,40.65177,-73.95597,"(40.65177, -73.95597)"
9613,40.611305,-74.14121,"(40.611305, -74.14121)"
9614,40.735497,-73.869705,"(40.735497, -73.869705)"
9615,40.848392,-73.937675,"(40.848392, -73.937675)"
9616,0.0,0.0,"(0.0, 0.0)"
9617,40.60164,-73.95184,"(40.60164, -73.95184)"
9618,40.764355,-73.969376,"(40.764355, -73.969376)"
9619,40.669857,-73.95051,"(40.669857, -73.95051)"
9620,40.84751,-73.931625,"(40.84751, -73.931625)"
9621,40.75866,-73.98875,"(40.75866, -73.98875)"
9622,40.671097,-73.96015,"(40.671097, -73.96015)"
9623,40.680454,-73.87611,"(40.680454, -73.87611)"
9624,40.794697,-73.93637,"(40.794697, -73.93637)"
9625,40.7418,-73.924675,"(40.7418, -73.924675)"
9626,40.733,-73.85989,"(40.733, -73.85989)"
9627,40.900597,-73.84486,"(40.900597, -73.84486)"
9628,40.713745,-73.99395,"(40.713745, -73.99395)"
9629,40.650856,-73.9486,"(40.650856, -73.9486)"
9630,40.582767,-73.83503,"(40.582767, -73.83503)"
9631,40.67386,-73.88259,"(40.67386, -73.88259)"
9632,40.845325,-73.89098,"(40.845325, -73.89098)"
9633,40.77053,-73.98986,"(40.77053, -73.98986)"
9634,40.823936,-73.89488,"(40.823936, -73.89488)"
9635,40.726173,-73.86489,"(40.726173, -73.86489)"
9636,40.774654,-73.9541,"(40.774654, -73.9541)"
9638,40.702354,-73.818756,"(40.702354, -73.818756)"
9639,40.639824,-73.90318,"(40.639824, -73.90318)"
9640,40.724567,-73.78681,"(40.724567, -73.78681)"
9641,40.75243,-73.9896,"(40.75243, -73.9896)"
9642,40.78461,-73.96984,"(40.78461, -73.96984)"
9643,40.693436,-73.97784,"(40.693436, -73.97784)"
9644,40.64891,-73.89256,"(40.64891, -73.89256)"
9645,40.716343,-73.761406,"(40.716343, -73.761406)"
9646,40.78896,-73.97596,"(40.78896, -73.97596)"
9647,40.724167,-73.76535,"(40.724167, -73.76535)"
9648,40.72725,-73.7491,"(40.72725, -73.7491)"
9649,40.686142,-73.914795,"(40.686142, -73.914795)"
9650,40.669823,-73.97916,"(40.669823, -73.97916)"
9651,40.57741,-73.88725,"(40.57741, -73.88725)"
9652,40.705944,-73.81202,"(40.705944, -73.81202)"
9653,40.767185,-73.98997,"(40.767185, -73.98997)"
9654,40.825935,-73.85913,"(40.825935, -73.85913)"
9655,40.674698,-73.919426,"(40.674698, -73.919426)"
9656,40.586475,-74.1605,"(40.586475, -74.1605)"
9658,40.767746,-73.934,"(40.767746, -73.934)"
9659,40.661995,-73.91959,"(40.661995, -73.91959)"
9660,40.714066,-73.95163,"(40.714066, -73.95163)"
9661,40.67619,-73.9081,"(40.67619, -73.9081)"
9662,40.68783,-73.93004,"(40.68783, -73.93004)"
9664,40.651005,-73.94571,"(40.651005, -73.94571)"
9665,40.657406,-73.89881,"(40.657406, -73.89881)"
9666,40.760925,-73.95656,"(40.760925, -73.95656)"
9667,40.843304,-73.91919,"(40.843304, -73.91919)"
9668,40.577023,-73.840614,"(40.577023, -73.840614)"
9669,40.767815,-73.98951,"(40.767815, -73.98951)"
9670,40.731476,-73.98557,"(40.731476, -73.98557)"
9671,40.685375,-73.77968,"(40.685375, -73.77968)"
9672,40.751995,-73.97987,"(40.751995, -73.97987)"
9673,40.646717,-73.99789,"(40.646717, -73.99789)"
9674,40.65414,-73.88732,"(40.65414, -73.88732)"
9676,40.825462,-73.882744,"(40.825462, -73.882744)"
9677,40.847904,-73.93297,"(40.847904, -73.93297)"
9678,40.636635,-74.00838,"(40.636635, -74.00838)"
9679,40.72076,-73.98975,"(40.72076, -73.98975)"
9680,40.7092,-73.9919,"(40.7092, -73.9919)"
9681,40.775665,-73.983795,"(40.775665, -73.983795)"
9682,40.641247,-73.99337,"(40.641247, -73.99337)"
9683,40.816864,-73.882744,"(40.816864, -73.882744)"
9684,40.617287,-73.97786,"(40.617287, -73.97786)"
9685,40.719482,-73.991295,"(40.719482, -73.991295)"
9686,40.704422,-73.99491,"(40.704422, -73.99491)"
9688,40.765358,-73.965904,"(40.765358, -73.965904)"
9689,40.752136,-73.92564,"(40.752136, -73.92564)"
9690,40.869328,-73.88251,"(40.869328, -73.88251)"
9691,40.869007,-73.8975,"(40.869007, -73.8975)"
9692,40.60676,-73.96373,"(40.60676, -73.96373)"
9693,40.856213,-73.88383,"(40.856213, -73.88383)"
9694,40.665535,-73.93699,"(40.665535, -73.93699)"
9695,40.878574,-73.88488,"(40.878574, -73.88488)"
9696,40.735054,-73.987236,"(40.735054, -73.987236)"
9697,40.762093,-73.78729,"(40.762093, -73.78729)"
9698,40.737747,-73.855,"(40.737747, -73.855)"
9699,40.880825,-73.85158,"(40.880825, -73.85158)"
9700,40.760822,-73.99832,"(40.760822, -73.99832)"
9701,40.74526,-73.977005,"(40.74526, -73.977005)"
9702,40.612396,-74.13281,"(40.612396, -74.13281)"
9703,40.662003,-73.96082,"(40.662003, -73.96082)"
9704,40.658646,-73.923935,"(40.658646, -73.923935)"
9705,40.826622,-73.930984,"(40.826622, -73.930984)"
9706,40.735153,-73.92378,"(40.735153, -73.92378)"
9707,40.635853,-74.16619,"(40.635853, -74.16619)"
9708,40.743217,-73.83403,"(40.743217, -73.83403)"
9709,40.676743,-73.93316,"(40.676743, -73.93316)"
9710,40.546707,-74.19913,"(40.546707, -74.19913)"
9711,40.605335,-73.75528,"(40.605335, -73.75528)"
9712,40.67942,-73.96823,"(40.67942, -73.96823)"
9713,40.725365,-73.89454,"(40.725365, -73.89454)"
9714,40.745068,-73.936356,"(40.745068, -73.936356)"
9715,40.59922,-73.97376,"(40.59922, -73.97376)"
9716,40.868813,-73.82316,"(40.868813, -73.82316)"
9717,40.83562,-73.927864,"(40.83562, -73.927864)"
9718,40.625546,-73.93998,"(40.625546, -73.93998)"
9719,40.77039,-73.91771,"(40.77039, -73.91771)"
9720,40.84691,-73.93824,"(40.84691, -73.93824)"
9721,40.62435,-74.13927,"(40.62435, -74.13927)"
9722,40.800343,-73.9142,"(40.800343, -73.9142)"
9723,40.660927,-73.892426,"(40.660927, -73.892426)"
9724,40.88262,-73.829056,"(40.88262, -73.829056)"
9725,40.800327,-73.96951,"(40.800327, -73.96951)"
9726,40.69151,-73.7299,"(40.69151, -73.7299)"
9727,40.70052,-74.01551,"(40.70052, -74.01551)"
9728,40.676594,-73.89038,"(40.676594, -73.89038)"
9729,40.659336,-73.92726,"(40.659336, -73.92726)"
9730,40.88671,-73.81529,"(40.88671, -73.81529)"
9731,40.71022,-73.89931,"(40.71022, -73.89931)"
9732,40.65484,-73.9597,"(40.65484, -73.9597)"
9733,40.63529,-73.958206,"(40.63529, -73.958206)"
9734,40.789227,-73.80462,"(40.789227, -73.80462)"
9735,40.63665,-73.96805,"(40.63665, -73.96805)"
9737,40.59444,-73.957466,"(40.59444, -73.957466)"
9738,40.680534,-73.98394,"(40.680534, -73.98394)"
9739,40.769794,-73.96479,"(40.769794, -73.96479)"
9740,40.771626,-73.87611,"(40.771626, -73.87611)"
9741,40.690838,-73.72662,"(40.690838, -73.72662)"
9742,40.76817,-73.9528,"(40.76817, -73.9528)"
9743,40.80988,-73.936745,"(40.80988, -73.936745)"
9744,40.633385,-73.97552,"(40.633385, -73.97552)"
9745,40.865795,-73.920006,"(40.865795, -73.920006)"
9746,40.67759,-73.74479,"(40.67759, -73.74479)"
9747,40.733536,-73.87035,"(40.733536, -73.87035)"
9749,40.716805,-73.9546,"(40.716805, -73.9546)"
9750,40.760925,-73.96705,"(40.760925, -73.96705)"
9751,40.607258,-74.00265,"(40.607258, -74.00265)"
9752,40.748,-73.87614,"(40.748, -73.87614)"
9753,40.86755,-73.86151,"(40.86755, -73.86151)"
9754,40.61146,-73.92437,"(40.61146, -73.92437)"
9755,40.613056,-73.91757,"(40.613056, -73.91757)"
9756,40.592865,-73.94912,"(40.592865, -73.94912)"
9757,40.70126,-73.77273,"(40.70126, -73.77273)"
9758,40.71786,-73.96223,"(40.71786, -73.96223)"
9759,40.857067,-73.82788,"(40.857067, -73.82788)"
9760,40.84367,-73.93151,"(40.84367, -73.93151)"
9761,40.665062,-73.90281,"(40.665062, -73.90281)"
9762,40.748356,-74.00369,"(40.748356, -74.00369)"
9763,40.75425,-73.96899,"(40.75425, -73.96899)"
9764,40.63313,-74.075356,"(40.63313, -74.075356)"
9765,40.814625,-73.92036,"(40.814625, -73.92036)"
9766,40.704662,-73.92891,"(40.704662, -73.92891)"
9767,40.67884,-73.75419,"(40.67884, -73.75419)"
9768,40.899143,-73.88523,"(40.899143, -73.88523)"
9769,40.61889,-73.9454,"(40.61889, -73.9454)"
9770,40.885426,-73.897446,"(40.885426, -73.897446)"
9771,40.74327,-73.961464,"(40.74327, -73.961464)"
9772,40.57981,-73.837204,"(40.57981, -73.837204)"
9773,40.60783,-74.1465,"(40.60783, -74.1465)"
9774,40.66255,-73.90893,"(40.66255, -73.90893)"
9775,40.660873,-73.90947,"(40.660873, -73.90947)"
9776,40.712616,-73.96951,"(40.712616, -73.96951)"
9777,40.64203,-74.09515,"(40.64203, -74.09515)"
9778,40.745914,-73.88231,"(40.745914, -73.88231)"
9779,40.674023,-73.90122,"(40.674023, -73.90122)"
9780,40.786938,-73.979294,"(40.786938, -73.979294)"
9781,40.698143,-73.98555,"(40.698143, -73.98555)"
9782,40.704823,-73.92459,"(40.704823, -73.92459)"
9783,40.739243,-73.99919,"(40.739243, -73.99919)"
9784,40.865387,-73.893456,"(40.865387, -73.893456)"
9785,40.756283,-73.77024,"(40.756283, -73.77024)"
9786,40.696186,-73.97232,"(40.696186, -73.97232)"
9787,40.73855,-73.98043,"(40.73855, -73.98043)"
9788,40.825394,-73.883286,"(40.825394, -73.883286)"
9789,40.7448,-73.991425,"(40.7448, -73.991425)"
9791,40.66157,-73.91548,"(40.66157, -73.91548)"
9792,40.765614,-73.9607,"(40.765614, -73.9607)"
9793,40.61394,-73.92053,"(40.61394, -73.92053)"
9794,40.653873,-74.008156,"(40.653873, -74.008156)"
9795,40.663666,-73.954735,"(40.663666, -73.954735)"
9796,40.75613,-73.96761,"(40.75613, -73.96761)"
9797,40.58576,-73.97442,"(40.58576, -73.97442)"
9798,40.759308,-73.9653,"(40.759308, -73.9653)"
9799,40.63532,-74.02324,"(40.63532, -74.02324)"
9800,40.73677,-73.97442,"(40.73677, -73.97442)"
9801,40.734974,-73.97987,"(40.734974, -73.97987)"
9802,40.850494,-73.91546,"(40.850494, -73.91546)"
9803,40.635647,-74.07688,"(40.635647, -74.07688)"
9804,40.55959,-74.16958,"(40.55959, -74.16958)"
9806,40.636074,-74.00896,"(40.636074, -74.00896)"
9807,40.743626,-73.73437,"(40.743626, -73.73437)"
9808,40.852337,-73.86393,"(40.852337, -73.86393)"
9809,40.650173,-73.928986,"(40.650173, -73.928986)"
9810,40.864872,-73.90253,"(40.864872, -73.90253)"
9811,40.718754,-73.74082,"(40.718754, -73.74082)"
9813,40.746937,-73.98356,"(40.746937, -73.98356)"
9814,40.75524,-73.97328,"(40.75524, -73.97328)"
9817,40.692677,-73.862656,"(40.692677, -73.862656)"
9819,40.57897,-74.10428,"(40.57897, -74.10428)"
9820,40.70776,-73.897575,"(40.70776, -73.897575)"
9821,40.66351,-73.89175,"(40.66351, -73.89175)"
9822,40.837013,-73.94862,"(40.837013, -73.94862)"
9823,40.674423,-74.00033,"(40.674423, -74.00033)"
9824,40.748356,-74.00369,"(40.748356, -74.00369)"
9825,40.643894,-73.93826,"(40.643894, -73.93826)"
9826,40.676693,-73.87478,"(40.676693, -73.87478)"
9827,40.75488,-73.97988,"(40.75488, -73.97988)"
9829,40.707893,-73.78675,"(40.707893, -73.78675)"
9830,40.751656,-73.99014,"(40.751656, -73.99014)"
9831,40.810173,-73.937416,"(40.810173, -73.937416)"
9832,40.80682,-73.96106,"(40.80682, -73.96106)"
9833,40.739674,-73.934586,"(40.739674, -73.934586)"
9834,40.556736,-74.20763,"(40.556736, -74.20763)"
9835,40.668728,-73.89508,"(40.668728, -73.89508)"
9836,40.555943,-74.17566,"(40.555943, -74.17566)"
9837,40.679276,-73.92906,"(40.679276, -73.92906)"
9838,40.627365,-73.96371,"(40.627365, -73.96371)"
9839,40.670555,-73.85634,"(40.670555, -73.85634)"
9840,40.756557,-73.97444,"(40.756557, -73.97444)"
9841,40.673798,-73.73179,"(40.673798, -73.73179)"
9842,40.75088,-73.98444,"(40.75088, -73.98444)"
9843,40.663483,-73.9627,"(40.663483, -73.9627)"
9844,40.676914,-73.97229,"(40.676914, -73.97229)"
9845,40.688995,-73.78581,"(40.688995, -73.78581)"
9846,40.711338,-73.85646,"(40.711338, -73.85646)"
9847,40.745102,-73.87505,"(40.745102, -73.87505)"
9848,40.691185,-73.98666,"(40.691185, -73.98666)"
9849,40.806,-73.92345,"(40.806, -73.92345)"
9850,40.74594,-73.90006,"(40.74594, -73.90006)"
9851,40.690468,-73.9879,"(40.690468, -73.9879)"
9852,40.767963,-73.91169,"(40.767963, -73.91169)"
9853,40.60779,-73.99136,"(40.60779, -73.99136)"
9854,40.707016,-73.79826,"(40.707016, -73.79826)"
9855,40.708794,-73.72763,"(40.708794, -73.72763)"
9856,40.679226,-74.01291,"(40.679226, -74.01291)"
9857,40.84492,-73.90552,"(40.84492, -73.90552)"
9858,40.759624,-73.99548,"(40.759624, -73.99548)"
9859,40.827103,-73.94997,"(40.827103, -73.94997)"
9860,40.833736,-73.88881,"(40.833736, -73.88881)"
9861,40.842438,-73.93926,"(40.842438, -73.93926)"
9862,40.70953,-73.7964,"(40.70953, -73.7964)"
9863,40.75458,-73.99915,"(40.75458, -73.99915)"
9864,40.678837,-73.752,"(40.678837, -73.752)"
9865,40.596333,-74.13378,"(40.596333, -74.13378)"
9866,40.723938,-73.987976,"(40.723938, -73.987976)"
9867,40.65591,-73.89191,"(40.65591, -73.89191)"
9868,40.676144,-73.893074,"(40.676144, -73.893074)"
9869,40.764126,-73.88194,"(40.764126, -73.88194)"
9871,40.58808,-73.92574,"(40.58808, -73.92574)"
9872,40.717014,-73.7994,"(40.717014, -73.7994)"
9873,40.590137,-74.16483,"(40.590137, -74.16483)"
9874,40.666077,-73.995224,"(40.666077, -73.995224)"
9875,40.73691,-73.86784,"(40.73691, -73.86784)"
9876,40.740543,-73.9382,"(40.740543, -73.9382)"
9877,40.68725,-73.83549,"(40.68725, -73.83549)"
9878,40.679756,-73.816956,"(40.679756, -73.816956)"
9879,40.65479,-73.91596,"(40.65479, -73.91596)"
9880,40.70564,-73.75048,"(40.70564, -73.75048)"
9881,40.880947,-73.878204,"(40.880947, -73.878204)"
9882,40.698677,-73.95886,"(40.698677, -73.95886)"
9883,40.683605,-73.91462,"(40.683605, -73.91462)"
9884,40.67392,-73.91012,"(40.67392, -73.91012)"
9885,40.716454,-73.98058,"(40.716454, -73.98058)"
9886,40.87459,-73.84921,"(40.87459, -73.84921)"
9887,40.725792,-73.94264,"(40.725792, -73.94264)"
9888,40.60172,-74.09143,"(40.60172, -74.09143)"
9889,40.758972,-73.91901,"(40.758972, -73.91901)"
9890,40.740913,-73.95226,"(40.740913, -73.95226)"
9891,40.739014,-73.99668,"(40.739014, -73.99668)"
9892,40.562523,-74.19211,"(40.562523, -74.19211)"
9893,40.852516,-73.90001,"(40.852516, -73.90001)"
9894,40.877155,-73.8848,"(40.877155, -73.8848)"
9895,40.631367,-73.972115,"(40.631367, -73.972115)"
9896,40.842068,-73.8975,"(40.842068, -73.8975)"
9897,40.6553,-73.90318,"(40.6553, -73.90318)"
9898,40.822933,-73.93813,"(40.822933, -73.93813)"
9899,40.55485,-74.16853,"(40.55485, -74.16853)"
9900,40.68953,-73.82747,"(40.68953, -73.82747)"
9901,40.695057,-73.94916,"(40.695057, -73.94916)"
9902,40.648567,-73.91781,"(40.648567, -73.91781)"
9903,40.763954,-73.878235,"(40.763954, -73.878235)"
9904,40.662563,-73.89146,"(40.662563, -73.89146)"
9905,40.61904,-74.008766,"(40.61904, -74.008766)"
9906,40.684387,-73.87243,"(40.684387, -73.87243)"
9907,40.65249,-73.95267,"(40.65249, -73.95267)"
9908,40.704422,-73.99491,"(40.704422, -73.99491)"
9909,40.624035,-73.91969,"(40.624035, -73.91969)"
9910,40.79257,-73.80164,"(40.79257, -73.80164)"
9911,40.830635,-73.8995,"(40.830635, -73.8995)"
9912,40.727917,-73.74269,"(40.727917, -73.74269)"
9914,40.8047,-73.91243,"(40.8047, -73.91243)"
9915,40.752262,-73.75965,"(40.752262, -73.75965)"
9916,40.853813,-73.90734,"(40.853813, -73.90734)"
9917,40.871094,-73.85615,"(40.871094, -73.85615)"
9918,40.798256,-73.92402,"(40.798256, -73.92402)"
9919,40.701736,-73.7447,"(40.701736, -73.7447)"
9920,40.64709,-73.918625,"(40.64709, -73.918625)"
9921,40.75144,-73.82493,"(40.75144, -73.82493)"
9922,40.617683,-74.02948,"(40.617683, -74.02948)"
9923,40.745243,-73.9848,"(40.745243, -73.9848)"
9924,40.798534,-73.923035,"(40.798534, -73.923035)"
9925,40.730133,-73.98949,"(40.730133, -73.98949)"
9926,40.634945,-73.9325,"(40.634945, -73.9325)"
9927,40.708817,-73.95899,"(40.708817, -73.95899)"
9928,40.614647,-73.962234,"(40.614647, -73.962234)"
9930,40.850155,-73.844955,"(40.850155, -73.844955)"
9931,40.718456,-74.00571,"(40.718456, -74.00571)"
9932,40.681847,-73.8026,"(40.681847, -73.8026)"
9933,40.75837,-201.23706,"(40.75837, -201.23706)"
9934,40.699482,-73.96104,"(40.699482, -73.96104)"
9935,40.70975,-73.79562,"(40.70975, -73.79562)"
9936,40.774223,-73.84066,"(40.774223, -73.84066)"
9937,40.67929,-73.90399,"(40.67929, -73.90399)"
9938,40.75085,-73.907005,"(40.75085, -73.907005)"
9939,40.762333,-73.833176,"(40.762333, -73.833176)"
9940,40.675987,-73.92146,"(40.675987, -73.92146)"
9941,40.69745,-73.93611,"(40.69745, -73.93611)"
9942,40.8283,-73.88296,"(40.8283, -73.88296)"
9943,40.721592,-73.87647,"(40.721592, -73.87647)"
9944,40.593014,-74.162766,"(40.593014, -74.162766)"
9945,40.596745,-73.985275,"(40.596745, -73.985275)"
9946,40.77745,-73.95205,"(40.77745, -73.95205)"
9947,40.790955,-73.9514,"(40.790955, -73.9514)"
9948,40.70636,-73.792534,"(40.70636, -73.792534)"
9949,40.86161,-73.92692,"(40.86161, -73.92692)"
9950,40.76706,-73.73912,"(40.76706, -73.73912)"
9951,40.757103,-73.9862,"(40.757103, -73.9862)"
9952,40.678917,-73.75949,"(40.678917, -73.75949)"
9953,40.724667,-73.82076,"(40.724667, -73.82076)"
9954,40.52474,-74.233444,"(40.52474, -74.233444)"
9955,40.67539,-73.97993,"(40.67539, -73.97993)"
9957,40.739296,-73.78506,"(40.739296, -73.78506)"
9958,40.7684,-73.73755,"(40.7684, -73.73755)"
9959,40.7192,-73.759224,"(40.7192, -73.759224)"
9960,40.865547,-73.92728,"(40.865547, -73.92728)"
9961,40.7228,-73.90182,"(40.7228, -73.90182)"
9963,40.670383,-73.83748,"(40.670383, -73.83748)"
9964,40.754375,-73.8234,"(40.754375, -73.8234)"
9965,40.815845,-73.89544,"(40.815845, -73.89544)"
9966,40.75412,-73.92955,"(40.75412, -73.92955)"
9967,40.718636,-73.959015,"(40.718636, -73.959015)"
9968,40.638245,-73.99595,"(40.638245, -73.99595)"
9969,40.76567,-73.785225,"(40.76567, -73.785225)"
9970,40.61086,-73.922516,"(40.61086, -73.922516)"
9971,40.68665,-73.920746,"(40.68665, -73.920746)"
9972,40.70224,-73.81965,"(40.70224, -73.81965)"
9973,40.83638,-73.90256,"(40.83638, -73.90256)"
9974,40.607338,-73.96189,"(40.607338, -73.96189)"
9975,40.82952,-73.895744,"(40.82952, -73.895744)"
9976,40.66462,-73.75292,"(40.66462, -73.75292)"
9977,40.8252,-73.867714,"(40.8252, -73.867714)"
9978,40.76222,-73.97875,"(40.76222, -73.97875)"
9979,40.77574,-73.847206,"(40.77574, -73.847206)"
9980,40.781876,-73.949394,"(40.781876, -73.949394)"
9981,40.668648,-73.92835,"(40.668648, -73.92835)"
9982,40.880463,-73.847435,"(40.880463, -73.847435)"
9983,40.67624,-73.866104,"(40.67624, -73.866104)"
9984,40.75,-73.89924,"(40.75, -73.89924)"
9985,40.62782,-74.12126,"(40.62782, -74.12126)"
9986,40.825573,-73.918465,"(40.825573, -73.918465)"
9987,40.787117,-73.94793,"(40.787117, -73.94793)"
9988,40.605595,-73.95958,"(40.605595, -73.95958)"
9989,40.66678,-73.839005,"(40.66678, -73.839005)"
9991,40.633278,-74.02062,"(40.633278, -74.02062)"
9992,40.61282,-73.99506,"(40.61282, -73.99506)"
9993,40.841835,-73.92243,"(40.841835, -73.92243)"
9994,40.825333,-73.84485,"(40.825333, -73.84485)"
9995,40.82391,-73.90809,"(40.82391, -73.90809)"
9997,40.711628,-73.729385,"(40.711628, -73.729385)"
9998,40.716515,-74.00331,"(40.716515, -74.00331)"
9999,40.76249,-73.839584,"(40.76249, -73.839584)"
