,latitude,longitude,location
0,40.5431797,-74.20382842,"(40.5431797, -74.20382842)"
1,40.66109185,-73.83817649,"(40.66109185, -73.83817649)"
2,40.6638587,-73.98565566,"(40.6638587, -73.98565566)"
3,40.55499729,-74.16558671,"(40.55499729, -74.16558671)"
4,40.72330974,-73.73326918,"(40.72330974, -73.73326918)"
5,40.71706028,-73.75199223,"(40.71706028, -73.75199223)"
6,40.54535318,-74.20030609,"(40.54535318, -74.20030609)"
7,40.69396089,-73.78925267,"(40.69396089, -73.78925267)"
8,40.74636005,-73.90091584,"(40.74636005, -73.90091584)"
9,40.63637554,-73.96641245,"(40.63637554, -73.96641245)"
10,40.70746358,-74.00772368,"(40.70746358, -74.00772368)"
11,40.70558318,-74.01700112,"(40.70558318, -74.01700112)"
12,40.71288605,-73.91054236,"(40.71288605, -73.91054236)"
13,40.69511432,-73.93225668,"(40.69511432, -73.93225668)"
14,40.75490877,-73.87455629,"(40.75490877, -73.87455629)"
15,40.54850434,-74.19146109,"(40.54850434, -74.19146109)"
16,40.71092469,-73.92022443,"(40.71092469, -73.92022443)"
17,40.55759275,-74.11700766,"(40.55759275, -74.11700766)"
18,40.62213805,-73.96618669,"(40.62213805, -73.96618669)"
19,40.70206965,-73.92421092,"(40.70206965, -73.92421092)"
20,40.64827138,-74.01114824,"(40.64827138, -74.01114824)"
21,40.84720347,-73.86811265,"(40.84720347, -73.86811265)"
22,40.87280944,-73.83734059,"(40.87280944, -73.83734059)"
23,40.60335936,-73.96396437,"(40.60335936, -73.96396437)"
24,40.59796899,-73.94152621,"(40.59796899, -73.94152621)"
25,40.74751227,-73.94481443,"(40.74751227, -73.94481443)"
26,40.83108088,-73.94319718,"(40.83108088, -73.94319718)"
27,40.70507616,-73.92658642,"(40.70507616, -73.92658642)"
28,40.69010862,-73.93577615,"(40.69010862, -73.93577615)"
29,40.69029179,-73.93417945,"(40.69029179, -73.93417945)"
30,40.63356982,-74.01511691,"(40.63356982, -74.01511691)"
31,40.74250689,-73.82038531,"(40.74250689, -73.82038531)"
32,40.5359096,-74.21708524,"(40.5359096, -74.21708524)"
33,40.87373634,-73.85471827,"(40.87373634, -73.85471827)"
34,40.88854337,-73.82060022,"(40.88854337, -73.82060022)"
35,40.8485064,-73.8551135,"(40.8485064, -73.8551135)"
36,40.78705744,-73.9797203,"(40.78705744, -73.9797203)"
37,40.54888303,-74.2185801,"(40.54888303, -74.2185801)"
38,40.66096132,-73.83827618,"(40.66096132, -73.83827618)"
39,40.61635162,-74.13185051,"(40.61635162, -74.13185051)"
40,40.87350385,-73.83626282,"(40.87350385, -73.83626282)"
41,40.70001979,-73.84262089,"(40.70001979, -73.84262089)"
42,40.71603875,-73.75173336,"(40.71603875, -73.75173336)"
43,40.83085313,-73.82624312,"(40.83085313, -73.82624312)"
44,40.88451441,-73.85826335,"(40.88451441, -73.85826335)"
45,40.61298253,-73.9067979,"(40.61298253, -73.9067979)"
46,40.75017211,-73.85768683,"(40.75017211, -73.85768683)"
47,40.59325697,-73.93769654,"(40.59325697, -73.93769654)"
48,40.84858696,-73.85493436,"(40.84858696, -73.85493436)"
49,40.54119244,-74.14446701,"(40.54119244, -74.14446701)"
50,40.65585992,-73.95569059,"(40.65585992, -73.95569059)"
51,40.6536308,-73.94978512,"(40.6536308, -73.94978512)"
52,40.65323985,-73.94974356,"(40.65323985, -73.94974356)"
53,40.70653109,-73.91412733,"(40.70653109, -73.91412733)"
54,40.81334814,-73.92753932,"(40.81334814, -73.92753932)"
55,40.77790839,-73.79747071,"(40.77790839, -73.79747071)"
56,40.6975268,-73.98113789,"(40.6975268, -73.98113789)"
57,40.73030899,-73.73090678,"(40.73030899, -73.73090678)"
58,40.68387929,-73.9541173,"(40.68387929, -73.9541173)"
59,40.78277696,-73.98141849,"(40.78277696, -73.98141849)"
60,40.83746257,-73.94405292,"(40.83746257, -73.94405292)"
61,40.7299765,-73.84940525,"(40.7299765, -73.84940525)"
62,40.86044682,-73.85614033,"(40.86044682, -73.85614033)"
63,40.80483585,-73.95051661,"(40.80483585, -73.95051661)"
64,40.70162915,-73.89201224,"(40.70162915, -73.89201224)"
65,40.60710463,-73.92581726,"(40.60710463, -73.92581726)"
66,40.62922603,-73.96803948,"(40.62922603, -73.96803948)"
67,40.62355705,-73.9262095,"(40.62355705, -73.9262095)"
68,40.75026337,-73.85218178,"(40.75026337, -73.85218178)"
69,40.8179034,-73.82273616,"(40.8179034, -73.82273616)"
70,40.75260236,-73.93538325,"(40.75260236, -73.93538325)"
71,40.77064296,-73.92000425,"(40.77064296, -73.92000425)"
72,40.70530834,-73.73798545,"(40.70530834, -73.73798545)"
73,40.72343318,-73.74515783,"(40.72343318, -73.74515783)"
74,40.689259,-73.83327579,"(40.689259, -73.83327579)"
75,40.8621425,-73.84547408,"(40.8621425, -73.84547408)"
76,40.67722117,-73.94298584,"(40.67722117, -73.94298584)"
77,40.54355681,-74.21513239,"(40.54355681, -74.21513239)"
78,40.83928582,-73.90885027,"(40.83928582, -73.90885027)"
79,40.87017963,-73.83976961,"(40.87017963, -73.83976961)"
80,40.76430272,-73.8753085,"(40.76430272, -73.8753085)"
81,40.72668281,-73.85584581,"(40.72668281, -73.85584581)"
82,40.74397983,-73.7212778,"(40.74397983, -73.7212778)"
83,40.74388727,-73.72140509,"(40.74388727, -73.72140509)"
84,40.5461262,-74.21658452,"(40.5461262, -74.21658452)"
85,40.74623384,-73.8813171,"(40.74623384, -73.8813171)"
86,40.53849212,-74.14386367,"(40.53849212, -74.14386367)"
87,40.62093447,-74.12905653,"(40.62093447, -74.12905653)"
88,40.62375663,-74.12652085,"(40.62375663, -74.12652085)"
89,40.72123372,-73.86724191,"(40.72123372, -73.86724191)"
90,40.74340645,-73.82305756,"(40.74340645, -73.82305756)"
91,40.72823287,-73.73810558,"(40.72823287, -73.73810558)"
92,40.86098101,-73.85174159,"(40.86098101, -73.85174159)"
93,40.73120671,-73.85301216,"(40.73120671, -73.85301216)"
94,40.87027541,-73.83972132,"(40.87027541, -73.83972132)"
95,40.55428523,-74.16850571,"(40.55428523, -74.16850571)"
96,40.76185323,-73.92871421,"(40.76185323, -73.92871421)"
97,40.71889294,-73.74085626,"(40.71889294, -73.74085626)"
98,40.74249751,-73.92078755,"(40.74249751, -73.92078755)"
99,40.72104477,-73.86822178,"(40.72104477, -73.86822178)"
100,40.62578968,-73.95515063,"(40.62578968, -73.95515063)"
101,40.65402019,-73.94612341,"(40.65402019, -73.94612341)"
102,40.73964624,-73.82421136,"(40.73964624, -73.82421136)"
103,40.73849351,-73.81816669,"(40.73849351, -73.81816669)"
104,40.69065151,-73.93102116,"(40.69065151, -73.93102116)"
105,40.54807201,-74.21309716,"(40.54807201, -74.21309716)"
106,40.59362795,-73.93776782,"(40.59362795, -73.93776782)"
107,40.84417783,-73.87778114,"(40.84417783, -73.87778114)"
108,40.72811317,-73.73702285,"(40.72811317, -73.73702285)"
109,40.61840041,-74.12794995,"(40.61840041, -74.12794995)"
110,40.87695369,-73.85706194,"(40.87695369, -73.85706194)"
111,40.57840041,-73.95979829,"(40.57840041, -73.95979829)"
112,40.72752365,-73.95121542,"(40.72752365, -73.95121542)"
113,40.86113085,-73.91006025,"(40.86113085, -73.91006025)"
114,40.54253573,-74.1981888,"(40.54253573, -74.1981888)"
115,40.75118847,-73.94685772,"(40.75118847, -73.94685772)"
116,40.75639251,-73.79188681,"(40.75639251, -73.79188681)"
117,40.53690387,-74.15699696,"(40.53690387, -74.15699696)"
118,40.52364854,-74.22121652,"(40.52364854, -74.22121652)"
119,40.74965796,-73.82760874,"(40.74965796, -73.82760874)"
120,40.69622505,-73.78691811,"(40.69622505, -73.78691811)"
121,40.88397434,-73.85657601,"(40.88397434, -73.85657601)"
122,40.88408373,-73.85691713,"(40.88408373, -73.85691713)"
123,40.75313618,-73.93094792,"(40.75313618, -73.93094792)"
124,40.71073981,-73.84224683,"(40.71073981, -73.84224683)"
125,40.59328149,-73.94351208,"(40.59328149, -73.94351208)"
126,40.60513812,-73.96832442,"(40.60513812, -73.96832442)"
127,40.56022215,-74.1155371,"(40.56022215, -74.1155371)"
128,40.70633579,-74.01616783,"(40.70633579, -74.01616783)"
129,40.57278838,-73.85804971,"(40.57278838, -73.85804971)"
130,40.73267568,-73.71442625,"(40.73267568, -73.71442625)"
131,40.62238655,-74.10869939,"(40.62238655, -74.10869939)"
132,40.73181386,-73.7151321,"(40.73181386, -73.7151321)"
133,40.86291656,-73.85545442,"(40.86291656, -73.85545442)"
134,40.67915092,-73.90719302,"(40.67915092, -73.90719302)"
135,40.67830085,-73.98341254,"(40.67830085, -73.98341254)"
136,40.70720382,-73.89658183,"(40.70720382, -73.89658183)"
137,40.72378716,-73.83967475,"(40.72378716, -73.83967475)"
138,40.62719666,-74.00335228,"(40.62719666, -74.00335228)"
139,40.69918324,-73.91832147,"(40.69918324, -73.91832147)"
140,40.767046,-73.96229186,"(40.767046, -73.96229186)"
141,40.66091279,-73.94834381,"(40.66091279, -73.94834381)"
142,40.57951912,-74.11866087,"(40.57951912, -74.11866087)"
143,40.54366857,-74.20905607,"(40.54366857, -74.20905607)"
144,40.50701744,-74.23400694,"(40.50701744, -74.23400694)"
145,40.61765578,-74.13134013,"(40.61765578, -74.13134013)"
146,40.85447295,-73.9288015,"(40.85447295, -73.9288015)"
147,40.78010015,-73.84183739,"(40.78010015, -73.84183739)"
148,40.61592309,-73.95071038,"(40.61592309, -73.95071038)"
149,40.74617288,-73.88118002,"(40.74617288, -73.88118002)"
150,40.53473815,-74.21675466,"(40.53473815, -74.21675466)"
151,40.53785593,-74.21767878,"(40.53785593, -74.21767878)"
152,40.626955,-74.12566894,"(40.626955, -74.12566894)"
153,40.71954814,-73.74034292,"(40.71954814, -73.74034292)"
154,40.58904422,-73.94258404,"(40.58904422, -73.94258404)"
155,40.63037601,-73.94165727,"(40.63037601, -73.94165727)"
156,40.74959985,-73.78987687,"(40.74959985, -73.78987687)"
157,40.86283786,-73.84403642,"(40.86283786, -73.84403642)"
158,40.86832224,-73.83515315,"(40.86832224, -73.83515315)"
159,40.62504675,-74.15509929,"(40.62504675, -74.15509929)"
160,40.62479226,-74.15514546,"(40.62479226, -74.15514546)"
161,40.53920655,-74.15922246,"(40.53920655, -74.15922246)"
162,40.74492856,-73.7103919,"(40.74492856, -73.7103919)"
163,40.70500802,-73.92665338,"(40.70500802, -73.92665338)"
164,40.833148,-73.87649181,"(40.833148, -73.87649181)"
165,40.59411761,-73.99044506,"(40.59411761, -73.99044506)"
166,40.84050238,-73.94390269,"(40.84050238, -73.94390269)"
167,40.82024969,-73.90373035,"(40.82024969, -73.90373035)"
168,40.79062324,-73.96641085,"(40.79062324, -73.96641085)"
169,40.7490297,-73.88910367,"(40.7490297, -73.88910367)"
170,40.66568615,-73.94261436,"(40.66568615, -73.94261436)"
171,40.63018071,-73.97099974,"(40.63018071, -73.97099974)"
172,40.86998005,-73.90177562,"(40.86998005, -73.90177562)"
173,40.87202196,-73.87734394,"(40.87202196, -73.87734394)"
174,40.71556822,-73.8315092,"(40.71556822, -73.8315092)"
175,40.66169352,-73.96023259,"(40.66169352, -73.96023259)"
176,40.83472856,-73.85286608,"(40.83472856, -73.85286608)"
177,40.59544691,-73.80087767,"(40.59544691, -73.80087767)"
178,40.5440647,-74.20370927,"(40.5440647, -74.20370927)"
179,40.53889265,-74.20169553,"(40.53889265, -74.20169553)"
180,40.61492375,-74.12682181,"(40.61492375, -74.12682181)"
181,40.62293445,-74.0116399,"(40.62293445, -74.0116399)"
182,40.63764041,-74.11499188,"(40.63764041, -74.11499188)"
183,40.61539166,-74.03445854,"(40.61539166, -74.03445854)"
184,40.61522121,-74.03452768,"(40.61522121, -74.03452768)"
185,40.74271152,-73.82300464,"(40.74271152, -73.82300464)"
186,40.83554909,-73.84938756,"(40.83554909, -73.84938756)"
187,40.81718831,-73.93877264,"(40.81718831, -73.93877264)"
188,40.54953126,-74.16644343,"(40.54953126, -74.16644343)"
189,40.5420467,-74.21610923,"(40.5420467, -74.21610923)"
190,40.83710475,-73.83616943,"(40.83710475, -73.83616943)"
191,40.5128291,-74.23503691,"(40.5128291, -74.23503691)"
192,40.8705446,-73.84884071,"(40.8705446, -73.84884071)"
193,40.61102765,-74.1218119,"(40.61102765, -74.1218119)"
194,40.8317623,-73.8248158,"(40.8317623, -73.8248158)"
195,40.76443255,-73.87302123,"(40.76443255, -73.87302123)"
196,40.87456782,-73.84531828,"(40.87456782, -73.84531828)"
197,40.61497079,-74.1334224,"(40.61497079, -74.1334224)"
198,40.88571675,-73.90563733,"(40.88571675, -73.90563733)"
199,40.73908095,-73.82160186,"(40.73908095, -73.82160186)"
200,40.54829297,-74.21456256,"(40.54829297, -74.21456256)"
201,40.54799808,-74.21343469,"(40.54799808, -74.21343469)"
202,40.74156914,-73.81527665,"(40.74156914, -73.81527665)"
203,40.72686268,-73.84920468,"(40.72686268, -73.84920468)"
204,40.60771718,-73.90794526,"(40.60771718, -73.90794526)"
205,40.7209821,-73.7394984,"(40.7209821, -73.7394984)"
206,40.54564419,-74.21580974,"(40.54564419, -74.21580974)"
207,40.60915528,-73.90860183,"(40.60915528, -73.90860183)"
208,40.71160153,-73.84437048,"(40.71160153, -73.84437048)"
209,40.78267383,-73.79958905,"(40.78267383, -73.79958905)"
210,40.54339158,-74.21558295,"(40.54339158, -74.21558295)"
211,40.74296748,-73.71327067,"(40.74296748, -73.71327067)"
212,40.74274827,-73.71318915,"(40.74274827, -73.71318915)"
213,40.62094752,-73.93275467,"(40.62094752, -73.93275467)"
214,40.54987639,-74.15286749,"(40.54987639, -74.15286749)"
215,40.62668955,-74.03144198,"(40.62668955, -74.03144198)"
216,40.66044218,-73.8362388,"(40.66044218, -73.8362388)"
217,40.77458031,-73.90539212,"(40.77458031, -73.90539212)"
218,40.60730158,-73.92603706,"(40.60730158, -73.92603706)"
219,40.61692146,-74.03574155,"(40.61692146, -74.03574155)"
220,40.70248385,-73.73826125,"(40.70248385, -73.73826125)"
221,40.61618074,-73.96057068,"(40.61618074, -73.96057068)"
222,40.62767926,-73.99516534,"(40.62767926, -73.99516534)"
223,40.72416714,-73.74609928,"(40.72416714, -73.74609928)"
224,40.76010511,-73.92916996,"(40.76010511, -73.92916996)"
225,40.72029773,-73.86720848,"(40.72029773, -73.86720848)"
226,40.52794706,-74.23601379,"(40.52794706, -74.23601379)"
227,40.61971183,-74.14277648,"(40.61971183, -74.14277648)"
228,40.76074574,-73.90767457,"(40.76074574, -73.90767457)"
229,40.68010837,-73.9030595,"(40.68010837, -73.9030595)"
230,40.55719478,-74.11883378,"(40.55719478, -74.11883378)"
231,40.72865648,-73.97819832,"(40.72865648, -73.97819832)"
232,40.79178329,-73.96695642,"(40.79178329, -73.96695642)"
233,40.6381497,-74.07579482,"(40.6381497, -74.07579482)"
234,40.62738723,-73.93258932,"(40.62738723, -73.93258932)"
235,40.7385511,-74.00981748,"(40.7385511, -74.00981748)"
236,40.72911292,-73.71300885,"(40.72911292, -73.71300885)"
237,40.84062763,-73.9441428,"(40.84062763, -73.9441428)"
238,40.61651138,-73.96879688,"(40.61651138, -73.96879688)"
239,40.6166825,-73.96882953,"(40.6166825, -73.96882953)"
240,40.80234997,-73.96756876,"(40.80234997, -73.96756876)"
241,40.70183653,-73.83654681,"(40.70183653, -73.83654681)"
242,40.7275462,-73.95114687,"(40.7275462, -73.95114687)"
243,40.78799859,-73.84013337,"(40.78799859, -73.84013337)"
244,40.60627622,-73.96695161,"(40.60627622, -73.96695161)"
245,40.70325333,-73.7353952,"(40.70325333, -73.7353952)"
246,40.68890663,-73.94621564,"(40.68890663, -73.94621564)"
247,40.57035323,-74.13306695,"(40.57035323, -74.13306695)"
248,40.66907584,-73.9330441,"(40.66907584, -73.9330441)"
249,40.74737626,-73.80015282,"(40.74737626, -73.80015282)"
250,40.68407364,-73.95415562,"(40.68407364, -73.95415562)"
251,40.68401609,-73.95414427,"(40.68401609, -73.95414427)"
252,40.67375752,-73.77865345,"(40.67375752, -73.77865345)"
253,40.67383049,-73.77875828,"(40.67383049, -73.77875828)"
254,40.5632669,-74.12297459,"(40.5632669, -74.12297459)"
255,40.59681057,-73.79757971,"(40.59681057, -73.79757971)"
256,40.61137715,-73.98812141,"(40.61137715, -73.98812141)"
257,40.87638559,-73.83014669,"(40.87638559, -73.83014669)"
258,40.8307492,-73.87674349,"(40.8307492, -73.87674349)"
259,40.61473207,-73.98463442,"(40.61473207, -73.98463442)"
260,40.65821058,-73.95888532,"(40.65821058, -73.95888532)"
261,40.84301418,-73.91947664,"(40.84301418, -73.91947664)"
262,40.81880053,-73.94012364,"(40.81880053, -73.94012364)"
263,40.61377023,-74.14284514,"(40.61377023, -74.14284514)"
264,40.7187978,-73.75328375,"(40.7187978, -73.75328375)"
265,40.73140646,-73.85233071,"(40.73140646, -73.85233071)"
266,40.72268035,-73.73565623,"(40.72268035, -73.73565623)"
267,40.63042826,-73.94151279,"(40.63042826, -73.94151279)"
268,40.62184638,-74.12880889,"(40.62184638, -74.12880889)"
269,40.69680251,-73.9331649,"(40.69680251, -73.9331649)"
270,40.73274583,-74.00978816,"(40.73274583, -74.00978816)"
271,40.51074196,-74.23398153,"(40.51074196, -74.23398153)"
272,40.54572915,-74.21508676,"(40.54572915, -74.21508676)"
273,40.61397341,-74.14041064,"(40.61397341, -74.14041064)"
274,40.70517969,-73.92648469,"(40.70517969, -73.92648469)"
275,40.53789854,-74.21646107,"(40.53789854, -74.21646107)"
276,40.75875799,-73.96207106,"(40.75875799, -73.96207106)"
277,40.54582967,-74.21561553,"(40.54582967, -74.21561553)"
278,40.80492334,-73.95072371,"(40.80492334, -73.95072371)"
279,40.50708019,-74.23370807,"(40.50708019, -74.23370807)"
280,40.74784209,-73.94554882,"(40.74784209, -73.94554882)"
281,40.83202593,-73.94929778,"(40.83202593, -73.94929778)"
282,40.61816304,-73.99785203,"(40.61816304, -73.99785203)"
283,40.62245537,-73.97027145,"(40.62245537, -73.97027145)"
284,40.576028,-73.96872111,"(40.576028, -73.96872111)"
285,40.76897557,-73.9673554,"(40.76897557, -73.9673554)"
286,40.72868504,-73.97826538,"(40.72868504, -73.97826538)"
287,40.71598346,-73.7485886,"(40.71598346, -73.7485886)"
288,40.80402512,-73.96022649,"(40.80402512, -73.96022649)"
289,40.7674076,-73.74639787,"(40.7674076, -73.74639787)"
290,40.83912859,-73.86834238,"(40.83912859, -73.86834238)"
291,40.73030083,-73.73046279,"(40.73030083, -73.73046279)"
292,40.61912007,-73.9681731,"(40.61912007, -73.9681731)"
293,40.72573966,-73.94373612,"(40.72573966, -73.94373612)"
294,40.62265365,-74.10783792,"(40.62265365, -74.10783792)"
295,40.53807147,-74.21553351,"(40.53807147, -74.21553351)"
296,40.53813733,-74.21712651,"(40.53813733, -74.21712651)"
297,40.76415055,-73.87568417,"(40.76415055, -73.87568417)"
298,40.58650655,-73.93304218,"(40.58650655, -73.93304218)"
299,40.54911821,-74.20041867,"(40.54911821, -74.20041867)"
300,40.84210446,-73.91381571,"(40.84210446, -73.91381571)"
301,40.70384216,-73.92709555,"(40.70384216, -73.92709555)"
302,40.54638774,-74.19906879,"(40.54638774, -74.19906879)"
303,40.77822899,-73.95036619,"(40.77822899, -73.95036619)"
304,40.85169104,-73.92710683,"(40.85169104, -73.92710683)"
305,40.60653631,-73.99069981,"(40.60653631, -73.99069981)"
306,40.53703365,-74.20009798,"(40.53703365, -74.20009798)"
307,40.75990453,-73.99030803,"(40.75990453, -73.99030803)"
308,40.86328634,-73.84435468,"(40.86328634, -73.84435468)"
309,40.68937138,-73.9366451,"(40.68937138, -73.9366451)"
310,40.74377248,-73.71576696,"(40.74377248, -73.71576696)"
311,40.70201714,-73.94969142,"(40.70201714, -73.94969142)"
312,40.76299455,-73.76093943,"(40.76299455, -73.76093943)"
313,40.62558187,-74.03321704,"(40.62558187, -74.03321704)"
314,40.55055879,-74.21023426,"(40.55055879, -74.21023426)"
315,40.72623197,-73.8567827,"(40.72623197, -73.8567827)"
316,40.61234615,-73.9794301,"(40.61234615, -73.9794301)"
317,40.7953096,-73.80562573,"(40.7953096, -73.80562573)"
318,40.83624954,-73.83522489,"(40.83624954, -73.83522489)"
319,40.84876679,-73.85345552,"(40.84876679, -73.85345552)"
320,40.61496717,-74.12758164,"(40.61496717, -74.12758164)"
321,40.79174675,-73.80722113,"(40.79174675, -73.80722113)"
322,40.83580466,-73.92824043,"(40.83580466, -73.92824043)"
323,40.74177469,-73.92508951,"(40.74177469, -73.92508951)"
324,40.53858823,-74.16203339,"(40.53858823, -74.16203339)"
325,40.70171536,-73.92520642,"(40.70171536, -73.92520642)"
326,40.7249638,-73.84822657,"(40.7249638, -73.84822657)"
327,40.54576753,-74.21613888,"(40.54576753, -74.21613888)"
328,40.6892459,-73.93771861,"(40.6892459, -73.93771861)"
329,40.54595542,-74.17856867,"(40.54595542, -74.17856867)"
330,40.87430384,-73.85373629,"(40.87430384, -73.85373629)"
331,40.76779482,-73.99307609,"(40.76779482, -73.99307609)"
332,40.84307798,-73.90906616,"(40.84307798, -73.90906616)"
333,40.74422366,-73.91666872,"(40.74422366, -73.91666872)"
334,40.76049102,-73.89769544,"(40.76049102, -73.89769544)"
335,40.61153567,-73.94101036,"(40.61153567, -73.94101036)"
336,40.84191975,-73.87871582,"(40.84191975, -73.87871582)"
337,40.8700562,-73.84040261,"(40.8700562, -73.84040261)"
338,40.87010847,-73.84024015,"(40.87010847, -73.84024015)"
339,40.80658119,-73.88676737,"(40.80658119, -73.88676737)"
340,40.73084324,-73.8913792,"(40.73084324, -73.8913792)"
341,40.8632811,-73.8681653,"(40.8632811, -73.8681653)"
342,40.6322216,-73.89689173,"(40.6322216, -73.89689173)"
343,40.8654651,-73.85017635,"(40.8654651, -73.85017635)"
344,40.85987694,-73.84968249,"(40.85987694, -73.84968249)"
345,40.73116901,-73.85314077,"(40.73116901, -73.85314077)"
346,40.86853456,-73.83883254,"(40.86853456, -73.83883254)"
347,40.74263484,-73.92076031,"(40.74263484, -73.92076031)"
348,40.7404017,-73.76124316,"(40.7404017, -73.76124316)"
349,40.66283056,-73.94786353,"(40.66283056, -73.94786353)"
350,40.54476672,-74.20022937,"(40.54476672, -74.20022937)"
351,40.71522126,-73.8542674,"(40.71522126, -73.8542674)"
352,40.62759233,-73.9950204,"(40.62759233, -73.9950204)"
353,40.83185663,-73.8242672,"(40.83185663, -73.8242672)"
354,40.83339433,-73.82651688,"(40.83339433, -73.82651688)"
355,40.86217811,-73.85198214,"(40.86217811, -73.85198214)"
356,40.74019924,-73.91730144,"(40.74019924, -73.91730144)"
357,40.65340582,-73.74325527,"(40.65340582, -73.74325527)"
358,40.8462767,-73.93663866,"(40.8462767, -73.93663866)"
359,40.74325333,-73.71045214,"(40.74325333, -73.71045214)"
360,40.74230459,-73.71379162,"(40.74230459, -73.71379162)"
361,40.72348511,-74.00176173,"(40.72348511, -74.00176173)"
362,40.60795506,-73.94181806,"(40.60795506, -73.94181806)"
363,40.82920674,-73.89080464,"(40.82920674, -73.89080464)"
364,40.84301848,-73.9006113,"(40.84301848, -73.9006113)"
365,40.53891722,-74.15883667,"(40.53891722, -74.15883667)"
366,40.75725924,-73.8071742,"(40.75725924, -73.8071742)"
367,40.71797853,-73.73925161,"(40.71797853, -73.73925161)"
368,40.54193975,-74.20929062,"(40.54193975, -74.20929062)"
369,40.67323284,-73.82591409,"(40.67323284, -73.82591409)"
370,40.67318477,-73.82592907,"(40.67318477, -73.82592907)"
371,40.67123962,-73.82653597,"(40.67123962, -73.82653597)"
372,40.74627656,-73.92275505,"(40.74627656, -73.92275505)"
373,40.74688706,-73.92141882,"(40.74688706, -73.92141882)"
374,40.52146051,-74.23388814,"(40.52146051, -74.23388814)"
375,40.63020106,-73.95854108,"(40.63020106, -73.95854108)"
376,40.54171987,-74.20197371,"(40.54171987, -74.20197371)"
377,40.54842272,-74.16412222,"(40.54842272, -74.16412222)"
378,40.75707324,-73.79198161,"(40.75707324, -73.79198161)"
379,40.75005144,-73.86817824,"(40.75005144, -73.86817824)"
380,40.63044014,-74.10664568,"(40.63044014, -74.10664568)"
381,40.5457583,-74.17874279,"(40.5457583, -74.17874279)"
382,40.59200221,-73.94807061,"(40.59200221, -73.94807061)"
383,40.7782813,-73.95048988,"(40.7782813, -73.95048988)"
384,40.70260876,-73.92316207,"(40.70260876, -73.92316207)"
385,40.72323898,-73.86987903,"(40.72323898, -73.86987903)"
386,40.72346061,-73.8694017,"(40.72346061, -73.8694017)"
387,40.82059031,-73.92854403,"(40.82059031, -73.92854403)"
388,40.63367484,-73.90508207,"(40.63367484, -73.90508207)"
389,40.83317998,-73.82756519,"(40.83317998, -73.82756519)"
390,40.84164558,-73.84372097,"(40.84164558, -73.84372097)"
391,40.66101442,-73.73872521,"(40.66101442, -73.73872521)"
392,40.61120453,-74.14196035,"(40.61120453, -74.14196035)"
393,40.64704475,-73.94649565,"(40.64704475, -73.94649565)"
394,40.743165,-73.81478116,"(40.743165, -73.81478116)"
395,40.82088532,-73.92749787,"(40.82088532, -73.92749787)"
396,40.82028475,-73.92775154,"(40.82028475, -73.92775154)"
397,40.68469825,-73.83619031,"(40.68469825, -73.83619031)"
398,40.74566731,-73.87979014,"(40.74566731, -73.87979014)"
399,40.76581131,-73.99240093,"(40.76581131, -73.99240093)"
400,40.74435039,-73.87524555,"(40.74435039, -73.87524555)"
401,40.74471386,-73.87606141,"(40.74471386, -73.87606141)"
402,40.81096935,-73.96195035,"(40.81096935, -73.96195035)"
403,40.70011538,-73.91740656,"(40.70011538, -73.91740656)"
404,40.75305256,-73.77514681,"(40.75305256, -73.77514681)"
405,40.65350603,-73.89849577,"(40.65350603, -73.89849577)"
406,40.6392116,-73.93945926,"(40.6392116, -73.93945926)"
407,40.778316,-73.95057191,"(40.778316, -73.95057191)"
408,40.70255159,-73.92321821,"(40.70255159, -73.92321821)"
409,40.74348571,-73.8160176,"(40.74348571, -73.8160176)"
410,40.6896483,-73.9363087,"(40.6896483, -73.9363087)"
411,40.82022108,-73.9286867,"(40.82022108, -73.9286867)"
412,40.82049892,-73.92857934,"(40.82049892, -73.92857934)"
413,40.60535467,-73.96230704,"(40.60535467, -73.96230704)"
414,40.61393559,-73.90843122,"(40.61393559, -73.90843122)"
415,40.70970391,-73.95557586,"(40.70970391, -73.95557586)"
416,40.71281591,-73.82458202,"(40.71281591, -73.82458202)"
417,40.76461812,-73.98762261,"(40.76461812, -73.98762261)"
418,40.68704179,-73.98321293,"(40.68704179, -73.98321293)"
419,40.66430341,-73.75299777,"(40.66430341, -73.75299777)"
420,40.67640713,-74.01449657,"(40.67640713, -74.01449657)"
421,40.57831605,-73.95979098,"(40.57831605, -73.95979098)"
422,40.68010701,-73.91845862,"(40.68010701, -73.91845862)"
423,40.8430422,-73.9006852,"(40.8430422, -73.9006852)"
424,40.50352453,-74.25227263,"(40.50352453, -74.25227263)"
425,40.53889641,-74.15882207,"(40.53889641, -74.15882207)"
426,40.86528696,-73.86946695,"(40.86528696, -73.86946695)"
427,40.54938707,-74.22107139,"(40.54938707, -74.22107139)"
428,40.83084037,-73.87772541,"(40.83084037, -73.87772541)"
429,40.83069957,-73.87769252,"(40.83069957, -73.87769252)"
430,40.71074266,-73.84201514,"(40.71074266, -73.84201514)"
431,40.74856446,-73.79718254,"(40.74856446, -73.79718254)"
432,40.870282,-73.83900545,"(40.870282, -73.83900545)"
433,40.83699091,-73.8449797,"(40.83699091, -73.8449797)"
434,40.78731146,-73.81999526,"(40.78731146, -73.81999526)"
435,40.87131026,-73.83697724,"(40.87131026, -73.83697724)"
436,40.5483892,-74.21723065,"(40.5483892, -74.21723065)"
437,40.8398385,-73.91948953,"(40.8398385, -73.91948953)"
438,40.84001692,-73.91939964,"(40.84001692, -73.91939964)"
439,40.54324225,-74.21745787,"(40.54324225, -74.21745787)"
440,40.60356945,-73.97678141,"(40.60356945, -73.97678141)"
441,40.75944666,-73.89466378,"(40.75944666, -73.89466378)"
442,40.54557033,-74.21640752,"(40.54557033, -74.21640752)"
443,40.68489414,-73.8355107,"(40.68489414, -73.8355107)"
444,40.54933811,-74.22105241,"(40.54933811, -74.22105241)"
445,40.84384061,-73.9211969,"(40.84384061, -73.9211969)"
446,40.72385275,-73.90596547,"(40.72385275, -73.90596547)"
447,40.60691571,-73.96573184,"(40.60691571, -73.96573184)"
448,40.72193779,-73.74001531,"(40.72193779, -73.74001531)"
449,40.72438882,-73.90375474,"(40.72438882, -73.90375474)"
450,40.83590641,-73.8497218,"(40.83590641, -73.8497218)"
451,40.83129405,-73.91812443,"(40.83129405, -73.91812443)"
452,40.84918416,-73.85612516,"(40.84918416, -73.85612516)"
453,40.65140565,-73.953544,"(40.65140565, -73.953544)"
454,40.6485245,-73.84192511,"(40.6485245, -73.84192511)"
455,40.75966407,-73.80508388,"(40.75966407, -73.80508388)"
456,40.5412404,-74.14548269,"(40.5412404, -74.14548269)"
457,40.72622952,-73.84911665,"(40.72622952, -73.84911665)"
458,40.7563218,-73.78990033,"(40.7563218, -73.78990033)"
459,40.61936774,-74.12684275,"(40.61936774, -74.12684275)"
460,40.7054546,-73.87271632,"(40.7054546, -73.87271632)"
461,40.84389654,-73.84428494,"(40.84389654, -73.84428494)"
462,40.63160567,-74.03191356,"(40.63160567, -74.03191356)"
463,40.74307033,-73.82520244,"(40.74307033, -73.82520244)"
464,40.81943721,-73.81387675,"(40.81943721, -73.81387675)"
465,40.73128443,-73.85016739,"(40.73128443, -73.85016739)"
466,40.60469968,-73.91017321,"(40.60469968, -73.91017321)"
467,40.58652588,-73.93314347,"(40.58652588, -73.93314347)"
468,40.72298614,-73.9007629,"(40.72298614, -73.9007629)"
469,40.54580595,-74.21581534,"(40.54580595, -74.21581534)"
470,40.53703299,-74.20063499,"(40.53703299, -74.20063499)"
471,40.70483361,-73.92582123,"(40.70483361, -73.92582123)"
472,40.75249554,-73.94007519,"(40.75249554, -73.94007519)"
473,40.53812266,-74.20215108,"(40.53812266, -74.20215108)"
474,40.60892658,-73.90973111,"(40.60892658, -73.90973111)"
475,40.61366903,-73.90733717,"(40.61366903, -73.90733717)"
476,40.68996888,-73.93698736,"(40.68996888, -73.93698736)"
477,40.83131863,-73.87687646,"(40.83131863, -73.87687646)"
478,40.71722437,-73.75226397,"(40.71722437, -73.75226397)"
479,40.54591145,-74.21492285,"(40.54591145, -74.21492285)"
480,40.5458376,-74.21554869,"(40.5458376, -74.21554869)"
481,40.54002936,-74.16351955,"(40.54002936, -74.16351955)"
482,40.54460565,-74.21603004,"(40.54460565, -74.21603004)"
483,40.61619625,-73.95374834,"(40.61619625, -73.95374834)"
484,40.54377331,-74.21550933,"(40.54377331, -74.21550933)"
485,40.50448585,-74.25296895,"(40.50448585, -74.25296895)"
486,40.7073502,-73.89942141,"(40.7073502, -73.89942141)"
487,40.70124962,-73.93269082,"(40.70124962, -73.93269082)"
488,40.67114034,-73.96116052,"(40.67114034, -73.96116052)"
489,40.87342272,-73.90067914,"(40.87342272, -73.90067914)"
490,40.79153689,-73.96637225,"(40.79153689, -73.96637225)"
491,40.87438016,-73.84107583,"(40.87438016, -73.84107583)"
492,40.60769089,-73.93866063,"(40.60769089, -73.93866063)"
493,40.67981486,-73.737351,"(40.67981486, -73.737351)"
494,40.5851501,-74.0892207,"(40.5851501, -74.0892207)"
495,40.70344542,-73.91527505,"(40.70344542, -73.91527505)"
496,40.71841368,-73.75299587,"(40.71841368, -73.75299587)"
497,40.75763989,-73.80536112,"(40.75763989, -73.80536112)"
498,40.74179935,-73.92530433,"(40.74179935, -73.92530433)"
499,40.74180783,-73.92537819,"(40.74180783, -73.92537819)"
500,40.72419028,-73.90445479,"(40.72419028, -73.90445479)"
501,40.72412248,-73.90446266,"(40.72412248, -73.90446266)"
502,40.76161652,-73.81222757,"(40.76161652, -73.81222757)"
503,40.76156664,-73.81225372,"(40.76156664, -73.81225372)"
504,40.54806763,-74.15568127,"(40.54806763, -74.15568127)"
505,40.54809571,-74.15564582,"(40.54809571, -74.15564582)"
506,40.53796586,-74.20268183,"(40.53796586, -74.20268183)"
507,40.59756094,-73.94144898,"(40.59756094, -73.94144898)"
508,40.57252732,-73.85923492,"(40.57252732, -73.85923492)"
509,40.63575019,-73.9546079,"(40.63575019, -73.9546079)"
510,40.83319472,-73.82605659,"(40.83319472, -73.82605659)"
511,40.55115121,-74.16834848,"(40.55115121, -74.16834848)"
512,40.6535683,-73.74325324,"(40.6535683, -73.74325324)"
513,40.76822415,-73.77959429,"(40.76822415, -73.77959429)"
514,40.55054724,-74.21028832,"(40.55054724, -74.21028832)"
515,40.63145123,-73.90489979,"(40.63145123, -73.90489979)"
516,40.79530131,-73.80552447,"(40.79530131, -73.80552447)"
517,40.63277036,-74.01301466,"(40.63277036, -74.01301466)"
518,40.83973289,-73.91954274,"(40.83973289, -73.91954274)"
519,40.6220646,-74.12708252,"(40.6220646, -74.12708252)"
520,40.83209017,-73.94839038,"(40.83209017, -73.94839038)"
521,40.83257718,-73.87635883,"(40.83257718, -73.87635883)"
522,40.61683747,-74.1323112,"(40.61683747, -74.1323112)"
523,40.75148249,-73.71691181,"(40.75148249, -73.71691181)"
524,40.74689982,-73.92153382,"(40.74689982, -73.92153382)"
525,40.86453383,-73.85204706,"(40.86453383, -73.85204706)"
526,40.59535762,-73.94544249,"(40.59535762, -73.94544249)"
527,40.67583285,-73.9832494,"(40.67583285, -73.9832494)"
528,40.73984815,-73.95270429,"(40.73984815, -73.95270429)"
529,40.72439583,-73.90385679,"(40.72439583, -73.90385679)"
530,40.55574939,-74.16483875,"(40.55574939, -74.16483875)"
531,40.53628284,-74.21704252,"(40.53628284, -74.21704252)"
532,40.61399378,-74.12485057,"(40.61399378, -74.12485057)"
533,40.72718026,-73.85720911,"(40.72718026, -73.85720911)"
534,40.6047744,-74.16208915,"(40.6047744, -74.16208915)"
535,40.6048014,-74.16208269,"(40.6048014, -74.16208269)"
536,40.87384817,-73.84477717,"(40.87384817, -73.84477717)"
537,40.84738496,-73.86749861,"(40.84738496, -73.86749861)"
538,40.87379072,-73.8548882,"(40.87379072, -73.8548882)"
539,40.87369368,-73.854585,"(40.87369368, -73.854585)"
540,40.8718832,-73.83770243,"(40.8718832, -73.83770243)"
541,40.74148883,-73.81373222,"(40.74148883, -73.81373222)"
542,40.87700868,-73.85722363,"(40.87700868, -73.85722363)"
543,40.80726668,-73.88224881,"(40.80726668, -73.88224881)"
544,40.61926477,-73.90067106,"(40.61926477, -73.90067106)"
545,40.61920799,-73.90060799,"(40.61920799, -73.90060799)"
546,40.70573235,-73.87094228,"(40.70573235, -73.87094228)"
547,40.66227688,-73.89542642,"(40.66227688, -73.89542642)"
548,40.86580455,-73.8684246,"(40.86580455, -73.8684246)"
549,40.87412093,-73.85739339,"(40.87412093, -73.85739339)"
550,40.86862217,-73.8385622,"(40.86862217, -73.8385622)"
551,40.60611175,-73.98999892,"(40.60611175, -73.98999892)"
552,40.61517574,-73.98517324,"(40.61517574, -73.98517324)"
553,40.54846715,-74.16620875,"(40.54846715, -74.16620875)"
554,40.69978663,-73.91772923,"(40.69978663, -73.91772923)"
555,40.80469115,-73.95017407,"(40.80469115, -73.95017407)"
556,40.72303091,-73.7336055,"(40.72303091, -73.7336055)"
557,40.7438727,-73.71969311,"(40.7438727, -73.71969311)"
558,40.70680223,-73.92472052,"(40.70680223, -73.92472052)"
559,40.6056657,-73.9131398,"(40.6056657, -73.9131398)"
560,40.74799069,-73.94632174,"(40.74799069, -73.94632174)"
561,40.74689967,-73.77870673,"(40.74689967, -73.77870673)"
562,40.54545305,-74.20960772,"(40.54545305, -74.20960772)"
563,40.61579303,-73.92843016,"(40.61579303, -73.92843016)"
564,40.61151283,-73.98834612,"(40.61151283, -73.98834612)"
565,40.72589898,-73.85022901,"(40.72589898, -73.85022901)"
566,40.5711586,-74.11225353,"(40.5711586, -74.11225353)"
567,40.86389218,-73.84809435,"(40.86389218, -73.84809435)"
568,40.76082565,-73.92987948,"(40.76082565, -73.92987948)"
569,40.66335531,-73.83437539,"(40.66335531, -73.83437539)"
570,40.87478175,-73.85908955,"(40.87478175, -73.85908955)"
571,40.87464785,-73.85916446,"(40.87464785, -73.85916446)"
572,40.76010701,-73.96454531,"(40.76010701, -73.96454531)"
573,40.69232631,-73.8168971,"(40.69232631, -73.8168971)"
574,40.63096989,-73.89689811,"(40.63096989, -73.89689811)"
575,40.61085889,-73.93869688,"(40.61085889, -73.93869688)"
576,40.63504086,-73.95419762,"(40.63504086, -73.95419762)"
577,40.74266766,-73.71510968,"(40.74266766, -73.71510968)"
578,40.60655529,-73.91299193,"(40.60655529, -73.91299193)"
579,40.54893048,-74.20978107,"(40.54893048, -74.20978107)"
580,40.86108671,-73.85067191,"(40.86108671, -73.85067191)"
581,40.83730696,-73.83726274,"(40.83730696, -73.83726274)"
582,40.86406718,-73.84540718,"(40.86406718, -73.84540718)"
583,40.63046144,-74.03047752,"(40.63046144, -74.03047752)"
584,40.74298543,-73.71061522,"(40.74298543, -73.71061522)"
585,40.86162712,-73.85012243,"(40.86162712, -73.85012243)"
586,40.61028162,-74.13261304,"(40.61028162, -74.13261304)"
587,40.80167346,-73.94662914,"(40.80167346, -73.94662914)"
588,40.83177633,-73.92313101,"(40.83177633, -73.92313101)"
589,40.65321978,-73.7421281,"(40.65321978, -73.7421281)"
590,40.72468765,-73.84879905,"(40.72468765, -73.84879905)"
591,40.61481719,-74.1295058,"(40.61481719, -74.1295058)"
592,40.83351675,-73.84420636,"(40.83351675, -73.84420636)"
593,40.8332326,-73.87651152,"(40.8332326, -73.87651152)"
594,40.76414079,-73.87577933,"(40.76414079, -73.87577933)"
595,40.60288914,-73.96191741,"(40.60288914, -73.96191741)"
596,40.84194852,-73.91343946,"(40.84194852, -73.91343946)"
597,40.87435322,-73.85966281,"(40.87435322, -73.85966281)"
598,40.54588076,-74.17863462,"(40.54588076, -74.17863462)"
599,40.54643444,-74.19909204,"(40.54643444, -74.19909204)"
600,40.85158398,-73.92711674,"(40.85158398, -73.92711674)"
601,40.73505134,-73.79088925,"(40.73505134, -73.79088925)"
602,40.67083331,-73.74145387,"(40.67083331, -73.74145387)"
603,40.53098927,-74.18934883,"(40.53098927, -74.18934883)"
604,40.54534877,-74.19977275,"(40.54534877, -74.19977275)"
605,40.83733022,-73.9224781,"(40.83733022, -73.9224781)"
606,40.54587528,-74.21523009,"(40.54587528, -74.21523009)"
607,40.87648862,-73.84768063,"(40.87648862, -73.84768063)"
608,40.53979034,-74.16330209,"(40.53979034, -74.16330209)"
609,40.59665184,-74.16385541,"(40.59665184, -74.16385541)"
610,40.65680328,-73.95402376,"(40.65680328, -73.95402376)"
611,40.5363113,-74.21610549,"(40.5363113, -74.21610549)"
612,40.88254585,-73.85423657,"(40.88254585, -73.85423657)"
613,40.61424317,-74.12064762,"(40.61424317, -74.12064762)"
614,40.68206855,-73.88623436,"(40.68206855, -73.88623436)"
615,40.63502462,-74.11465285,"(40.63502462, -74.11465285)"
616,40.85443363,-73.91453037,"(40.85443363, -73.91453037)"
617,40.69519682,-73.81979652,"(40.69519682, -73.81979652)"
618,40.61978395,-73.92395575,"(40.61978395, -73.92395575)"
619,40.74815579,-73.85422405,"(40.74815579, -73.85422405)"
620,40.77105808,-73.93050367,"(40.77105808, -73.93050367)"
621,40.74911941,-73.7989799,"(40.74911941, -73.7989799)"
622,40.79218226,-73.80732309,"(40.79218226, -73.80732309)"
623,40.8429875,-73.92173469,"(40.8429875, -73.92173469)"
624,40.7010699,-73.76234934,"(40.7010699, -73.76234934)"
625,40.83786346,-73.91045374,"(40.83786346, -73.91045374)"
626,40.59814483,-73.95329704,"(40.59814483, -73.95329704)"
627,40.86882705,-73.84215319,"(40.86882705, -73.84215319)"
628,40.87350495,-73.8445913,"(40.87350495, -73.8445913)"
629,40.72820161,-73.73699108,"(40.72820161, -73.73699108)"
630,40.73417754,-74.00632424,"(40.73417754, -74.00632424)"
631,40.66955303,-73.86575233,"(40.66955303, -73.86575233)"
632,40.6269031,-74.03233949,"(40.6269031, -74.03233949)"
633,40.72544236,-74.01090962,"(40.72544236, -74.01090962)"
634,40.60960094,-74.06398095,"(40.60960094, -74.06398095)"
635,40.61504852,-74.12661036,"(40.61504852, -74.12661036)"
636,40.50145542,-74.24420644,"(40.50145542, -74.24420644)"
637,40.63601389,-74.11336802,"(40.63601389, -74.11336802)"
638,40.62110844,-74.12972341,"(40.62110844, -74.12972341)"
639,40.76245149,-73.76130192,"(40.76245149, -73.76130192)"
640,40.74983786,-73.94648496,"(40.74983786, -73.94648496)"
641,40.54316789,-74.21779224,"(40.54316789, -74.21779224)"
642,40.87603377,-73.84801756,"(40.87603377, -73.84801756)"
643,40.78855074,-73.82016016,"(40.78855074, -73.82016016)"
644,40.87235394,-73.85036177,"(40.87235394, -73.85036177)"
645,40.63774266,-74.11127842,"(40.63774266, -74.11127842)"
646,40.87095125,-73.83807764,"(40.87095125, -73.83807764)"
647,40.65322393,-73.74311628,"(40.65322393, -73.74311628)"
648,40.54301691,-74.21454213,"(40.54301691, -74.21454213)"
649,40.54317077,-74.21325427,"(40.54317077, -74.21325427)"
650,40.76040576,-73.80514814,"(40.76040576, -73.80514814)"
651,40.75868928,-73.80885795,"(40.75868928, -73.80885795)"
652,40.65646721,-73.83420042,"(40.65646721, -73.83420042)"
653,40.69102749,-73.81544207,"(40.69102749, -73.81544207)"
654,40.7190689,-73.75348694,"(40.7190689, -73.75348694)"
655,40.63000527,-73.95945669,"(40.63000527, -73.95945669)"
656,40.62537963,-74.02908305,"(40.62537963, -74.02908305)"
657,40.76443011,-73.99300421,"(40.76443011, -73.99300421)"
658,40.84635061,-73.89357434,"(40.84635061, -73.89357434)"
659,40.77843103,-73.95084389,"(40.77843103, -73.95084389)"
660,40.74865459,-73.97139053,"(40.74865459, -73.97139053)"
661,40.87306659,-73.8403785,"(40.87306659, -73.8403785)"
662,40.61580075,-74.03429258,"(40.61580075, -74.03429258)"
663,40.70538252,-73.92569229,"(40.70538252, -73.92569229)"
664,40.72663101,-73.84998861,"(40.72663101, -73.84998861)"
665,40.74667961,-73.88231971,"(40.74667961, -73.88231971)"
666,40.76623102,-73.99340254,"(40.76623102, -73.99340254)"
667,40.70348368,-73.9509733,"(40.70348368, -73.9509733)"
668,40.88898147,-73.9006076,"(40.88898147, -73.9006076)"
669,40.84637777,-73.89515784,"(40.84637777, -73.89515784)"
670,40.69154649,-73.78105741,"(40.69154649, -73.78105741)"
671,40.74872764,-73.97156507,"(40.74872764, -73.97156507)"
672,40.53842297,-74.20060637,"(40.53842297, -74.20060637)"
673,40.84461936,-73.90637177,"(40.84461936, -73.90637177)"
674,40.74678877,-73.88256522,"(40.74678877, -73.88256522)"
675,40.76628163,-73.99352331,"(40.76628163, -73.99352331)"
676,40.70118398,-73.88915896,"(40.70118398, -73.88915896)"
677,40.64822193,-74.01106635,"(40.64822193, -74.01106635)"
678,40.70425698,-73.87513795,"(40.70425698, -73.87513795)"
679,40.87683821,-73.85754602,"(40.87683821, -73.85754602)"
680,40.87972157,-73.85609342,"(40.87972157, -73.85609342)"
681,40.88395063,-73.87881119,"(40.88395063, -73.87881119)"
682,40.84437256,-73.89353909,"(40.84437256, -73.89353909)"
683,40.61414489,-74.12761213,"(40.61414489, -74.12761213)"
684,40.88455333,-73.87876332,"(40.88455333, -73.87876332)"
685,40.84641545,-73.833524,"(40.84641545, -73.833524)"
686,40.61649555,-73.95103913,"(40.61649555, -73.95103913)"
687,40.68933588,-73.93694876,"(40.68933588, -73.93694876)"
688,40.87732923,-73.85791452,"(40.87732923, -73.85791452)"
689,40.70481432,-73.75180304,"(40.70481432, -73.75180304)"
690,40.69975992,-73.81351103,"(40.69975992, -73.81351103)"
691,40.7679148,-73.96435244,"(40.7679148, -73.96435244)"
692,40.6203956,-73.90192741,"(40.6203956, -73.90192741)"
693,40.87611418,-73.84574866,"(40.87611418, -73.84574866)"
694,40.63167723,-73.90637635,"(40.63167723, -73.90637635)"
695,40.72001322,-73.73846049,"(40.72001322, -73.73846049)"
696,40.54349944,-74.2163014,"(40.54349944, -74.2163014)"
697,40.76273804,-73.76329917,"(40.76273804, -73.76329917)"
698,40.7227907,-73.94640401,"(40.7227907, -73.94640401)"
699,40.83086635,-73.94361211,"(40.83086635, -73.94361211)"
700,40.76522848,-73.98711659,"(40.76522848, -73.98711659)"
701,40.65866466,-73.98064519,"(40.65866466, -73.98064519)"
702,40.74044085,-73.92581464,"(40.74044085, -73.92581464)"
703,40.54098694,-74.20143828,"(40.54098694, -74.20143828)"
704,40.54991922,-74.14466763,"(40.54991922, -74.14466763)"
705,40.61076103,-73.95603463,"(40.61076103, -73.95603463)"
706,40.75312113,-73.93490327,"(40.75312113, -73.93490327)"
707,40.73021419,-73.73086873,"(40.73021419, -73.73086873)"
708,40.7228994,-73.94541932,"(40.7228994, -73.94541932)"
709,40.66014639,-73.99118242,"(40.66014639, -73.99118242)"
710,40.81690191,-73.81816131,"(40.81690191, -73.81816131)"
711,40.79075898,-73.96673302,"(40.79075898, -73.96673302)"
712,40.66583218,-73.97600811,"(40.66583218, -73.97600811)"
713,40.71196547,-73.91782219,"(40.71196547, -73.91782219)"
714,40.76709887,-73.92954145,"(40.76709887, -73.92954145)"
715,40.67964265,-73.97357074,"(40.67964265, -73.97357074)"
716,40.7468672,-73.9502891,"(40.7468672, -73.9502891)"
717,40.85474571,-73.91443416,"(40.85474571, -73.91443416)"
718,40.54309233,-74.21391082,"(40.54309233, -74.21391082)"
719,40.61102744,-73.985845,"(40.61102744, -73.985845)"
720,40.54483705,-74.21645762,"(40.54483705, -74.21645762)"
721,40.83995027,-73.91943322,"(40.83995027, -73.91943322)"
722,40.62689662,-73.99547707,"(40.62689662, -73.99547707)"
723,40.75664772,-73.99417385,"(40.75664772, -73.99417385)"
724,40.54784848,-74.19980656,"(40.54784848, -74.19980656)"
725,40.62273599,-74.12186843,"(40.62273599, -74.12186843)"
726,40.54990102,-74.16018138,"(40.54990102, -74.16018138)"
727,40.55409495,-74.16825185,"(40.55409495, -74.16825185)"
728,40.61479125,-74.13347661,"(40.61479125, -74.13347661)"
729,40.83474486,-73.84061116,"(40.83474486, -73.84061116)"
730,40.7280808,-73.85286148,"(40.7280808, -73.85286148)"
731,40.87803776,-73.85777345,"(40.87803776, -73.85777345)"
732,40.88908891,-73.90202683,"(40.88908891, -73.90202683)"
733,40.53588979,-74.21692982,"(40.53588979, -74.21692982)"
734,40.71338893,-73.85142061,"(40.71338893, -73.85142061)"
735,40.75125399,-73.94698767,"(40.75125399, -73.94698767)"
736,40.7179514,-73.97670881,"(40.7179514, -73.97670881)"
737,40.71755506,-73.83735051,"(40.71755506, -73.83735051)"
738,40.57575838,-73.96091408,"(40.57575838, -73.96091408)"
739,40.76150072,-73.78000494,"(40.76150072, -73.78000494)"
740,40.72903639,-73.77812907,"(40.72903639, -73.77812907)"
741,40.90235222,-73.84575285,"(40.90235222, -73.84575285)"
742,40.57227527,-74.11301477,"(40.57227527, -74.11301477)"
743,40.56746634,-74.13719604,"(40.56746634, -74.13719604)"
744,40.54611195,-74.20735704,"(40.54611195, -74.20735704)"
745,40.59168479,-74.18696827,"(40.59168479, -74.18696827)"
746,40.72111309,-73.86827686,"(40.72111309, -73.86827686)"
747,40.67724085,-73.95364881,"(40.67724085, -73.95364881)"
748,40.67560748,-73.94210229,"(40.67560748, -73.94210229)"
749,40.72574321,-73.85039963,"(40.72574321, -73.85039963)"
750,40.60541323,-73.91206211,"(40.60541323, -73.91206211)"
751,40.65290086,-73.94383064,"(40.65290086, -73.94383064)"
752,40.83241814,-73.92495325,"(40.83241814, -73.92495325)"
753,40.72166343,-73.73927883,"(40.72166343, -73.73927883)"
754,40.87054565,-73.85550216,"(40.87054565, -73.85550216)"
755,40.65518919,-73.74335867,"(40.65518919, -73.74335867)"
756,40.71928872,-73.75595677,"(40.71928872, -73.75595677)"
757,40.7287143,-73.84937924,"(40.7287143, -73.84937924)"
758,40.54246762,-74.21681549,"(40.54246762, -74.21681549)"
759,40.54253814,-74.20545009,"(40.54253814, -74.20545009)"
760,40.76221084,-73.76122569,"(40.76221084, -73.76122569)"
761,40.5429961,-74.2147163,"(40.5429961, -74.2147163)"
762,40.54317765,-74.21319669,"(40.54317765, -74.21319669)"
763,40.54319268,-74.21307085,"(40.54319268, -74.21307085)"
764,40.75885364,-73.80883558,"(40.75885364, -73.80883558)"
765,40.83885569,-73.91051514,"(40.83885569, -73.91051514)"
766,40.62170872,-74.13053953,"(40.62170872, -74.13053953)"
767,40.61322402,-73.90796529,"(40.61322402, -73.90796529)"
768,40.86486296,-73.84806277,"(40.86486296, -73.84806277)"
769,40.87741845,-73.8558207,"(40.87741845, -73.8558207)"
770,40.74536453,-73.91439334,"(40.74536453, -73.91439334)"
771,40.90133143,-73.89907958,"(40.90133143, -73.89907958)"
772,40.87307727,-73.85679233,"(40.87307727, -73.85679233)"
773,40.88495525,-73.8513461,"(40.88495525, -73.8513461)"
774,40.54302523,-74.21447246,"(40.54302523, -74.21447246)"
775,40.62842124,-73.95356412,"(40.62842124, -73.95356412)"
776,40.84933359,-73.85327155,"(40.84933359, -73.85327155)"
777,40.53810468,-74.20182726,"(40.53810468, -74.20182726)"
778,40.61497843,-73.90951331,"(40.61497843, -73.90951331)"
779,40.89864294,-73.85507244,"(40.89864294, -73.85507244)"
780,40.87376512,-73.85480823,"(40.87376512, -73.85480823)"
781,40.87150332,-73.837517,"(40.87150332, -73.837517)"
782,40.87162326,-73.83757554,"(40.87162326, -73.83757554)"
783,40.61380081,-74.12045373,"(40.61380081, -74.12045373)"
784,40.83334895,-73.82573521,"(40.83334895, -73.82573521)"
785,40.65746367,-73.83658042,"(40.65746367, -73.83658042)"
786,40.62152591,-73.92539711,"(40.62152591, -73.92539711)"
787,40.78757046,-73.82074932,"(40.78757046, -73.82074932)"
788,40.83184373,-73.82710433,"(40.83184373, -73.82710433)"
789,40.60561704,-73.91174633,"(40.60561704, -73.91174633)"
790,40.69749306,-73.93777668,"(40.69749306, -73.93777668)"
791,40.90593205,-73.90234494,"(40.90593205, -73.90234494)"
792,40.87210725,-73.85180624,"(40.87210725, -73.85180624)"
793,40.4995425,-74.24463508,"(40.4995425, -74.24463508)"
794,40.86571173,-73.85294604,"(40.86571173, -73.85294604)"
795,40.86580311,-73.85294324,"(40.86580311, -73.85294324)"
796,40.81265946,-73.82471153,"(40.81265946, -73.82471153)"
797,40.82996263,-73.87670304,"(40.82996263, -73.87670304)"
798,40.54499869,-74.21536085,"(40.54499869, -74.21536085)"
799,40.6941698,-73.90599801,"(40.6941698, -73.90599801)"
800,40.6158629,-74.12546346,"(40.6158629, -74.12546346)"
801,40.61554546,-74.11949041,"(40.61554546, -74.11949041)"
802,40.61558361,-74.11904659,"(40.61558361, -74.11904659)"
803,40.6634713,-73.8354743,"(40.6634713, -73.8354743)"
804,40.74450259,-73.83173281,"(40.74450259, -73.83173281)"
805,40.65647119,-73.83633387,"(40.65647119, -73.83633387)"
806,40.8701399,-73.83990397,"(40.8701399, -73.83990397)"
807,40.79188669,-73.807371,"(40.79188669, -73.807371)"
808,40.6098217,-73.96298401,"(40.6098217, -73.96298401)"
809,40.82922896,-73.82298845,"(40.82922896, -73.82298845)"
810,40.75914716,-73.79389561,"(40.75914716, -73.79389561)"
811,40.62011736,-74.14070815,"(40.62011736, -74.14070815)"
812,40.51362611,-74.23544802,"(40.51362611, -74.23544802)"
813,40.7074973,-73.92148777,"(40.7074973, -73.92148777)"
814,40.70114103,-73.88964837,"(40.70114103, -73.88964837)"
815,40.83529994,-73.86896879,"(40.83529994, -73.86896879)"
816,40.75003458,-73.91604933,"(40.75003458, -73.91604933)"
817,40.85912907,-73.90950234,"(40.85912907, -73.90950234)"
818,40.88505209,-73.85164985,"(40.88505209, -73.85164985)"
819,40.54297801,-74.21486773,"(40.54297801, -74.21486773)"
820,40.54306329,-74.21415396,"(40.54306329, -74.21415396)"
821,40.76042993,-73.80527786,"(40.76042993, -73.80527786)"
822,40.53501728,-74.18343808,"(40.53501728, -74.18343808)"
823,40.53497832,-74.18356218,"(40.53497832, -74.18356218)"
824,40.70042039,-73.80847979,"(40.70042039, -73.80847979)"
825,40.65331798,-73.7426929,"(40.65331798, -73.7426929)"
826,40.54263114,-74.21608271,"(40.54263114, -74.21608271)"
827,40.67633088,-73.76221682,"(40.67633088, -73.76221682)"
828,40.74566475,-73.77661036,"(40.74566475, -73.77661036)"
829,40.88266119,-73.85184204,"(40.88266119, -73.85184204)"
830,40.60384126,-73.96405592,"(40.60384126, -73.96405592)"
831,40.8466816,-73.83440554,"(40.8466816, -73.83440554)"
832,40.54345043,-74.21652178,"(40.54345043, -74.21652178)"
833,40.7257131,-73.85050075,"(40.7257131, -73.85050075)"
834,40.60488233,-73.91288468,"(40.60488233, -73.91288468)"
835,40.5453817,-74.21724992,"(40.5453817, -74.21724992)"
836,40.75162679,-73.71484273,"(40.75162679, -73.71484273)"
837,40.60620317,-73.96072548,"(40.60620317, -73.96072548)"
838,40.54327511,-74.20403012,"(40.54327511, -74.20403012)"
839,40.83358539,-73.82573549,"(40.83358539, -73.82573549)"
840,40.85924683,-73.90939614,"(40.85924683, -73.90939614)"
841,40.87757141,-73.85661712,"(40.87757141, -73.85661712)"
842,40.6124048,-73.97944143,"(40.6124048, -73.97944143)"
843,40.54482089,-74.21653015,"(40.54482089, -74.21653015)"
844,40.77855143,-73.84364061,"(40.77855143, -73.84364061)"
845,40.55065199,-74.21785241,"(40.55065199, -74.21785241)"
846,40.63161436,-73.96234477,"(40.63161436, -73.96234477)"
847,40.74756709,-73.97837635,"(40.74756709, -73.97837635)"
848,40.60586257,-73.96069953,"(40.60586257, -73.96069953)"
849,40.78087432,-73.80077906,"(40.78087432, -73.80077906)"
850,40.63073346,-73.89681516,"(40.63073346, -73.89681516)"
851,40.54277462,-74.21543971,"(40.54277462, -74.21543971)"
852,40.54261789,-74.21614211,"(40.54261789, -74.21614211)"
853,40.65475023,-73.74396944,"(40.65475023, -73.74396944)"
854,40.74717238,-73.77711511,"(40.74717238, -73.77711511)"
855,40.70603888,-73.82381635,"(40.70603888, -73.82381635)"
856,40.7364719,-73.70532956,"(40.7364719, -73.70532956)"
857,40.76297792,-73.76637816,"(40.76297792, -73.76637816)"
858,40.61525078,-73.93629008,"(40.61525078, -73.93629008)"
859,40.8629149,-73.85537841,"(40.8629149, -73.85537841)"
860,40.75072394,-73.71343846,"(40.75072394, -73.71343846)"
861,40.61260779,-74.14655657,"(40.61260779, -74.14655657)"
862,40.72692191,-73.85866983,"(40.72692191, -73.85866983)"
863,40.5961219,-73.80036226,"(40.5961219, -73.80036226)"
864,40.6366551,-74.11350539,"(40.6366551, -74.11350539)"
865,40.7681078,-73.89661145,"(40.7681078, -73.89661145)"
866,40.71578776,-73.74867764,"(40.71578776, -73.74867764)"
867,40.83790769,-73.94641871,"(40.83790769, -73.94641871)"
868,40.75773879,-73.9613471,"(40.75773879, -73.9613471)"
869,40.70226816,-73.83439954,"(40.70226816, -73.83439954)"
870,40.80423294,-73.93295144,"(40.80423294, -73.93295144)"
871,40.72358793,-73.73935887,"(40.72358793, -73.73935887)"
872,40.80774866,-73.94154446,"(40.80774866, -73.94154446)"
873,40.83684826,-73.90815078,"(40.83684826, -73.90815078)"
874,40.88887679,-73.90080293,"(40.88887679, -73.90080293)"
875,40.63921873,-73.93935157,"(40.63921873, -73.93935157)"
876,40.77834963,-73.95065142,"(40.77834963, -73.95065142)"
877,40.70334147,-73.88672126,"(40.70334147, -73.88672126)"
878,40.74318769,-73.75188153,"(40.74318769, -73.75188153)"
879,40.63055378,-73.94167721,"(40.63055378, -73.94167721)"
880,40.61559653,-74.11889626,"(40.61559653, -74.11889626)"
881,40.70044636,-73.80843371,"(40.70044636, -73.80843371)"
882,40.661081,-73.83825083,"(40.661081, -73.83825083)"
883,40.74431645,-73.76593796,"(40.74431645, -73.76593796)"
884,40.72257922,-73.90041818,"(40.72257922, -73.90041818)"
885,40.72122821,-73.86836966,"(40.72122821, -73.86836966)"
886,40.77444287,-73.90668108,"(40.77444287, -73.90668108)"
887,40.8610729,-73.9101381,"(40.8610729, -73.9101381)"
888,40.75122032,-73.94692089,"(40.75122032, -73.94692089)"
889,40.6140843,-74.13956527,"(40.6140843, -74.13956527)"
890,40.65302378,-73.94989784,"(40.65302378, -73.94989784)"
891,40.60600378,-73.90228169,"(40.60600378, -73.90228169)"
892,40.55847903,-74.17160278,"(40.55847903, -74.17160278)"
893,40.738823,-73.82041073,"(40.738823, -73.82041073)"
894,40.81674375,-73.81426291,"(40.81674375, -73.81426291)"
895,40.54815593,-74.21404697,"(40.54815593, -74.21404697)"
896,40.87577532,-73.84556404,"(40.87577532, -73.84556404)"
897,40.60658202,-73.96273983,"(40.60658202, -73.96273983)"
898,40.53891025,-74.14450031,"(40.53891025, -74.14450031)"
899,40.64025633,-74.11439221,"(40.64025633, -74.11439221)"
900,40.63676735,-74.1149638,"(40.63676735, -74.1149638)"
901,40.63042252,-73.93046945,"(40.63042252, -73.93046945)"
902,40.5444968,-74.20196998,"(40.5444968, -74.20196998)"
903,40.55970275,-74.15588751,"(40.55970275, -74.15588751)"
904,40.61944419,-74.12792568,"(40.61944419, -74.12792568)"
905,40.61865863,-74.13985661,"(40.61865863, -74.13985661)"
906,40.54605858,-74.21655948,"(40.54605858, -74.21655948)"
907,40.84237868,-73.86825631,"(40.84237868, -73.86825631)"
908,40.79360636,-73.80634984,"(40.79360636, -73.80634984)"
909,40.54475499,-74.21682578,"(40.54475499, -74.21682578)"
910,40.62207483,-74.12694991,"(40.62207483, -74.12694991)"
911,40.62349214,-73.95385163,"(40.62349214, -73.95385163)"
912,40.77554526,-73.74839115,"(40.77554526, -73.74839115)"
913,40.75242281,-73.71508597,"(40.75242281, -73.71508597)"
914,40.86812265,-73.85557861,"(40.86812265, -73.85557861)"
915,40.7258137,-73.85051601,"(40.7258137, -73.85051601)"
916,40.54241336,-74.2170586,"(40.54241336, -74.2170586)"
917,40.53863204,-74.21773116,"(40.53863204, -74.21773116)"
918,40.53860378,-74.19709465,"(40.53860378, -74.19709465)"
919,40.53814362,-74.19750863,"(40.53814362, -74.19750863)"
920,40.61937894,-73.90079791,"(40.61937894, -73.90079791)"
921,40.54492146,-74.21912607,"(40.54492146, -74.21912607)"
922,40.86293415,-73.8493115,"(40.86293415, -73.8493115)"
923,40.83347777,-73.82564583,"(40.83347777, -73.82564583)"
924,40.66357782,-73.83796145,"(40.66357782, -73.83796145)"
925,40.75683387,-73.79194827,"(40.75683387, -73.79194827)"
926,40.87919608,-73.85543376,"(40.87919608, -73.85543376)"
927,40.8844341,-73.8580098,"(40.8844341, -73.8580098)"
928,40.63332237,-73.90573736,"(40.63332237, -73.90573736)"
929,40.74130536,-73.81217439,"(40.74130536, -73.81217439)"
930,40.60665483,-73.96275361,"(40.60665483, -73.96275361)"
931,40.86128141,-73.85013452,"(40.86128141, -73.85013452)"
932,40.71872532,-73.75322943,"(40.71872532, -73.75322943)"
933,40.860995,-73.85242535,"(40.860995, -73.85242535)"
934,40.87527713,-73.86939411,"(40.87527713, -73.86939411)"
935,40.7242585,-73.84657052,"(40.7242585, -73.84657052)"
936,40.86526124,-73.85133473,"(40.86526124, -73.85133473)"
937,40.74064658,-73.9162895,"(40.74064658, -73.9162895)"
938,40.6634691,-73.8356757,"(40.6634691, -73.8356757)"
939,40.58482689,-73.94369996,"(40.58482689, -73.94369996)"
940,40.50168994,-74.23854495,"(40.50168994, -74.23854495)"
941,40.50163104,-74.23852452,"(40.50163104, -74.23852452)"
942,40.62065094,-74.1463643,"(40.62065094, -74.1463643)"
943,40.74307745,-73.71018925,"(40.74307745, -73.71018925)"
944,40.86112488,-73.85241684,"(40.86112488, -73.85241684)"
945,40.69022068,-73.8337588,"(40.69022068, -73.8337588)"
946,40.60968694,-73.96339503,"(40.60968694, -73.96339503)"
947,40.61601882,-73.93480079,"(40.61601882, -73.93480079)"
948,40.84140194,-73.90937117,"(40.84140194, -73.90937117)"
949,40.84014198,-73.90905504,"(40.84014198, -73.90905504)"
950,40.54863639,-74.2175509,"(40.54863639, -74.2175509)"
951,40.74259772,-73.71313317,"(40.74259772, -73.71313317)"
952,40.64264691,-74.00182913,"(40.64264691, -74.00182913)"
953,40.66224161,-73.83776629,"(40.66224161, -73.83776629)"
954,40.87451715,-73.84097942,"(40.87451715, -73.84097942)"
955,40.59559023,-73.80101573,"(40.59559023, -73.80101573)"
956,40.65669081,-73.95587295,"(40.65669081, -73.95587295)"
957,40.596162,-74.16671605,"(40.596162, -74.16671605)"
958,40.63200045,-73.90673669,"(40.63200045, -73.90673669)"
959,40.63465526,-73.99744636,"(40.63465526, -73.99744636)"
960,40.71993743,-73.74171718,"(40.71993743, -73.74171718)"
961,40.58439812,-73.95918321,"(40.58439812, -73.95918321)"
962,40.54543349,-74.199947,"(40.54543349, -74.199947)"
963,40.61556063,-74.12927141,"(40.61556063, -74.12927141)"
964,40.66188933,-73.83580565,"(40.66188933, -73.83580565)"
965,40.54466439,-74.21605129,"(40.54466439, -74.21605129)"
966,40.74759668,-73.8751001,"(40.74759668, -73.8751001)"
967,40.55077673,-74.16646431,"(40.55077673, -74.16646431)"
968,40.50697122,-74.23266938,"(40.50697122, -74.23266938)"
969,40.57734524,-74.10308623,"(40.57734524, -74.10308623)"
970,40.74914556,-73.85854547,"(40.74914556, -73.85854547)"
971,40.74812251,-73.85636204,"(40.74812251, -73.85636204)"
972,40.78724554,-73.82027914,"(40.78724554, -73.82027914)"
973,40.70112002,-73.76215765,"(40.70112002, -73.76215765)"
974,40.88167021,-73.85112481,"(40.88167021, -73.85112481)"
975,40.86157818,-73.84723244,"(40.86157818, -73.84723244)"
976,40.55167892,-74.17521857,"(40.55167892, -74.17521857)"
977,40.74056323,-73.81692056,"(40.74056323, -73.81692056)"
978,40.71278359,-73.84975867,"(40.71278359, -73.84975867)"
979,40.71331925,-73.8512293,"(40.71331925, -73.8512293)"
980,40.54584959,-74.21544772,"(40.54584959, -74.21544772)"
981,40.74902593,-73.82769828,"(40.74902593, -73.82769828)"
982,40.60809672,-73.95714445,"(40.60809672, -73.95714445)"
983,40.70153086,-73.83652784,"(40.70153086, -73.83652784)"
984,40.66369646,-73.84379899,"(40.66369646, -73.84379899)"
985,40.69443055,-73.81973222,"(40.69443055, -73.81973222)"
986,40.5577423,-74.16827688,"(40.5577423, -74.16827688)"
987,40.60955813,-73.96337104,"(40.60955813, -73.96337104)"
988,40.65590677,-73.83524279,"(40.65590677, -73.83524279)"
989,40.65303196,-73.94424872,"(40.65303196, -73.94424872)"
990,40.5356286,-74.15627848,"(40.5356286, -74.15627848)"
991,40.76680472,-73.91490002,"(40.76680472, -73.91490002)"
992,40.83876262,-73.91023978,"(40.83876262, -73.91023978)"
993,40.83883293,-73.91044779,"(40.83883293, -73.91044779)"
994,40.88171792,-73.85109287,"(40.88171792, -73.85109287)"
995,40.87384893,-73.85507011,"(40.87384893, -73.85507011)"
996,40.83399757,-73.87506342,"(40.83399757, -73.87506342)"
997,40.65420584,-73.9469029,"(40.65420584, -73.9469029)"
998,40.54095882,-74.20165523,"(40.54095882, -74.20165523)"
999,40.74884847,-73.94688752,"(40.74884847, -73.94688752)"
1000,40.75861869,-73.99342121,"(40.75861869, -73.99342121)"
1001,40.68654758,-73.98227991,"(40.68654758, -73.98227991)"
1002,40.68206925,-73.954459,"(40.68206925, -73.954459)"
1003,40.70111776,-73.88991349,"(40.70111776, -73.88991349)"
1004,40.61745073,-74.14771635,"(40.61745073, -74.14771635)"
1005,40.7537383,-73.87005667,"(40.7537383, -73.87005667)"
1006,40.83148848,-73.87660259,"(40.83148848, -73.87660259)"
1007,40.67196526,-73.94466155,"(40.67196526, -73.94466155)"
1008,40.87643687,-73.82986681,"(40.87643687, -73.82986681)"
1009,40.69624541,-73.78684342,"(40.69624541, -73.78684342)"
1010,40.88296019,-73.85278465,"(40.88296019, -73.85278465)"
1011,40.83588318,-73.91697468,"(40.83588318, -73.91697468)"
1012,40.53753749,-74.22147531,"(40.53753749, -74.22147531)"
1013,40.60677233,-73.90686576,"(40.60677233, -73.90686576)"
1014,40.81800884,-73.94404276,"(40.81800884, -73.94404276)"
1015,40.67125951,-73.94492853,"(40.67125951, -73.94492853)"
1016,40.62316835,-74.12393356,"(40.62316835, -74.12393356)"
1017,40.61550016,-74.12875795,"(40.61550016, -74.12875795)"
1018,40.72337482,-73.86958648,"(40.72337482, -73.86958648)"
1019,40.72348263,-73.86935428,"(40.72348263, -73.86935428)"
1020,40.61209274,-73.98930649,"(40.61209274, -73.98930649)"
1021,40.75632509,-73.78984455,"(40.75632509, -73.78984455)"
1022,40.73446545,-73.78722458,"(40.73446545, -73.78722458)"
1023,40.59153421,-73.93546895,"(40.59153421, -73.93546895)"
1024,40.62540402,-74.15215088,"(40.62540402, -74.15215088)"
1025,40.63007034,-73.99760952,"(40.63007034, -73.99760952)"
1026,40.81970168,-73.81480066,"(40.81970168, -73.81480066)"
1027,40.78956875,-73.80768273,"(40.78956875, -73.80768273)"
1028,40.80725281,-73.88233947,"(40.80725281, -73.88233947)"
1029,40.87030282,-73.8400881,"(40.87030282, -73.8400881)"
1030,40.8742027,-73.85739112,"(40.8742027, -73.85739112)"
1031,40.73124507,-73.8499523,"(40.73124507, -73.8499523)"
1032,40.87753224,-73.84468122,"(40.87753224, -73.84468122)"
1033,40.88212061,-73.85809037,"(40.88212061, -73.85809037)"
1034,40.74729101,-73.71597491,"(40.74729101, -73.71597491)"
1035,40.53754967,-74.22130408,"(40.53754967, -74.22130408)"
1036,40.537504,-74.22193264,"(40.537504, -74.22193264)"
1037,40.54454215,-74.21600707,"(40.54454215, -74.21600707)"
1038,40.76247346,-73.76066039,"(40.76247346, -73.76066039)"
1039,40.54488401,-74.21624695,"(40.54488401, -74.21624695)"
1040,40.87158456,-73.84911271,"(40.87158456, -73.84911271)"
1041,40.57198107,-73.85967511,"(40.57198107, -73.85967511)"
1042,40.68971408,-73.83350435,"(40.68971408, -73.83350435)"
1043,40.54331092,-74.21555222,"(40.54331092, -74.21555222)"
1044,40.65507827,-73.83504086,"(40.65507827, -73.83504086)"
1045,40.869238,-73.83464568,"(40.869238, -73.83464568)"
1046,40.88398419,-73.87888921,"(40.88398419, -73.87888921)"
1047,40.81742228,-73.92977273,"(40.81742228, -73.92977273)"
1048,40.81698264,-73.94161338,"(40.81698264, -73.94161338)"
1049,40.63243306,-73.94819081,"(40.63243306, -73.94819081)"
1050,40.61770792,-74.15513257,"(40.61770792, -74.15513257)"
1051,40.61795819,-74.14764291,"(40.61795819, -74.14764291)"
1052,40.74464176,-73.9167809,"(40.74464176, -73.9167809)"
1053,40.6169316,-74.14564582,"(40.6169316, -74.14564582)"
1054,40.84481899,-73.94126156,"(40.84481899, -73.94126156)"
1055,40.62234691,-74.01066479,"(40.62234691, -74.01066479)"
1056,40.73144369,-73.84963171,"(40.73144369, -73.84963171)"
1057,40.74716153,-73.9735723,"(40.74716153, -73.9735723)"
1058,40.60908842,-74.1340305,"(40.60908842, -74.1340305)"
1059,40.60441516,-73.91061404,"(40.60441516, -73.91061404)"
1060,40.84605011,-73.8344879,"(40.84605011, -73.8344879)"
1061,40.6063474,-73.91186594,"(40.6063474, -73.91186594)"
1062,40.50835176,-74.24448021,"(40.50835176, -74.24448021)"
1063,40.61578507,-73.98676791,"(40.61578507, -73.98676791)"
1064,40.69833502,-73.73771716,"(40.69833502, -73.73771716)"
1065,40.4985987,-74.24039218,"(40.4985987, -74.24039218)"
1066,40.5715857,-73.8594485,"(40.5715857, -73.8594485)"
1067,40.50360788,-74.252333,"(40.50360788, -74.252333)"
1068,40.50546051,-74.25310595,"(40.50546051, -74.25310595)"
1069,40.67305657,-73.825969,"(40.67305657, -73.825969)"
1070,40.54251961,-74.20926506,"(40.54251961, -74.20926506)"
1071,40.72402514,-73.90447395,"(40.72402514, -73.90447395)"
1072,40.72385732,-73.90603158,"(40.72385732, -73.90603158)"
1073,40.72386189,-73.90609769,"(40.72386189, -73.90609769)"
1074,40.65350366,-73.94414568,"(40.65350366, -73.94414568)"
1075,40.54791238,-74.15587948,"(40.54791238, -74.15587948)"
1076,40.65839016,-73.95596639,"(40.65839016, -73.95596639)"
1077,40.71089465,-73.8424274,"(40.71089465, -73.8424274)"
1078,40.73978383,-73.81214638,"(40.73978383, -73.81214638)"
1079,40.65529679,-73.92308121,"(40.65529679, -73.92308121)"
1080,40.83454031,-73.92660956,"(40.83454031, -73.92660956)"
1081,40.62377113,-74.13496378,"(40.62377113, -74.13496378)"
1082,40.55053822,-74.21796894,"(40.55053822, -74.21796894)"
1083,40.55057628,-74.21792995,"(40.55057628, -74.21792995)"
1084,40.62741411,-74.1242184,"(40.62741411, -74.1242184)"
1085,40.54498417,-74.21548461,"(40.54498417, -74.21548461)"
1086,40.85769396,-73.86992604,"(40.85769396, -73.86992604)"
1087,40.72175187,-73.86792668,"(40.72175187, -73.86792668)"
1088,40.81883412,-73.9402024,"(40.81883412, -73.9402024)"
1089,40.54866465,-74.15429868,"(40.54866465, -74.15429868)"
1090,40.62461066,-74.13642523,"(40.62461066, -74.13642523)"
1091,40.70118834,-73.76189639,"(40.70118834, -73.76189639)"
1092,40.61263121,-73.90770932,"(40.61263121, -73.90770932)"
1093,40.6133978,-73.90805466,"(40.6133978, -73.90805466)"
1094,40.53876981,-74.19649541,"(40.53876981, -74.19649541)"
1095,40.54536631,-74.20024739,"(40.54536631, -74.20024739)"
1096,40.88881266,-73.82088033,"(40.88881266, -73.82088033)"
1097,40.79028509,-73.8075857,"(40.79028509, -73.8075857)"
1098,40.82513465,-73.86354301,"(40.82513465, -73.86354301)"
1099,40.83014394,-73.87756271,"(40.83014394, -73.87756271)"
1100,40.61281452,-74.15006558,"(40.61281452, -74.15006558)"
1101,40.57756115,-74.1028807,"(40.57756115, -74.1028807)"
1102,40.80584271,-73.96525303,"(40.80584271, -73.96525303)"
1103,40.64460141,-74.00377226,"(40.64460141, -74.00377226)"
1104,40.73279679,-74.00571754,"(40.73279679, -74.00571754)"
1105,40.82068188,-73.93998115,"(40.82068188, -73.93998115)"
1106,40.57164954,-73.86047206,"(40.57164954, -73.86047206)"
1107,40.67055672,-73.82675026,"(40.67055672, -73.82675026)"
1108,40.80449691,-73.91516101,"(40.80449691, -73.91516101)"
1109,40.53541223,-74.21737441,"(40.53541223, -74.21737441)"
1110,40.72378895,-73.90504208,"(40.72378895, -73.90504208)"
1111,40.76183562,-73.81229915,"(40.76183562, -73.81229915)"
1112,40.54754862,-74.15639566,"(40.54754862, -74.15639566)"
1113,40.50690163,-74.2443508,"(40.50690163, -74.2443508)"
1114,40.74150577,-73.814173,"(40.74150577, -73.814173)"
1115,40.55204846,-74.17016483,"(40.55204846, -74.17016483)"
1116,40.75288455,-73.77506577,"(40.75288455, -73.77506577)"
1117,40.71870197,-73.75336062,"(40.71870197, -73.75336062)"
1118,40.7184234,-73.7531528,"(40.7184234, -73.7531528)"
1119,40.71281867,-73.84985497,"(40.71281867, -73.84985497)"
1120,40.71328868,-73.85114536,"(40.71328868, -73.85114536)"
1121,40.5917521,-73.93531316,"(40.5917521, -73.93531316)"
1122,40.55205568,-74.15264802,"(40.55205568, -74.15264802)"
1123,40.87020958,-73.84037612,"(40.87020958, -73.84037612)"
1124,40.87027978,-73.84015928,"(40.87027978, -73.84015928)"
1125,40.60305766,-73.96308801,"(40.60305766, -73.96308801)"
1126,40.87205945,-73.84138253,"(40.87205945, -73.84138253)"
1127,40.88394314,-73.85647874,"(40.88394314, -73.85647874)"
1128,40.7525527,-73.9400227,"(40.7525527, -73.9400227)"
1129,40.72475947,-73.8485555,"(40.72475947, -73.8485555)"
1130,40.63953162,-74.11254585,"(40.63953162, -74.11254585)"
1131,40.83344462,-73.84474003,"(40.83344462, -73.84474003)"
1132,40.53795885,-74.21687012,"(40.53795885, -74.21687012)"
1133,40.53787592,-74.21558608,"(40.53787592, -74.21558608)"
1134,40.53502674,-74.21586297,"(40.53502674, -74.21586297)"
1135,40.63351426,-74.01513962,"(40.63351426, -74.01513962)"
1136,40.84083959,-73.91495415,"(40.84083959, -73.91495415)"
1137,40.53836922,-74.21711333,"(40.53836922, -74.21711333)"
1138,40.54909777,-74.20041029,"(40.54909777, -74.20041029)"
1139,40.54581405,-74.21574708,"(40.54581405, -74.21574708)"
1140,40.70377317,-73.9269733,"(40.70377317, -73.9269733)"
1141,40.74788186,-73.71363115,"(40.74788186, -73.71363115)"
1142,40.63300019,-73.9053782,"(40.63300019, -73.9053782)"
1143,40.70560398,-73.87277747,"(40.70560398, -73.87277747)"
1144,40.60416355,-73.96424155,"(40.60416355, -73.96424155)"
1145,40.64682321,-73.94532423,"(40.64682321, -73.94532423)"
1146,40.81951661,-73.81391699,"(40.81951661, -73.81391699)"
1147,40.84992014,-73.85243294,"(40.84992014, -73.85243294)"
1148,40.76817199,-73.99279972,"(40.76817199, -73.99279972)"
1149,40.69955991,-73.81422011,"(40.69955991, -73.81422011)"
1150,40.63954345,-74.11244252,"(40.63954345, -74.11244252)"
1151,40.83347636,-73.84450522,"(40.83347636, -73.84450522)"
1152,40.69798371,-73.8424281,"(40.69798371, -73.8424281)"
1153,40.53840884,-74.21727777,"(40.53840884, -74.21727777)"
1154,40.59070528,-73.93704426,"(40.59070528, -73.93704426)"
1155,40.70333999,-73.75952521,"(40.70333999, -73.75952521)"
1156,40.75282439,-73.93036198,"(40.75282439, -73.93036198)"
1157,40.54595315,-74.17857068,"(40.54595315, -74.17857068)"
1158,40.75843674,-73.80525154,"(40.75843674, -73.80525154)"
1159,40.76103523,-73.90744056,"(40.76103523, -73.90744056)"
1160,40.53538815,-74.21804978,"(40.53538815, -74.21804978)"
1161,40.54959288,-74.176775,"(40.54959288, -74.176775)"
1162,40.76011191,-73.99079904,"(40.76011191, -73.99079904)"
1163,40.73377571,-73.70522095,"(40.73377571, -73.70522095)"
1164,40.53595613,-74.21647882,"(40.53595613, -74.21647882)"
1165,40.7770203,-73.90619515,"(40.7770203, -73.90619515)"
1166,40.81644704,-73.94034776,"(40.81644704, -73.94034776)"
1167,40.87469906,-73.84537469,"(40.87469906, -73.84537469)"
1168,40.77407941,-73.81738473,"(40.77407941, -73.81738473)"
1169,40.81900194,-73.83801222,"(40.81900194, -73.83801222)"
1170,40.5458115,-74.2127373,"(40.5458115, -74.2127373)"
1171,40.7537239,-73.87065841,"(40.7537239, -73.87065841)"
1172,40.67008703,-73.9206735,"(40.67008703, -73.9206735)"
1173,40.87106852,-73.89092,"(40.87106852, -73.89092)"
1174,40.74439525,-73.85540809,"(40.74439525, -73.85540809)"
1175,40.72234047,-73.90180225,"(40.72234047, -73.90180225)"
1176,40.67657755,-73.94357996,"(40.67657755, -73.94357996)"
1177,40.53796659,-74.20276799,"(40.53796659, -74.20276799)"
1178,40.69304973,-73.8201753,"(40.69304973, -73.8201753)"
1179,40.88567868,-73.90568322,"(40.88567868, -73.90568322)"
1180,40.73967696,-73.82433483,"(40.73967696, -73.82433483)"
1181,40.73894356,-73.82096742,"(40.73894356, -73.82096742)"
1182,40.7385784,-73.81877326,"(40.7385784, -73.81877326)"
1183,40.73851295,-73.81830911,"(40.73851295, -73.81830911)"
1184,40.83428247,-73.92796802,"(40.83428247, -73.92796802)"
1185,40.69066388,-73.93091129,"(40.69066388, -73.93091129)"
1186,40.76091854,-73.80667679,"(40.76091854, -73.80667679)"
1187,40.77626954,-73.9602853,"(40.77626954, -73.9602853)"
1188,40.72592964,-73.85012584,"(40.72592964, -73.85012584)"
1189,40.8702281,-73.84031892,"(40.8702281, -73.84031892)"
1190,40.60311147,-73.96309802,"(40.60311147, -73.96309802)"
1191,40.6600988,-73.83805836,"(40.6600988, -73.83805836)"
1192,40.84022848,-73.90919821,"(40.84022848, -73.90919821)"
1193,40.73923685,-73.91831248,"(40.73923685, -73.91831248)"
1194,40.66088977,-73.95029198,"(40.66088977, -73.95029198)"
1195,40.83816609,-73.91663626,"(40.83816609, -73.91663626)"
1196,40.53789313,-74.21642434,"(40.53789313, -74.21642434)"
1197,40.55009777,-74.16022715,"(40.55009777, -74.16022715)"
1198,40.54405985,-74.16032394,"(40.54405985, -74.16032394)"
1199,40.535108,-74.15395245,"(40.535108, -74.15395245)"
1200,40.8629369,-73.8494944,"(40.8629369, -73.8494944)"
1201,40.83957577,-73.92257065,"(40.83957577, -73.92257065)"
1202,40.85301643,-73.90930744,"(40.85301643, -73.90930744)"
1203,40.74984048,-73.79887874,"(40.74984048, -73.79887874)"
1204,40.89725754,-73.89856118,"(40.89725754, -73.89856118)"
1205,40.81791913,-73.81543694,"(40.81791913, -73.81543694)"
1206,40.74585513,-73.71945198,"(40.74585513, -73.71945198)"
1207,40.54249182,-74.21269986,"(40.54249182, -74.21269986)"
1208,40.60588019,-73.96190775,"(40.60588019, -73.96190775)"
1209,40.50669121,-74.24221009,"(40.50669121, -74.24221009)"
1210,40.83390173,-73.84698255,"(40.83390173, -73.84698255)"
1211,40.58925955,-73.94470335,"(40.58925955, -73.94470335)"
1212,40.60834094,-74.06491594,"(40.60834094, -74.06491594)"
1213,40.70254512,-73.73840978,"(40.70254512, -73.73840978)"
1214,40.60386779,-73.97092023,"(40.60386779, -73.97092023)"
1215,40.54168285,-74.20941931,"(40.54168285, -74.20941931)"
1216,40.54167385,-74.20956635,"(40.54167385, -74.20956635)"
1217,40.72178386,-73.73895264,"(40.72178386, -73.73895264)"
1218,40.81695386,-73.81485247,"(40.81695386, -73.81485247)"
1219,40.77798832,-73.96188031,"(40.77798832, -73.96188031)"
1220,40.75834879,-73.79400194,"(40.75834879, -73.79400194)"
1221,40.79471519,-73.80609183,"(40.79471519, -73.80609183)"
1222,40.72454047,-73.84538326,"(40.72454047, -73.84538326)"
1223,40.70961436,-73.95474309,"(40.70961436, -73.95474309)"
1224,40.70970646,-73.95499667,"(40.70970646, -73.95499667)"
1225,40.60988843,-73.98927529,"(40.60988843, -73.98927529)"
1226,40.55618169,-74.16493607,"(40.55618169, -74.16493607)"
1227,40.77435454,-73.81740516,"(40.77435454, -73.81740516)"
1228,40.59463563,-73.98831566,"(40.59463563, -73.98831566)"
1229,40.79108675,-73.97892022,"(40.79108675, -73.97892022)"
1230,40.68895625,-73.94578714,"(40.68895625, -73.94578714)"
1231,40.68893991,-73.94592831,"(40.68893991, -73.94592831)"
1232,40.76824537,-73.96681607,"(40.76824537, -73.96681607)"
1233,40.87354105,-73.90064393,"(40.87354105, -73.90064393)"
1234,40.8045582,-73.96004524,"(40.8045582, -73.96004524)"
1235,40.66010522,-73.99147163,"(40.66010522, -73.99147163)"
1236,40.72670721,-73.94555748,"(40.72670721, -73.94555748)"
1237,40.75290637,-73.81071565,"(40.75290637, -73.81071565)"
1238,40.65036196,-73.83877947,"(40.65036196, -73.83877947)"
1239,40.78910744,-73.94082138,"(40.78910744, -73.94082138)"
1240,40.78278383,-73.97155603,"(40.78278383, -73.97155603)"
1241,40.63027751,-73.97079876,"(40.63027751, -73.97079876)"
1242,40.76412385,-73.87594461,"(40.76412385, -73.87594461)"
1243,40.70149094,-73.92542634,"(40.70149094, -73.92542634)"
1244,40.74693428,-73.92262312,"(40.74693428, -73.92262312)"
1245,40.54587985,-74.17867664,"(40.54587985, -74.17867664)"
1246,40.69852362,-73.91803373,"(40.69852362, -73.91803373)"
1247,40.5353683,-74.21747872,"(40.5353683, -74.21747872)"
1248,40.55409176,-74.15236842,"(40.55409176, -74.15236842)"
1249,40.84635275,-73.83444843,"(40.84635275, -73.83444843)"
1250,40.72306467,-73.73361833,"(40.72306467, -73.73361833)"
1251,40.7478846,-73.94576996,"(40.7478846, -73.94576996)"
1252,40.62339349,-74.01407631,"(40.62339349, -74.01407631)"
1253,40.7429795,-73.82443003,"(40.7429795, -73.82443003)"
1254,40.83163193,-73.9203341,"(40.83163193, -73.9203341)"
1255,40.55820754,-74.16538607,"(40.55820754, -74.16538607)"
1256,40.63670332,-74.11351572,"(40.63670332, -74.11351572)"
1257,40.65999721,-73.84294996,"(40.65999721, -73.84294996)"
1258,40.61960414,-73.9010481,"(40.61960414, -73.9010481)"
1259,40.72164026,-73.86869888,"(40.72164026, -73.86869888)"
1260,40.84324992,-73.92156927,"(40.84324992, -73.92156927)"
1261,40.63923641,-73.9390845,"(40.63923641, -73.9390845)"
1262,40.70114499,-73.76206215,"(40.70114499, -73.76206215)"
1263,40.61560423,-74.11880679,"(40.61560423, -74.11880679)"
1264,40.61333647,-73.90802312,"(40.61333647, -73.90802312)"
1265,40.62339583,-74.01240182,"(40.62339583, -74.01240182)"
1266,40.83847198,-73.91009601,"(40.83847198, -73.91009601)"
1267,40.61411471,-74.1279991,"(40.61411471, -74.1279991)"
1268,40.62183423,-74.12896296,"(40.62183423, -74.12896296)"
1269,40.59343567,-73.93773087,"(40.59343567, -73.93773087)"
1270,40.59354267,-73.93775143,"(40.59354267, -73.93775143)"
1271,40.53214414,-74.16565982,"(40.53214414, -74.16565982)"
1272,40.61826334,-74.1279314,"(40.61826334, -74.1279314)"
1273,40.60149319,-73.96583516,"(40.60149319, -73.96583516)"
1274,40.65607955,-73.95369702,"(40.65607955, -73.95369702)"
1275,40.6946687,-73.96032866,"(40.6946687, -73.96032866)"
1276,40.78804533,-73.81982711,"(40.78804533, -73.81982711)"
1277,40.61900161,-73.95039664,"(40.61900161, -73.95039664)"
1278,40.54544772,-74.21695508,"(40.54544772, -74.21695508)"
1279,40.65469477,-73.95617307,"(40.65469477, -73.95617307)"
1280,40.63135909,-73.89751235,"(40.63135909, -73.89751235)"
1281,40.72424415,-73.85118823,"(40.72424415, -73.85118823)"
1282,40.81679181,-73.80089824,"(40.81679181, -73.80089824)"
1283,40.71446299,-73.7311887,"(40.71446299, -73.7311887)"
1284,40.78632789,-73.97817818,"(40.78632789, -73.97817818)"
1285,40.73517548,-73.70550273,"(40.73517548, -73.70550273)"
1286,40.69645294,-73.77377564,"(40.69645294, -73.77377564)"
1287,40.6928318,-73.82574868,"(40.6928318, -73.82574868)"
1288,40.61125723,-73.95577801,"(40.61125723, -73.95577801)"
1289,40.61906724,-73.92337821,"(40.61906724, -73.92337821)"
1290,40.61250237,-73.98677846,"(40.61250237, -73.98677846)"
1291,40.60766187,-73.9256945,"(40.60766187, -73.9256945)"
1292,40.59600804,-74.16570401,"(40.59600804, -74.16570401)"
1293,40.60649539,-73.92350185,"(40.60649539, -73.92350185)"
1294,40.61676576,-74.14308581,"(40.61676576, -74.14308581)"
1295,40.61625374,-73.98715099,"(40.61625374, -73.98715099)"
1296,40.72467501,-73.84919727,"(40.72467501, -73.84919727)"
1297,40.62516836,-74.02818652,"(40.62516836, -74.02818652)"
1298,40.74349895,-73.75202857,"(40.74349895, -73.75202857)"
1299,40.81561659,-73.82375732,"(40.81561659, -73.82375732)"
1300,40.84250426,-73.92203932,"(40.84250426, -73.92203932)"
1301,40.73185037,-73.85049374,"(40.73185037, -73.85049374)"
1302,40.78653771,-73.8204137,"(40.78653771, -73.8204137)"
1303,40.71656475,-73.85606948,"(40.71656475, -73.85606948)"
1304,40.87391212,-73.84743051,"(40.87391212, -73.84743051)"
1305,40.5517969,-74.16508626,"(40.5517969, -74.16508626)"
1306,40.54997088,-74.22129768,"(40.54997088, -74.22129768)"
1307,40.61669613,-74.10067347,"(40.61669613, -74.10067347)"
1308,40.55396442,-74.13230241,"(40.55396442, -74.13230241)"
1309,40.83324101,-73.82744028,"(40.83324101, -73.82744028)"
1310,40.72180127,-74.00305668,"(40.72180127, -74.00305668)"
1311,40.60504208,-73.96345702,"(40.60504208, -73.96345702)"
1312,40.72023387,-73.74209252,"(40.72023387, -73.74209252)"
1313,40.85229494,-73.88677612,"(40.85229494, -73.88677612)"
1314,40.89682429,-73.85193541,"(40.89682429, -73.85193541)"
1315,40.64004732,-74.01878099,"(40.64004732, -74.01878099)"
1316,40.73206592,-73.78961017,"(40.73206592, -73.78961017)"
1317,40.9024627,-73.84383471,"(40.9024627, -73.84383471)"
1318,40.72262638,-73.84602951,"(40.72262638, -73.84602951)"
1319,40.725022,-73.74088138,"(40.725022, -73.74088138)"
1320,40.7595791,-73.80591079,"(40.7595791, -73.80591079)"
1321,40.72246408,-73.90040159,"(40.72246408, -73.90040159)"
1322,40.72995701,-73.84947077,"(40.72995701, -73.84947077)"
1323,40.50378684,-74.25246263,"(40.50378684, -74.25246263)"
1324,40.79048269,-73.80755794,"(40.79048269, -73.80755794)"
1325,40.8717443,-73.84656207,"(40.8717443, -73.84656207)"
1326,40.80724729,-73.88237559,"(40.80724729, -73.88237559)"
1327,40.87332422,-73.83565817,"(40.87332422, -73.83565817)"
1328,40.70350747,-73.83152366,"(40.70350747, -73.83152366)"
1329,40.70326087,-73.83141686,"(40.70326087, -73.83141686)"
1330,40.73329565,-73.78819796,"(40.73329565, -73.78819796)"
1331,40.7240571,-73.94145649,"(40.7240571, -73.94145649)"
1332,40.81855381,-73.92211717,"(40.81855381, -73.92211717)"
1333,40.74154197,-73.81519618,"(40.74154197, -73.81519618)"
1334,40.83370646,-73.82583635,"(40.83370646, -73.82583635)"
1335,40.54422551,-74.21567418,"(40.54422551, -74.21567418)"
1336,40.87012314,-73.84885437,"(40.87012314, -73.84885437)"
1337,40.54631077,-74.13959427,"(40.54631077, -74.13959427)"
1338,40.72621203,-73.7406804,"(40.72621203, -73.7406804)"
1339,40.74595528,-73.71949743,"(40.74595528, -73.71949743)"
1340,40.84221019,-73.90954813,"(40.84221019, -73.90954813)"
1341,40.7383457,-73.74967473,"(40.7383457, -73.74967473)"
1342,40.61911267,-73.9005021,"(40.61911267, -73.9005021)"
1343,40.74435097,-73.71196958,"(40.74435097, -73.71196958)"
1344,40.83638563,-73.84584147,"(40.83638563, -73.84584147)"
1345,40.74523721,-73.77758164,"(40.74523721, -73.77758164)"
1346,40.87119327,-73.83689783,"(40.87119327, -73.83689783)"
1347,40.69211924,-73.82021307,"(40.69211924, -73.82021307)"
1348,40.74654717,-73.70360415,"(40.74654717, -73.70360415)"
1349,40.84635316,-73.82266917,"(40.84635316, -73.82266917)"
1350,40.72964037,-73.70704095,"(40.72964037, -73.70704095)"
1351,40.77458748,-73.98572582,"(40.77458748, -73.98572582)"
1352,40.60945628,-73.9690182,"(40.60945628, -73.9690182)"
1353,40.78373227,-73.97354427,"(40.78373227, -73.97354427)"
1354,40.61923416,-74.1419169,"(40.61923416, -74.1419169)"
1355,40.74567526,-73.90109496,"(40.74567526, -73.90109496)"
1356,40.75498625,-73.71607968,"(40.75498625, -73.71607968)"
1357,40.72402542,-73.74014423,"(40.72402542, -73.74014423)"
1358,40.59776369,-73.74444479,"(40.59776369, -73.74444479)"
1359,40.60940195,-73.96900783,"(40.60940195, -73.96900783)"
1360,40.67628963,-73.83185565,"(40.67628963, -73.83185565)"
1361,40.82579394,-73.91883586,"(40.82579394, -73.91883586)"
1362,40.54240425,-74.14494813,"(40.54240425, -74.14494813)"
1363,40.764431,-73.8243961,"(40.764431, -73.8243961)"
1364,40.86450071,-73.8664402,"(40.86450071, -73.8664402)"
1365,40.61887837,-73.92303975,"(40.61887837, -73.92303975)"
1366,40.62611031,-74.16398745,"(40.62611031, -74.16398745)"
1367,40.61630909,-73.96464814,"(40.61630909, -73.96464814)"
1368,40.57307608,-73.8570964,"(40.57307608, -73.8570964)"
1369,40.66339109,-73.83683628,"(40.66339109, -73.83683628)"
1370,40.62369124,-73.92407498,"(40.62369124, -73.92407498)"
1371,40.84123847,-73.92081846,"(40.84123847, -73.92081846)"
1372,40.60562238,-73.91443625,"(40.60562238, -73.91443625)"
1373,40.54971503,-74.22119851,"(40.54971503, -74.22119851)"
1374,40.55093275,-74.17695046,"(40.55093275, -74.17695046)"
1375,40.69789594,-73.84238434,"(40.69789594, -73.84238434)"
1376,40.534595,-74.21804992,"(40.534595, -74.21804992)"
1377,40.74351732,-73.81613916,"(40.74351732, -73.81613916)"
1378,40.74105694,-73.8168755,"(40.74105694, -73.8168755)"
1379,40.86132022,-73.9098394,"(40.86132022, -73.9098394)"
1380,40.54701248,-74.21691363,"(40.54701248, -74.21691363)"
1381,40.54442246,-74.20228633,"(40.54442246, -74.20228633)"
1382,40.54253266,-74.21652403,"(40.54253266, -74.21652403)"
1383,40.76608502,-73.99305412,"(40.76608502, -73.99305412)"
1384,40.53900007,-74.20128816,"(40.53900007, -74.20128816)"
1385,40.59437994,-74.15866672,"(40.59437994, -74.15866672)"
1386,40.72376947,-73.74354775,"(40.72376947, -73.74354775)"
1387,40.61902304,-73.92452872,"(40.61902304, -73.92452872)"
1388,40.74513213,-73.90133879,"(40.74513213, -73.90133879)"
1389,40.6735644,-73.96730355,"(40.6735644, -73.96730355)"
1390,40.72956997,-73.70684436,"(40.72956997, -73.70684436)"
1391,40.7808874,-73.91048849,"(40.7808874, -73.91048849)"
1392,40.66495813,-73.97921245,"(40.66495813, -73.97921245)"
1393,40.86755778,-73.88718017,"(40.86755778, -73.88718017)"
1394,40.81634069,-73.82312513,"(40.81634069, -73.82312513)"
1395,40.85587617,-73.93044318,"(40.85587617, -73.93044318)"
1396,40.63105876,-73.95239883,"(40.63105876, -73.95239883)"
1397,40.84732052,-73.89118218,"(40.84732052, -73.89118218)"
1398,40.72159154,-73.90040239,"(40.72159154, -73.90040239)"
1399,40.5427078,-74.19810623,"(40.5427078, -74.19810623)"
1400,40.7407923,-73.82401687,"(40.7407923, -73.82401687)"
1401,40.60582161,-73.90301224,"(40.60582161, -73.90301224)"
1402,40.72085792,-73.74515321,"(40.72085792, -73.74515321)"
1403,40.6156453,-73.92841446,"(40.6156453, -73.92841446)"
1404,40.62201836,-74.12661148,"(40.62201836, -74.12661148)"
1405,40.68018407,-73.80993508,"(40.68018407, -73.80993508)"
1406,40.68085519,-73.81026425,"(40.68085519, -73.81026425)"
1407,40.61504193,-73.98170231,"(40.61504193, -73.98170231)"
1408,40.76015569,-73.96450966,"(40.76015569, -73.96450966)"
1409,40.76025089,-73.96443994,"(40.76025089, -73.96443994)"
1410,40.60532506,-73.9626679,"(40.60532506, -73.9626679)"
1411,40.61198802,-73.96084621,"(40.61198802, -73.96084621)"
1412,40.70682325,-73.92268105,"(40.70682325, -73.92268105)"
1413,40.86869246,-73.88787801,"(40.86869246, -73.88787801)"
1414,40.87027247,-73.89232659,"(40.87027247, -73.89232659)"
1415,40.61651712,-74.13899565,"(40.61651712, -74.13899565)"
1416,40.84042846,-73.91905745,"(40.84042846, -73.91905745)"
1417,40.53557998,-74.2173866,"(40.53557998, -74.2173866)"
1418,40.53553964,-74.21741734,"(40.53553964, -74.21741734)"
1419,40.61611557,-74.1249282,"(40.61611557, -74.1249282)"
1420,40.53886001,-74.2018193,"(40.53886001, -74.2018193)"
1421,40.53886862,-74.20178666,"(40.53886862, -74.20178666)"
1422,40.83718372,-73.92248372,"(40.83718372, -73.92248372)"
1423,40.70188567,-73.92503954,"(40.70188567, -73.92503954)"
1424,40.77806085,-73.94996864,"(40.77806085, -73.94996864)"
1425,40.68062379,-73.81230896,"(40.68062379, -73.81230896)"
1426,40.81092763,-73.9627888,"(40.81092763, -73.9627888)"
1427,40.63406895,-73.90552325,"(40.63406895, -73.90552325)"
1428,40.62826721,-73.95606369,"(40.62826721, -73.95606369)"
1429,40.63260688,-73.90493973,"(40.63260688, -73.90493973)"
1430,40.63281399,-73.90517063,"(40.63281399, -73.90517063)"
1431,40.63330191,-73.95083507,"(40.63330191, -73.95083507)"
1432,40.78792785,-73.82076242,"(40.78792785, -73.82076242)"
1433,40.64631988,-73.94526982,"(40.64631988, -73.94526982)"
1434,40.62012924,-73.93097342,"(40.62012924, -73.93097342)"
1435,40.74489395,-73.91543775,"(40.74489395, -73.91543775)"
1436,40.76231813,-73.79088037,"(40.76231813, -73.79088037)"
1437,40.84070569,-73.91211366,"(40.84070569, -73.91211366)"
1438,40.61114488,-73.98924426,"(40.61114488, -73.98924426)"
1439,40.63658043,-73.92622588,"(40.63658043, -73.92622588)"
1440,40.8644598,-73.85392646,"(40.8644598, -73.85392646)"
1441,40.67833388,-73.97470326,"(40.67833388, -73.97470326)"
1442,40.7194482,-73.7370255,"(40.7194482, -73.7370255)"
1443,40.86084975,-73.84932154,"(40.86084975, -73.84932154)"
1444,40.74811639,-73.85435569,"(40.74811639, -73.85435569)"
1445,40.71952053,-73.74520157,"(40.71952053, -73.74520157)"
1446,40.53507733,-74.18324678,"(40.53507733, -74.18324678)"
1447,40.53588863,-74.15674948,"(40.53588863, -74.15674948)"
1448,40.84184012,-73.84560129,"(40.84184012, -73.84560129)"
1449,40.59539742,-74.16677829,"(40.59539742, -74.16677829)"
1450,40.75761078,-73.78948497,"(40.75761078, -73.78948497)"
1451,40.76022734,-73.89500954,"(40.76022734, -73.89500954)"
1452,40.74530147,-73.91535581,"(40.74530147, -73.91535581)"
1453,40.82870046,-73.8235412,"(40.82870046, -73.8235412)"
1454,40.6252665,-74.12337505,"(40.6252665, -74.12337505)"
1455,40.88230972,-73.82336534,"(40.88230972, -73.82336534)"
1456,40.74219033,-73.81975523,"(40.74219033, -73.81975523)"
1457,40.62659195,-73.9946941,"(40.62659195, -73.9946941)"
1458,40.54832817,-74.1540001,"(40.54832817, -74.1540001)"
1459,40.5350391,-74.15382863,"(40.5350391, -74.15382863)"
1460,40.83948778,-73.92258156,"(40.83948778, -73.92258156)"
1461,40.83603515,-73.84856043,"(40.83603515, -73.84856043)"
1462,40.62990589,-73.96212238,"(40.62990589, -73.96212238)"
1463,40.54589362,-74.21507434,"(40.54589362, -74.21507434)"
1464,40.71701206,-73.74417761,"(40.71701206, -73.74417761)"
1465,40.77855094,-73.84314754,"(40.77855094, -73.84314754)"
1466,40.53583361,-74.21713805,"(40.53583361, -74.21713805)"
1467,40.70071492,-73.8387841,"(40.70071492, -73.8387841)"
1468,40.69924729,-73.9232928,"(40.69924729, -73.9232928)"
1469,40.84364019,-73.93653682,"(40.84364019, -73.93653682)"
1470,40.73295309,-73.70564437,"(40.73295309, -73.70564437)"
1471,40.5422657,-74.19789327,"(40.5422657, -74.19789327)"
1472,40.54230022,-74.19790989,"(40.54230022, -74.19790989)"
1473,40.52893201,-74.22056222,"(40.52893201, -74.22056222)"
1474,40.74111498,-73.80648119,"(40.74111498, -73.80648119)"
1475,40.64388148,-73.94986868,"(40.64388148, -73.94986868)"
1476,40.81964699,-73.81398307,"(40.81964699, -73.81398307)"
1477,40.73105252,-73.85094738,"(40.73105252, -73.85094738)"
1478,40.66624165,-73.98710633,"(40.66624165, -73.98710633)"
1479,40.60581611,-73.96442866,"(40.60581611, -73.96442866)"
1480,40.66001149,-73.84117197,"(40.66001149, -73.84117197)"
1481,40.64435349,-74.01120204,"(40.64435349, -74.01120204)"
1482,40.71962594,-73.96071658,"(40.71962594, -73.96071658)"
1483,40.74704548,-73.85490382,"(40.74704548, -73.85490382)"
1484,40.84494141,-73.93729529,"(40.84494141, -73.93729529)"
1485,40.87168184,-73.85369665,"(40.87168184, -73.85369665)"
1486,40.67410942,-73.77854247,"(40.67410942, -73.77854247)"
1487,40.63094359,-73.96431779,"(40.63094359, -73.96431779)"
1488,40.61784343,-74.14285727,"(40.61784343, -74.14285727)"
1489,40.55200907,-74.1651334,"(40.55200907, -74.1651334)"
1490,40.83493559,-73.86895533,"(40.83493559, -73.86895533)"
1491,40.87444152,-73.85913845,"(40.87444152, -73.85913845)"
1492,40.76144317,-73.80499794,"(40.76144317, -73.80499794)"
1493,40.61467074,-74.12745258,"(40.61467074, -74.12745258)"
1494,40.87195154,-73.84667395,"(40.87195154, -73.84667395)"
1495,40.61708236,-74.14316062,"(40.61708236, -74.14316062)"
1496,40.58071969,-73.9672901,"(40.58071969, -73.9672901)"
1497,40.62403797,-73.97031865,"(40.62403797, -73.97031865)"
1498,40.66399508,-73.75140685,"(40.66399508, -73.75140685)"
1499,40.7890708,-73.8258061,"(40.7890708, -73.8258061)"
1500,40.70894731,-73.83592638,"(40.70894731, -73.83592638)"
1501,40.65902021,-73.9803477,"(40.65902021, -73.9803477)"
1502,40.67116568,-73.96128073,"(40.67116568, -73.96128073)"
1503,40.79148361,-73.96624594,"(40.79148361, -73.96624594)"
1504,40.59644079,-73.79849859,"(40.59644079, -73.79849859)"
1505,40.59656748,-73.7985117,"(40.59656748, -73.7985117)"
1506,40.70349789,-73.91522152,"(40.70349789, -73.91522152)"
1507,40.8397379,-73.86836679,"(40.8397379, -73.86836679)"
1508,40.78281153,-73.98150061,"(40.78281153, -73.98150061)"
1509,40.6775616,-73.97643828,"(40.6775616, -73.97643828)"
1510,40.68338255,-73.7343085,"(40.68338255, -73.7343085)"
1511,40.79067514,-73.96653404,"(40.79067514, -73.96653404)"
1512,40.5853847,-73.93430593,"(40.5853847, -73.93430593)"
1513,40.86898911,-73.90230844,"(40.86898911, -73.90230844)"
1514,40.86985654,-73.90187834,"(40.86985654, -73.90187834)"
1515,40.74312615,-73.8145241,"(40.74312615, -73.8145241)"
1516,40.74314663,-73.81460338,"(40.74314663, -73.81460338)"
1517,40.74344043,-73.81584345,"(40.74344043, -73.81584345)"
1518,40.68987214,-73.93635604,"(40.68987214, -73.93635604)"
1519,40.81995231,-73.92789196,"(40.81995231, -73.92789196)"
1520,40.82042123,-73.92860936,"(40.82042123, -73.92860936)"
1521,40.63329432,-73.90465611,"(40.63329432, -73.90465611)"
1522,40.61402093,-73.90850141,"(40.61402093, -73.90850141)"
1523,40.75628277,-73.79056213,"(40.75628277, -73.79056213)"
1524,40.75632878,-73.78978193,"(40.75632878, -73.78978193)"
1525,40.62336093,-74.01402239,"(40.62336093, -74.01402239)"
1526,40.62322745,-74.01380132,"(40.62322745, -74.01380132)"
1527,40.70507357,-73.87256035,"(40.70507357, -73.87256035)"
1528,40.76709016,-73.96213376,"(40.76709016, -73.96213376)"
1529,40.7626697,-73.99297694,"(40.7626697, -73.99297694)"
1530,40.55005927,-74.21117589,"(40.55005927, -74.21117589)"
1531,40.54810867,-74.20988715,"(40.54810867, -74.20988715)"
1532,40.54320513,-74.20265391,"(40.54320513, -74.20265391)"
1533,40.76120317,-73.99340638,"(40.76120317, -73.99340638)"
1534,40.54391523,-74.20145977,"(40.54391523, -74.20145977)"
1535,40.53796948,-74.15803712,"(40.53796948, -74.15803712)"
1536,40.54651691,-74.20915321,"(40.54651691, -74.20915321)"
1537,40.54591433,-74.19992275,"(40.54591433, -74.19992275)"
1538,40.75861806,-73.99114928,"(40.75861806, -73.99114928)"
1539,40.75888805,-73.99179108,"(40.75888805, -73.99179108)"
1540,40.54336882,-74.20614767,"(40.54336882, -74.20614767)"
1541,40.54225888,-74.20529964,"(40.54225888, -74.20529964)"
1542,40.54240541,-74.21764091,"(40.54240541, -74.21764091)"
1543,40.86034658,-73.84740634,"(40.86034658, -73.84740634)"
1544,40.54835361,-74.21763797,"(40.54835361, -74.21763797)"
1545,40.86816277,-73.84043253,"(40.86816277, -73.84043253)"
1546,40.86331025,-73.8696768,"(40.86331025, -73.8696768)"
1547,40.75757289,-73.80995381,"(40.75757289, -73.80995381)"
1548,40.87223474,-73.83898694,"(40.87223474, -73.83898694)"
1549,40.62195927,-74.14340176,"(40.62195927, -74.14340176)"
1550,40.63052044,-74.03072546,"(40.63052044, -74.03072546)"
1551,40.62716103,-73.95086976,"(40.62716103, -73.95086976)"
1552,40.61671621,-73.98912324,"(40.61671621, -73.98912324)"
1553,40.73142833,-73.85152862,"(40.73142833, -73.85152862)"
1554,40.82163795,-73.9281392,"(40.82163795, -73.9281392)"
1555,40.70218681,-73.79517382,"(40.70218681, -73.79517382)"
1556,40.61213542,-73.95093779,"(40.61213542, -73.95093779)"
1557,40.61079398,-74.12405289,"(40.61079398, -74.12405289)"
1558,40.72183548,-73.90043726,"(40.72183548, -73.90043726)"
1559,40.77662834,-73.83957423,"(40.77662834, -73.83957423)"
1560,40.87770744,-73.85673803,"(40.87770744, -73.85673803)"
1561,40.69296543,-73.82047345,"(40.69296543, -73.82047345)"
1562,40.88582935,-73.90550161,"(40.88582935, -73.90550161)"
1563,40.61826289,-74.14558535,"(40.61826289, -74.14558535)"
1564,40.87800095,-73.85795729,"(40.87800095, -73.85795729)"
1565,40.66464962,-73.9868552,"(40.66464962, -73.9868552)"
1566,40.7389135,-73.8208286,"(40.7389135, -73.8208286)"
1567,40.88339379,-73.87962681,"(40.88339379, -73.87962681)"
1568,40.75864721,-73.8052226,"(40.75864721, -73.8052226)"
1569,40.53535013,-74.21756265,"(40.53535013, -74.21756265)"
1570,40.84618702,-73.8343182,"(40.84618702, -73.8343182)"
1571,40.67440469,-73.98181553,"(40.67440469, -73.98181553)"
1572,40.75315357,-73.77519553,"(40.75315357, -73.77519553)"
1573,40.64739479,-73.97621,"(40.64739479, -73.97621)"
1574,40.73926237,-73.82243967,"(40.73926237, -73.82243967)"
1575,40.73868002,-73.81949057,"(40.73868002, -73.81949057)"
1576,40.61414428,-74.12895395,"(40.61414428, -74.12895395)"
1577,40.76506653,-73.89169617,"(40.76506653, -73.89169617)"
1578,40.87509811,-73.84519508,"(40.87509811, -73.84519508)"
1579,40.54227866,-74.21766222,"(40.54227866, -74.21766222)"
1580,40.82482882,-73.8609828,"(40.82482882, -73.8609828)"
1581,40.82510677,-73.86104668,"(40.82510677, -73.86104668)"
1582,40.82398063,-73.86100767,"(40.82398063, -73.86100767)"
1583,40.62188674,-73.9233595,"(40.62188674, -73.9233595)"
1584,40.80787403,-73.94380054,"(40.80787403, -73.94380054)"
1585,40.74699281,-73.94295874,"(40.74699281, -73.94295874)"
1586,40.74438162,-73.85356988,"(40.74438162, -73.85356988)"
1587,40.61268219,-74.06287688,"(40.61268219, -74.06287688)"
1588,40.76306301,-73.76047037,"(40.76306301, -73.76047037)"
1589,40.60251358,-73.96537994,"(40.60251358, -73.96537994)"
1590,40.71926796,-73.7396503,"(40.71926796, -73.7396503)"
1591,40.606037,-73.9022271,"(40.606037, -73.9022271)"
1592,40.76317668,-73.99644005,"(40.76317668, -73.99644005)"
1593,40.60591713,-73.90262658,"(40.60591713, -73.90262658)"
1594,40.8178713,-73.94371682,"(40.8178713, -73.94371682)"
1595,40.88365231,-73.87943425,"(40.88365231, -73.87943425)"
1596,40.54651553,-74.19913239,"(40.54651553, -74.19913239)"
1597,40.61585135,-74.12560674,"(40.61585135, -74.12560674)"
1598,40.76033234,-73.80499208,"(40.76033234, -73.80499208)"
1599,40.54007023,-74.14361432,"(40.54007023, -74.14361432)"
1600,40.7335066,-73.70585053,"(40.7335066, -73.70585053)"
1601,40.5069913,-74.23413142,"(40.5069913, -74.23413142)"
1602,40.60633813,-73.9656227,"(40.60633813, -73.9656227)"
1603,40.69046537,-73.80713128,"(40.69046537, -73.80713128)"
1604,40.74313842,-73.7211887,"(40.74313842, -73.7211887)"
1605,40.54138209,-74.19804344,"(40.54138209, -74.19804344)"
1606,40.8169458,-73.81431844,"(40.8169458, -73.81431844)"
1607,40.83222364,-73.94942573,"(40.83222364, -73.94942573)"
1608,40.81640336,-73.81449299,"(40.81640336, -73.81449299)"
1609,40.70706164,-73.92124877,"(40.70706164, -73.92124877)"
1610,40.828087,-73.82645186,"(40.828087, -73.82645186)"
1611,40.59388758,-73.9378177,"(40.59388758, -73.9378177)"
1612,40.67619051,-73.76211667,"(40.67619051, -73.76211667)"
1613,40.83830091,-73.91103281,"(40.83830091, -73.91103281)"
1614,40.76674844,-73.96132788,"(40.76674844, -73.96132788)"
1615,40.72773984,-73.73715692,"(40.72773984, -73.73715692)"
1616,40.61703963,-74.12891631,"(40.61703963, -74.12891631)"
1617,40.55013714,-74.16657691,"(40.55013714, -74.16657691)"
1618,40.60231021,-73.96599129,"(40.60231021, -73.96599129)"
1619,40.60215104,-73.96596088,"(40.60215104, -73.96596088)"
1620,40.8425452,-73.92074296,"(40.8425452, -73.92074296)"
1621,40.64671926,-73.94531299,"(40.64671926, -73.94531299)"
1622,40.74304794,-73.82497264,"(40.74304794, -73.82497264)"
1623,40.62020475,-73.93098147,"(40.62020475, -73.93098147)"
1624,40.53175801,-74.16658113,"(40.53175801, -74.16658113)"
1625,40.53846587,-74.19759242,"(40.53846587, -74.19759242)"
1626,40.87544103,-73.84538191,"(40.87544103, -73.84538191)"
1627,40.53955077,-74.14538685,"(40.53955077, -74.14538685)"
1628,40.54021426,-74.15868682,"(40.54021426, -74.15868682)"
1629,40.7663741,-73.96044509,"(40.7663741, -73.96044509)"
1630,40.74365389,-73.71959531,"(40.74365389, -73.71959531)"
1631,40.84224129,-73.91253087,"(40.84224129, -73.91253087)"
1632,40.54998023,-74.14654318,"(40.54998023, -74.14654318)"
1633,40.76021532,-73.89512105,"(40.76021532, -73.89512105)"
1634,40.74564876,-73.91528599,"(40.74564876, -73.91528599)"
1635,40.82893938,-73.82306214,"(40.82893938, -73.82306214)"
1636,40.60872698,-74.1339974,"(40.60872698, -74.1339974)"
1637,40.60883377,-74.13400718,"(40.60883377, -74.13400718)"
1638,40.87360544,-73.84066197,"(40.87360544, -73.84066197)"
1639,40.76102488,-73.80843182,"(40.76102488, -73.80843182)"
1640,40.54151037,-74.19758162,"(40.54151037, -74.19758162)"
1641,40.54742484,-74.20788654,"(40.54742484, -74.20788654)"
1642,40.54819956,-74.21498487,"(40.54819956, -74.21498487)"
1643,40.54808872,-74.21302034,"(40.54808872, -74.21302034)"
1644,40.87406065,-73.84489224,"(40.87406065, -73.84489224)"
1645,40.82877307,-73.82339561,"(40.82877307, -73.82339561)"
1646,40.63318429,-73.90558343,"(40.63318429, -73.90558343)"
1647,40.61754895,-74.14770214,"(40.61754895, -74.14770214)"
1648,40.62045316,-73.93100794,"(40.62045316, -73.93100794)"
1649,40.83227546,-73.92420524,"(40.83227546, -73.92420524)"
1650,40.6205914,-73.9328017,"(40.6205914, -73.9328017)"
1651,40.73132379,-73.85003498,"(40.73132379, -73.85003498)"
1652,40.73120289,-73.85044161,"(40.73120289, -73.85044161)"
1653,40.5495073,-74.17598554,"(40.5495073, -74.17598554)"
1654,40.53816173,-74.20299272,"(40.53816173, -74.20299272)"
1655,40.87780018,-73.85702872,"(40.87780018, -73.85702872)"
1656,40.74461364,-73.91739684,"(40.74461364, -73.91739684)"
1657,40.65417792,-73.92565081,"(40.65417792, -73.92565081)"
1658,40.69223758,-73.94432989,"(40.69223758, -73.94432989)"
1659,40.76517528,-73.89171595,"(40.76517528, -73.89171595)"
1660,40.7454133,-73.8552591,"(40.7454133, -73.8552591)"
1661,40.50683828,-74.24335896,"(40.50683828, -74.24335896)"
1662,40.6764306,-73.83361601,"(40.6764306, -73.83361601)"
1663,40.54945279,-74.17548828,"(40.54945279, -74.17548828)"
1664,40.87777402,-73.85694671,"(40.87777402, -73.85694671)"
1665,40.73911176,-73.82174415,"(40.73911176, -73.82174415)"
1666,40.73885247,-73.82054678,"(40.73885247, -73.82054678)"
1667,40.73879219,-73.82026844,"(40.73879219, -73.82026844)"
1668,40.54832813,-74.21440359,"(40.54832813, -74.21440359)"
1669,40.74109429,-73.81218858,"(40.74109429, -73.81218858)"
1670,40.55553304,-74.16501002,"(40.55553304, -74.16501002)"
1671,40.58771056,-73.98476238,"(40.58771056, -73.98476238)"
1672,40.88419397,-73.85726092,"(40.88419397, -73.85726092)"
1673,40.53607368,-74.19651752,"(40.53607368, -74.19651752)"
1674,40.61346895,-73.90701337,"(40.61346895, -73.90701337)"
1675,40.81949768,-73.94421515,"(40.81949768, -73.94421515)"
1676,40.54947253,-74.17566487,"(40.54947253, -74.17566487)"
1677,40.606297,-73.96533177,"(40.606297, -73.96533177)"
1678,40.55339401,-74.17473586,"(40.55339401, -74.17473586)"
1679,40.72499579,-73.84811904,"(40.72499579, -73.84811904)"
1680,40.83344807,-73.92048626,"(40.83344807, -73.92048626)"
1681,40.71087261,-73.75374422,"(40.71087261, -73.75374422)"
1682,40.74122016,-73.82392492,"(40.74122016, -73.82392492)"
1683,40.53707955,-74.20044887,"(40.53707955, -74.20044887)"
1684,40.59317658,-73.9376811,"(40.59317658, -73.9376811)"
1685,40.59380013,-73.93780089,"(40.59380013, -73.93780089)"
1686,40.81425472,-73.9607324,"(40.81425472, -73.9607324)"
1687,40.53498327,-74.21820527,"(40.53498327, -74.21820527)"
1688,40.5389897,-74.20177526,"(40.5389897, -74.20177526)"
1689,40.87594483,-73.82417412,"(40.87594483, -73.82417412)"
1690,40.63175103,-73.90523789,"(40.63175103, -73.90523789)"
1691,40.74115026,-73.92092601,"(40.74115026, -73.92092601)"
1692,40.83369775,-73.91881525,"(40.83369775, -73.91881525)"
1693,40.64960889,-73.94759149,"(40.64960889, -73.94759149)"
1694,40.87797608,-73.8575801,"(40.87797608, -73.8575801)"
1695,40.54532548,-74.21336423,"(40.54532548, -74.21336423)"
1696,40.55826729,-74.17155247,"(40.55826729, -74.17155247)"
1697,40.65339747,-73.94605782,"(40.65339747, -73.94605782)"
1698,40.54122,-74.19862695,"(40.54122, -74.19862695)"
1699,40.53636573,-74.15603912,"(40.53636573, -74.15603912)"
1700,40.76092306,-73.80491948,"(40.76092306, -73.80491948)"
1701,40.54154812,-74.19744571,"(40.54154812, -74.19744571)"
1702,40.73905028,-73.82146025,"(40.73905028, -73.82146025)"
1703,40.73847412,-73.81802461,"(40.73847412, -73.81802461)"
1704,40.54822876,-74.21485285,"(40.54822876, -74.21485285)"
1705,40.59334713,-73.93771387,"(40.59334713, -73.93771387)"
1706,40.76691422,-73.96171884,"(40.76691422, -73.96171884)"
1707,40.87545639,-73.84230342,"(40.87545639, -73.84230342)"
1708,40.58747344,-73.9850087,"(40.58747344, -73.9850087)"
1709,40.6560926,-73.95348467,"(40.6560926, -73.95348467)"
1710,40.61610862,-74.12124082,"(40.61610862, -74.12124082)"
1711,40.61816671,-74.14584745,"(40.61816671, -74.14584745)"
1712,40.8152309,-73.9600205,"(40.8152309, -73.9600205)"
1713,40.7399545,-73.81307294,"(40.7399545, -73.81307294)"
1714,40.53481456,-74.21606323,"(40.53481456, -74.21606323)"
1715,40.87710835,-73.82947735,"(40.87710835, -73.82947735)"
1716,40.55497106,-74.16727504,"(40.55497106, -74.16727504)"
1717,40.83101813,-73.88158476,"(40.83101813, -73.88158476)"
1718,40.87046625,-73.85938331,"(40.87046625, -73.85938331)"
1719,40.61145914,-74.13504448,"(40.61145914, -74.13504448)"
1720,40.54160386,-74.20287219,"(40.54160386, -74.20287219)"
1721,40.54959265,-74.14649932,"(40.54959265, -74.14649932)"
1722,40.63340082,-73.95089926,"(40.63340082, -73.95089926)"
1723,40.84296035,-73.92043799,"(40.84296035, -73.92043799)"
1724,40.76526066,-73.89173147,"(40.76526066, -73.89173147)"
1725,40.53503699,-74.21820925,"(40.53503699, -74.21820925)"
1726,40.86763237,-73.83853977,"(40.86763237, -73.83853977)"
1727,40.68960407,-73.93928941,"(40.68960407, -73.93928941)"
1728,40.61232729,-73.98969493,"(40.61232729, -73.98969493)"
1729,40.83234475,-73.82562537,"(40.83234475, -73.82562537)"
1730,40.66704983,-73.99052865,"(40.66704983, -73.99052865)"
1731,40.74338082,-73.72046359,"(40.74338082, -73.72046359)"
1732,40.55090252,-74.17667259,"(40.55090252, -74.17667259)"
1733,40.5499431,-74.21785731,"(40.5499431, -74.21785731)"
1734,40.61297755,-74.13517105,"(40.61297755, -74.13517105)"
1735,40.76254556,-73.79072786,"(40.76254556, -73.79072786)"
1736,40.61449899,-74.13930883,"(40.61449899, -74.13930883)"
1737,40.69210078,-73.81815402,"(40.69210078, -73.81815402)"
1738,40.87152332,-73.84659616,"(40.87152332, -73.84659616)"
1739,40.83606327,-73.90858322,"(40.83606327, -73.90858322)"
1740,40.72617755,-73.84622362,"(40.72617755, -73.84622362)"
1741,40.83405825,-73.8458208,"(40.83405825, -73.8458208)"
1742,40.78837817,-73.81910982,"(40.78837817, -73.81910982)"
1743,40.72436158,-73.8473242,"(40.72436158, -73.8473242)"
1744,40.72738762,-73.84780389,"(40.72738762, -73.84780389)"
1745,40.68965819,-73.83347628,"(40.68965819, -73.83347628)"
1746,40.5414328,-74.19786087,"(40.5414328, -74.19786087)"
1747,40.73863921,-73.81920251,"(40.73863921, -73.81920251)"
1748,40.74039218,-73.81517654,"(40.74039218, -73.81517654)"
1749,40.63173643,-74.03246499,"(40.63173643, -74.03246499)"
1750,40.80354841,-73.90762994,"(40.80354841, -73.90762994)"
1751,40.72444087,-73.9890798,"(40.72444087, -73.9890798)"
1752,40.83894181,-73.84358975,"(40.83894181, -73.84358975)"
1753,40.52208949,-74.23380927,"(40.52208949, -74.23380927)"
1754,40.72485778,-73.84707122,"(40.72485778, -73.84707122)"
1755,40.74509855,-73.92070811,"(40.74509855, -73.92070811)"
1756,40.61930007,-74.14000969,"(40.61930007, -74.14000969)"
1757,40.61940868,-74.13998036,"(40.61940868, -74.13998036)"
1758,40.61673346,-73.93368393,"(40.61673346, -73.93368393)"
1759,40.61681258,-73.93356229,"(40.61681258, -73.93356229)"
1760,40.8347144,-73.91010176,"(40.8347144, -73.91010176)"
1761,40.83475298,-73.91007904,"(40.83475298, -73.91007904)"
1762,40.60325937,-73.96407107,"(40.60325937, -73.96407107)"
1763,40.61817172,-74.14596974,"(40.61817172, -74.14596974)"
1764,40.73277087,-73.7055765,"(40.73277087, -73.7055765)"
1765,40.54367447,-74.20900629,"(40.54367447, -74.20900629)"
1766,40.77711389,-73.90607944,"(40.77711389, -73.90607944)"
1767,40.50703761,-74.2339109,"(40.50703761, -74.2339109)"
1768,40.54391133,-74.15844108,"(40.54391133, -74.15844108)"
1769,40.53790523,-74.21767465,"(40.53790523, -74.21767465)"
1770,40.85504119,-73.9118211,"(40.85504119, -73.9118211)"
1771,40.54177613,-74.20232603,"(40.54177613, -74.20232603)"
1772,40.65820056,-73.95904842,"(40.65820056, -73.95904842)"
1773,40.60835803,-73.95656717,"(40.60835803, -73.95656717)"
1774,40.87773375,-73.8564051,"(40.87773375, -73.8564051)"
1775,40.63839773,-74.01380408,"(40.63839773, -74.01380408)"
1776,40.61611636,-74.12114772,"(40.61611636, -74.12114772)"
1777,40.62336807,-74.13104571,"(40.62336807, -74.13104571)"
1778,40.82864533,-73.82365175,"(40.82864533, -73.82365175)"
1779,40.61832341,-74.12793953,"(40.61832341, -74.12793953)"
1780,40.83586815,-73.84554803,"(40.83586815, -73.84554803)"
1781,40.54496557,-74.21240919,"(40.54496557, -74.21240919)"
1782,40.73693256,-73.70510557,"(40.73693256, -73.70510557)"
1783,40.61622536,-73.98385248,"(40.61622536, -73.98385248)"
1784,40.80488855,-73.93670306,"(40.80488855, -73.93670306)"
1785,40.60876359,-73.97874912,"(40.60876359, -73.97874912)"
1786,40.76080391,-73.80726095,"(40.76080391, -73.80726095)"
1787,40.83558033,-73.84943319,"(40.83558033, -73.84943319)"
1788,40.74796209,-73.87251583,"(40.74796209, -73.87251583)"
1789,40.6973365,-73.79171497,"(40.6973365, -73.79171497)"
1790,40.81836307,-73.94488226,"(40.81836307, -73.94488226)"
1791,40.77772936,-73.94918489,"(40.77772936, -73.94918489)"
1792,40.84647794,-73.83428069,"(40.84647794, -73.83428069)"
1793,40.70271071,-73.88611562,"(40.70271071, -73.88611562)"
1794,40.5496187,-74.17677019,"(40.5496187, -74.17677019)"
1795,40.69928811,-73.92336527,"(40.69928811, -73.92336527)"
1796,40.86836605,-73.85557137,"(40.86836605, -73.85557137)"
1797,40.629535,-73.95936781,"(40.629535, -73.95936781)"
1798,40.54358863,-74.20973161,"(40.54358863, -74.20973161)"
1799,40.72486875,-73.84596707,"(40.72486875, -73.84596707)"
1800,40.64375048,-73.94985406,"(40.64375048, -73.94985406)"
1801,40.61822601,-74.13141557,"(40.61822601, -74.13141557)"
1802,40.8754811,-73.84540374,"(40.8754811, -73.84540374)"
1803,40.67731461,-73.94272489,"(40.67731461, -73.94272489)"
1804,40.75872893,-73.96200145,"(40.75872893, -73.96200145)"
1805,40.54583347,-74.21558354,"(40.54583347, -74.21558354)"
1806,40.73953749,-73.92091072,"(40.73953749, -73.92091072)"
1807,40.72460203,-73.84944255,"(40.72460203, -73.84944255)"
1808,40.76730505,-73.90881902,"(40.76730505, -73.90881902)"
1809,40.75834201,-73.80526457,"(40.75834201, -73.80526457)"
1810,40.70291655,-73.92285978,"(40.70291655, -73.92285978)"
1811,40.84639736,-73.83429108,"(40.84639736, -73.83429108)"
1812,40.69936829,-73.92350759,"(40.69936829, -73.92350759)"
1813,40.78030306,-73.98397531,"(40.78030306, -73.98397531)"
1814,40.86867836,-73.84206337,"(40.86867836, -73.84206337)"
1815,40.84400334,-73.90666616,"(40.84400334, -73.90666616)"
1816,40.6713232,-73.94610581,"(40.6713232, -73.94610581)"
1817,40.7602125,-73.80500854,"(40.7602125, -73.80500854)"
1818,40.76026928,-73.80500074,"(40.76026928, -73.80500074)"
1819,40.53579146,-74.21714792,"(40.53579146, -74.21714792)"
1820,40.89909208,-73.85720198,"(40.89909208, -73.85720198)"
1821,40.60493262,-73.96494146,"(40.60493262, -73.96494146)"
1822,40.69841908,-73.7764221,"(40.69841908, -73.7764221)"
1823,40.73289341,-73.70562214,"(40.73289341, -73.70562214)"
1824,40.6000074,-73.97358075,"(40.6000074, -73.97358075)"
1825,40.50706709,-74.23377048,"(40.50706709, -74.23377048)"
1826,40.84427391,-73.9066423,"(40.84427391, -73.9066423)"
1827,40.81810036,-73.93771875,"(40.81810036, -73.93771875)"
1828,40.61612888,-74.12099733,"(40.61612888, -74.12099733)"
1829,40.54805096,-74.21394893,"(40.54805096, -74.21394893)"
1830,40.54811553,-74.21289716,"(40.54811553, -74.21289716)"
1831,40.81556145,-73.93996138,"(40.81556145, -73.93996138)"
1832,40.76450321,-73.87230303,"(40.76450321, -73.87230303)"
1833,40.8744328,-73.84509379,"(40.8744328, -73.84509379)"
1834,40.55328963,-74.16828761,"(40.55328963, -74.16828761)"
1835,40.65602482,-73.95458761,"(40.65602482, -73.95458761)"
1836,40.88250689,-73.8807346,"(40.88250689, -73.8807346)"
1837,40.52370111,-74.22037116,"(40.52370111, -74.22037116)"
1838,40.76570942,-73.99490308,"(40.76570942, -73.99490308)"
1839,40.83537607,-73.84913508,"(40.83537607, -73.84913508)"
1840,40.61463848,-74.12180571,"(40.61463848, -74.12180571)"
1841,40.67898576,-73.97547015,"(40.67898576, -73.97547015)"
1842,40.8398635,-73.91011222,"(40.8398635, -73.91011222)"
1843,40.84350549,-73.90684146,"(40.84350549, -73.90684146)"
1844,40.60453985,-74.16157784,"(40.60453985, -74.16157784)"
1845,40.72727929,-73.84816698,"(40.72727929, -73.84816698)"
1846,40.8442576,-73.84496248,"(40.8442576, -73.84496248)"
1847,40.68198891,-73.81206289,"(40.68198891, -73.81206289)"
1848,40.55844122,-74.1715938,"(40.55844122, -74.1715938)"
1849,40.65331047,-73.94604866,"(40.65331047, -73.94604866)"
1850,40.59901486,-73.95406085,"(40.59901486, -73.95406085)"
1851,40.72498892,-73.73858335,"(40.72498892, -73.73858335)"
1852,40.61557007,-74.11920407,"(40.61557007, -74.11920407)"
1853,40.60706127,-74.00296541,"(40.60706127, -74.00296541)"
1854,40.74372867,-73.7206207,"(40.74372867, -73.7206207)"
1855,40.6096829,-73.97892326,"(40.6096829, -73.97892326)"
1856,40.61726517,-74.14313437,"(40.61726517, -74.14313437)"
1857,40.60237431,-73.96600354,"(40.60237431, -73.96600354)"
1858,40.65601835,-73.95469287,"(40.65601835, -73.95469287)"
1859,40.74451982,-73.71229312,"(40.74451982, -73.71229312)"
1860,40.87251371,-73.83608295,"(40.87251371, -73.83608295)"
1861,40.7099576,-73.7581525,"(40.7099576, -73.7581525)"
1862,40.75521809,-73.96221288,"(40.75521809, -73.96221288)"
1863,40.86198122,-73.84911653,"(40.86198122, -73.84911653)"
1864,40.61468983,-74.11969923,"(40.61468983, -74.11969923)"
1865,40.73116626,-73.84879818,"(40.73116626, -73.84879818)"
1866,40.73336654,-73.84716178,"(40.73336654, -73.84716178)"
1867,40.61043061,-74.1392992,"(40.61043061, -74.1392992)"
1868,40.68885997,-73.93913913,"(40.68885997, -73.93913913)"
1869,40.67325422,-73.98436393,"(40.67325422, -73.98436393)"
1870,40.81641149,-73.81792158,"(40.81641149, -73.81792158)"
1871,40.58459729,-74.0936204,"(40.58459729, -74.0936204)"
1872,40.63304369,-73.95629839,"(40.63304369, -73.95629839)"
1873,40.67148094,-73.97126307,"(40.67148094, -73.97126307)"
1874,40.74331789,-73.90420243,"(40.74331789, -73.90420243)"
1875,40.68658512,-73.93270696,"(40.68658512, -73.93270696)"
1876,40.72104391,-73.86740634,"(40.72104391, -73.86740634)"
1877,40.61603449,-73.98353579,"(40.61603449, -73.98353579)"
1878,40.85381815,-73.86909605,"(40.85381815, -73.86909605)"
1879,40.61331156,-74.13517002,"(40.61331156, -74.13517002)"
1880,40.54366142,-74.20911651,"(40.54366142, -74.20911651)"
1881,40.74790598,-73.87239049,"(40.74790598, -73.87239049)"
1882,40.70983351,-73.75810114,"(40.70983351, -73.75810114)"
1883,40.54917281,-74.17230935,"(40.54917281, -74.17230935)"
1884,40.65372388,-73.9460922,"(40.65372388, -73.9460922)"
1885,40.54120066,-74.1986966,"(40.54120066, -74.1986966)"
1886,40.73961889,-73.82408617,"(40.73961889, -73.82408617)"
1887,40.86186737,-73.84722255,"(40.86186737, -73.84722255)"
1888,40.59371431,-73.93778441,"(40.59371431, -73.93778441)"
1889,40.83221932,-73.82551874,"(40.83221932, -73.82551874)"
1890,40.62298044,-74.01339222,"(40.62298044, -74.01339222)"
1891,40.65302182,-73.94185878,"(40.65302182, -73.94185878)"
1892,40.76657865,-73.96092747,"(40.76657865, -73.96092747)"
1893,40.72803798,-73.73704985,"(40.72803798, -73.73704985)"
1894,40.61549175,-73.98244781,"(40.61549175, -73.98244781)"
1895,40.70601034,-73.87105511,"(40.70601034, -73.87105511)"
1896,40.76827114,-73.96564852,"(40.76827114, -73.96564852)"
1897,40.60315287,-73.96405098,"(40.60315287, -73.96405098)"
1898,40.65610028,-73.95335966,"(40.65610028, -73.95335966)"
1899,40.54503821,-74.21243737,"(40.54503821, -74.21243737)"
1900,40.76546658,-73.99507896,"(40.76546658, -73.99507896)"
1901,40.64512585,-73.94783917,"(40.64512585, -73.94783917)"
1902,40.83551049,-73.8493312,"(40.83551049, -73.8493312)"
1903,40.67881502,-73.97558588,"(40.67881502, -73.97558588)"
1904,40.63527263,-74.11134532,"(40.63527263, -74.11134532)"
1905,40.62547107,-74.12295789,"(40.62547107, -74.12295789)"
1906,40.69221724,-73.81207932,"(40.69221724, -73.81207932)"
1907,40.74501239,-73.70988014,"(40.74501239, -73.70988014)"
1908,40.54220084,-74.20377865,"(40.54220084, -74.20377865)"
1909,40.84306006,-73.92036474,"(40.84306006, -73.92036474)"
1910,40.88359114,-73.87947981,"(40.88359114, -73.87947981)"
1911,40.54521982,-74.21250781,"(40.54521982, -74.21250781)"
1912,40.72044516,-73.86688847,"(40.72044516, -73.86688847)"
1913,40.61032946,-73.97904573,"(40.61032946, -73.97904573)"
1914,40.69721822,-73.77218856,"(40.69721822, -73.77218856)"
1915,40.73206072,-73.8497879,"(40.73206072, -73.8497879)"
1916,40.84348109,-73.90761358,"(40.84348109, -73.90761358)"
1917,40.76059856,-73.80542213,"(40.76059856, -73.80542213)"
1918,40.54600554,-74.20981414,"(40.54600554, -74.20981414)"
1919,40.54582446,-74.20974648,"(40.54582446, -74.20974648)"
1920,40.7551576,-73.96225699,"(40.7551576, -73.96225699)"
1921,40.59537589,-74.16617121,"(40.59537589, -74.16617121)"
1922,40.87496115,-73.84512046,"(40.87496115, -73.84512046)"
1923,40.87538523,-73.84535151,"(40.87538523, -73.84535151)"
1924,40.64846545,-74.01146958,"(40.64846545, -74.01146958)"
1925,40.5389148,-74.1573967,"(40.5389148, -74.1573967)"
1926,40.84216098,-73.91255789,"(40.84216098, -73.91255789)"
1927,40.75492427,-73.96242746,"(40.75492427, -73.96242746)"
1928,40.75502174,-73.96235607,"(40.75502174, -73.96235607)"
1929,40.60939385,-73.9788685,"(40.60939385, -73.9788685)"
1930,40.61325776,-74.13517019,"(40.61325776, -74.13517019)"
1931,40.85526759,-73.91091684,"(40.85526759, -73.91091684)"
1932,40.50694843,-74.23433564,"(40.50694843, -74.23433564)"
1933,40.54550004,-74.20962527,"(40.54550004, -74.20962527)"
1934,40.83191935,-73.87525358,"(40.83191935, -73.87525358)"
1935,40.72783913,-73.73712126,"(40.72783913, -73.73712126)"
1936,40.58763525,-73.98484061,"(40.58763525, -73.98484061)"
1937,40.55095406,-74.17714639,"(40.55095406, -74.17714639)"
1938,40.69520788,-73.96044336,"(40.69520788, -73.96044336)"
1939,40.8697507,-73.83505577,"(40.8697507, -73.83505577)"
1940,40.6169095,-73.98498762,"(40.6169095, -73.98498762)"
1941,40.7316328,-73.85122377,"(40.7316328, -73.85122377)"
1942,40.88655518,-73.90462778,"(40.88655518, -73.90462778)"
1943,40.74847876,-73.8723559,"(40.74847876, -73.8723559)"
1944,40.50695986,-74.2342812,"(40.50695986, -74.2342812)"
1945,40.67917114,-73.97534449,"(40.67917114, -73.97534449)"
1946,40.52655939,-74.21951527,"(40.52655939, -74.21951527)"
1947,40.54497782,-74.21635355,"(40.54497782, -74.21635355)"
1948,40.84323881,-73.91239788,"(40.84323881, -73.91239788)"
1949,40.73700389,-73.70513199,"(40.73700389, -73.70513199)"
1950,40.61641096,-73.98416042,"(40.61641096, -73.98416042)"
1951,40.74836902,-73.87233254,"(40.74836902, -73.87233254)"
1952,40.54352678,-74.21025427,"(40.54352678, -74.21025427)"
1953,40.54351963,-74.21031471,"(40.54351963, -74.21031471)"
1954,40.59010246,-73.93551775,"(40.59010246, -73.93551775)"
1955,40.72649602,-73.84788321,"(40.72649602, -73.84788321)"
1956,40.54619137,-74.20988357,"(40.54619137, -74.20988357)"
1957,40.6972258,-73.7916352,"(40.6972258, -73.7916352)"
1958,40.83592662,-73.90938979,"(40.83592662, -73.90938979)"
1959,40.83333192,-73.87558169,"(40.83333192, -73.87558169)"
1960,40.83349951,-73.87562062,"(40.83349951, -73.87562062)"
1961,40.87601171,-73.84569283,"(40.87601171, -73.84569283)"
1962,40.61957404,-74.14054281,"(40.61957404, -74.14054281)"
1963,40.63168732,-74.0322579,"(40.63168732, -74.0322579)"
1964,40.53581145,-74.15551944,"(40.53581145, -74.15551944)"
1965,40.76539932,-73.89175668,"(40.76539932, -73.89175668)"
1966,40.54505977,-74.21248137,"(40.54505977, -74.21248137)"
1967,40.69057713,-73.81714909,"(40.69057713, -73.81714909)"
1968,40.5453904,-74.21631845,"(40.5453904, -74.21631845)"
1969,40.71055346,-73.75839908,"(40.71055346, -73.75839908)"
1970,40.81735051,-73.81442978,"(40.81735051, -73.81442978)"
1971,40.67137771,-73.94428403,"(40.67137771, -73.94428403)"
1972,40.75527474,-73.96217157,"(40.75527474, -73.96217157)"
1973,40.60856565,-73.95466861,"(40.60856565, -73.95466861)"
1974,40.76677277,-73.96138526,"(40.76677277, -73.96138526)"
1975,40.55317315,-74.16826267,"(40.55317315, -74.16826267)"
1976,40.69480417,-73.96035747,"(40.69480417, -73.96035747)"
1977,40.60492537,-73.99085246,"(40.60492537, -73.99085246)"
1978,40.76577241,-73.99485746,"(40.76577241, -73.99485746)"
1979,40.73193958,-73.85019441,"(40.73193958, -73.85019441)"
1980,40.54548389,-74.21635314,"(40.54548389, -74.21635314)"
1981,40.82065078,-73.936993,"(40.82065078, -73.936993)"
1982,40.61013172,-74.14810071,"(40.61013172, -74.14810071)"
1983,40.74537903,-73.8235907,"(40.74537903, -73.8235907)"
1984,40.73376305,-73.84663547,"(40.73376305, -73.84663547)"
1985,40.54736572,-74.17644047,"(40.54736572, -74.17644047)"
1986,40.88519486,-73.85210742,"(40.88519486, -73.85210742)"
1987,40.68873568,-73.93911438,"(40.68873568, -73.93911438)"
1988,40.71035693,-73.84120802,"(40.71035693, -73.84120802)"
1989,40.60423505,-74.16076936,"(40.60423505, -74.16076936)"
1990,40.60416761,-74.1604359,"(40.60416761, -74.1604359)"
1991,40.76465382,-73.88961461,"(40.76465382, -73.88961461)"
1992,40.73435106,-73.78955918,"(40.73435106, -73.78955918)"
1993,40.53751797,-74.2217497,"(40.53751797, -74.2217497)"
1994,40.55507957,-74.16761294,"(40.55507957, -74.16761294)"
1995,40.61927767,-74.10652542,"(40.61927767, -74.10652542)"
1996,40.70942405,-73.7579317,"(40.70942405, -73.7579317)"
1997,40.53716573,-74.21701804,"(40.53716573, -74.21701804)"
1998,40.86668108,-73.85089942,"(40.86668108, -73.85089942)"
1999,40.61174184,-74.13504221,"(40.61174184, -74.13504221)"
2000,40.74728697,-73.7160353,"(40.74728697, -73.7160353)"
2001,40.6898219,-73.94221837,"(40.6898219, -73.94221837)"
2002,40.5265354,-74.21954741,"(40.5265354, -74.21954741)"
2003,40.51109884,-74.23069283,"(40.51109884, -74.23069283)"
2004,40.65014348,-73.84050585,"(40.65014348, -73.84050585)"
2005,40.51068362,-74.23469407,"(40.51068362, -74.23469407)"
2006,40.55652594,-74.16690936,"(40.55652594, -74.16690936)"
2007,40.86610446,-73.86920792,"(40.86610446, -73.86920792)"
2008,40.70966281,-73.75803051,"(40.70966281, -73.75803051)"
2009,40.78779282,-73.82280338,"(40.78779282, -73.82280338)"
2010,40.8105523,-73.96407274,"(40.8105523, -73.96407274)"
2011,40.86554063,-73.85090209,"(40.86554063, -73.85090209)"
2012,40.84784256,-73.83515151,"(40.84784256, -73.83515151)"
2013,40.86965411,-73.83536311,"(40.86965411, -73.83536311)"
2014,40.86960183,-73.83552948,"(40.86960183, -73.83552948)"
2015,40.74904241,-73.82784516,"(40.74904241, -73.82784516)"
2016,40.65136625,-73.95476797,"(40.65136625, -73.95476797)"
2017,40.76056811,-73.80526322,"(40.76056811, -73.80526322)"
2018,40.71229071,-73.73317024,"(40.71229071, -73.73317024)"
2019,40.81674507,-73.81407951,"(40.81674507, -73.81407951)"
2020,40.61399582,-74.13944542,"(40.61399582, -74.13944542)"
2021,40.83931834,-73.91043343,"(40.83931834, -73.91043343)"
2022,40.62545609,-74.12303466,"(40.62545609, -74.12303466)"
2023,40.68962724,-73.94218028,"(40.68962724, -73.94218028)"
2024,40.8728797,-73.84450357,"(40.8728797, -73.84450357)"
2025,40.60853702,-73.95494046,"(40.60853702, -73.95494046)"
2026,40.68669886,-73.84705051,"(40.68669886, -73.84705051)"
2027,40.74031403,-73.81519091,"(40.74031403, -73.81519091)"
2028,40.64998839,-73.83964307,"(40.64998839, -73.83964307)"
2029,40.61425332,-73.98473587,"(40.61425332, -73.98473587)"
2030,40.53667762,-74.20223304,"(40.53667762, -74.20223304)"
2031,40.71446997,-73.75684329,"(40.71446997, -73.75684329)"
2032,40.61641585,-74.12496955,"(40.61641585, -74.12496955)"
2033,40.61245133,-74.14855603,"(40.61245133, -74.14855603)"
2034,40.86618681,-73.85088111,"(40.86618681, -73.85088111)"
2035,40.61113526,-74.13504708,"(40.61113526, -74.13504708)"
2036,40.53581583,-74.19401413,"(40.53581583, -74.19401413)"
2037,40.59512853,-74.1651205,"(40.59512853, -74.1651205)"
2038,40.50851519,-74.23572982,"(40.50851519, -74.23572982)"
2039,40.54813496,-74.21280789,"(40.54813496, -74.21280789)"
2040,40.76451889,-73.872155,"(40.76451889, -73.872155)"
2041,40.61753529,-74.14309559,"(40.61753529, -74.14309559)"
2042,40.62521746,-74.12895723,"(40.62521746, -74.12895723)"
2043,40.58777533,-73.9846951,"(40.58777533, -73.9846951)"
2044,40.656032,-73.95447086,"(40.656032, -73.95447086)"
2045,40.55096956,-74.17728888,"(40.55096956, -74.17728888)"
2046,40.76112499,-73.80896954,"(40.76112499, -73.80896954)"
2047,40.61964728,-73.93270098,"(40.61964728, -73.93270098)"
2048,40.5110311,-74.23096612,"(40.5110311, -74.23096612)"
2049,40.88673883,-73.90441523,"(40.88673883, -73.90441523)"
2050,40.74408739,-73.70992162,"(40.74408739, -73.70992162)"
2051,40.83563951,-73.84951962,"(40.83563951, -73.84951962)"
2052,40.64842384,-74.01140068,"(40.64842384, -74.01140068)"
2053,40.74197805,-73.81212919,"(40.74197805, -73.81212919)"
2054,40.810625,-73.96424687,"(40.810625, -73.96424687)"
2055,40.80386366,-73.90730438,"(40.80386366, -73.90730438)"
2056,40.5501994,-74.16659063,"(40.5501994, -74.16659063)"
2057,40.76424512,-73.99256371,"(40.76424512, -73.99256371)"
2058,40.88352615,-73.87952822,"(40.88352615, -73.87952822)"
2059,40.72039967,-73.86698722,"(40.72039967, -73.86698722)"
2060,40.61367606,-74.1256516,"(40.61367606, -74.1256516)"
2061,40.62052793,-73.93279493,"(40.62052793, -73.93279493)"
2062,40.61866893,-74.13841349,"(40.61866893, -74.13841349)"
2063,40.75294639,-73.7750956,"(40.75294639, -73.7750956)"
2064,40.54512893,-74.21622145,"(40.54512893, -74.21622145)"
2065,40.81873809,-73.94096712,"(40.81873809, -73.94096712)"
2066,40.73686308,-73.70507983,"(40.73686308, -73.70507983)"
2067,40.61207249,-74.12119555,"(40.61207249, -74.12119555)"
2068,40.74855625,-73.87237239,"(40.74855625, -73.87237239)"
2069,40.74869281,-73.87240146,"(40.74869281, -73.87240146)"
2070,40.52648454,-74.21961556,"(40.52648454, -74.21961556)"
2071,40.67133586,-73.94351996,"(40.67133586, -73.94351996)"
2072,40.67135311,-73.94383494,"(40.67135311, -73.94383494)"
2073,40.72617693,-73.84637667,"(40.72617693, -73.84637667)"
2074,40.70199082,-73.89186073,"(40.70199082, -73.89186073)"
2075,40.6043077,-74.16112858,"(40.6043077, -74.16112858)"
2076,40.60414212,-74.1603099,"(40.60414212, -74.1603099)"
2077,40.62096253,-74.13367543,"(40.62096253, -74.13367543)"
2078,40.86972361,-73.83514196,"(40.86972361, -73.83514196)"
2079,40.8873045,-73.90386452,"(40.8873045, -73.90386452)"
2080,40.8875838,-73.90364726,"(40.8875838, -73.90364726)"
2081,40.71236806,-73.73313757,"(40.71236806, -73.73313757)"
2082,40.81662114,-73.81404588,"(40.81662114, -73.81404588)"
2083,40.60864412,-73.95397952,"(40.60864412, -73.95397952)"
2084,40.60462846,-73.9633801,"(40.60462846, -73.9633801)"
2085,40.71737871,-73.75372532,"(40.71737871, -73.75372532)"
2086,40.73396125,-73.84597578,"(40.73396125, -73.84597578)"
2087,40.5953396,-74.16601708,"(40.5953396, -74.16601708)"
2088,40.54218867,-74.20384881,"(40.54218867, -74.20384881)"
2089,40.7029935,-73.88763976,"(40.7029935, -73.88763976)"
2090,40.87054636,-73.84105966,"(40.87054636, -73.84105966)"
2091,40.61632718,-73.98402143,"(40.61632718, -73.98402143)"
2092,40.8872093,-73.90394493,"(40.8872093, -73.90394493)"
2093,40.8346321,-73.90938437,"(40.8346321, -73.90938437)"
2094,40.77662942,-73.84193505,"(40.77662942, -73.84193505)"
2095,40.54354445,-74.21010494,"(40.54354445, -74.21010494)"
2096,40.67876283,-73.97562126,"(40.67876283, -73.97562126)"
2097,40.72658613,-73.84758049,"(40.72658613, -73.84758049)"
2098,40.54621777,-74.20989344,"(40.54621777, -74.20989344)"
2099,40.54602982,-74.20982322,"(40.54602982, -74.20982322)"
2100,40.8172605,-73.81440511,"(40.8172605, -73.81440511)"
2101,40.73400908,-73.8458113,"(40.73400908, -73.8458113)"
2102,40.88524196,-73.85225473,"(40.88524196, -73.85225473)"
2103,40.88525933,-73.85230905,"(40.88525933, -73.85230905)"
2104,40.6090818,-73.95338351,"(40.6090818, -73.95338351)"
2105,40.54508033,-74.2124537,"(40.54508033, -74.2124537)"
2106,40.61663476,-74.14212738,"(40.61663476, -74.14212738)"
2107,40.61198993,-73.90676823,"(40.61198993, -73.90676823)"
2108,40.76555121,-73.99501767,"(40.76555121, -73.99501767)"
2109,40.60865412,-73.95388899,"(40.60865412, -73.95388899)"
2110,40.83140987,-73.82580141,"(40.83140987, -73.82580141)"
2111,40.74734881,-73.71511136,"(40.74734881, -73.71511136)"
2112,40.68995275,-73.94224398,"(40.68995275, -73.94224398)"
2113,40.70009216,-73.79373243,"(40.70009216, -73.79373243)"
2114,40.69127801,-73.82155528,"(40.69127801, -73.82155528)"
2115,40.83320542,-73.87555231,"(40.83320542, -73.87555231)"
2116,40.6889864,-73.93901079,"(40.6889864, -73.93901079)"
2117,40.63857094,-74.01362517,"(40.63857094, -74.01362517)"
2118,40.73197282,-73.85008287,"(40.73197282, -73.85008287)"
2119,40.54552509,-74.21636842,"(40.54552509, -74.21636842)"
2120,40.76076472,-73.80705728,"(40.76076472, -73.80705728)"
2121,40.61622369,-74.12877799,"(40.61622369, -74.12877799)"
2122,40.61619268,-74.12917355,"(40.61619268, -74.12917355)"
2123,40.50698592,-74.23415707,"(40.50698592, -74.23415707)"
2124,40.83146452,-73.82568957,"(40.83146452, -73.82568957)"
2125,40.74735276,-73.7150524,"(40.74735276, -73.7150524)"
2126,40.7618848,-73.79330984,"(40.7618848, -73.79330984)"
2127,40.54624364,-74.2099031,"(40.54624364, -74.2099031)"
2128,40.82061636,-73.93691153,"(40.82061636, -73.93691153)"
2129,40.69752421,-73.79185025,"(40.69752421, -73.79185025)"
2130,40.62051617,-74.12560574,"(40.62051617, -74.12560574)"
2131,40.73385993,-73.84631334,"(40.73385993, -73.84631334)"
2132,40.54750373,-74.17632136,"(40.54750373, -74.17632136)"
2133,40.59521293,-74.16547899,"(40.59521293, -74.16547899)"
2134,40.65003102,-73.84142866,"(40.65003102, -73.84142866)"
2135,40.64931556,-73.84029991,"(40.64931556, -73.84029991)"
2136,40.68860325,-73.939088,"(40.68860325, -73.939088)"
2137,40.60420999,-74.16064545,"(40.60420999, -74.16064545)"
2138,40.55599489,-74.16679211,"(40.55599489, -74.16679211)"
2139,40.84420055,-73.90494997,"(40.84420055, -73.90494997)"
2140,40.81485754,-73.84923337,"(40.81485754, -73.84923337)"
2141,40.84396005,-73.90576115,"(40.84396005, -73.90576115)"
2142,40.53751414,-74.22180343,"(40.53751414, -74.22180343)"
2143,40.54355203,-74.21004094,"(40.54355203, -74.21004094)"
2144,40.62325055,-74.12464247,"(40.62325055, -74.12464247)"
2145,40.68970869,-73.94219622,"(40.68970869, -73.94219622)"
2146,40.83287134,-73.8754747,"(40.83287134, -73.8754747)"
2147,40.86932652,-73.84245493,"(40.86932652, -73.84245493)"
2148,40.5265068,-74.21958573,"(40.5265068, -74.21958573)"
2149,40.75506255,-73.96232631,"(40.75506255, -73.96232631)"
2150,40.83096255,-73.82472374,"(40.83096255, -73.82472374)"
2151,40.81917068,-73.81474974,"(40.81917068, -73.81474974)"
2152,40.61986317,-74.12551717,"(40.61986317, -74.12551717)"
2153,40.61539607,-74.1473325,"(40.61539607, -74.1473325)"
2154,40.74015877,-73.81520944,"(40.74015877, -73.81520944)"
2155,40.64984272,-73.83960717,"(40.64984272, -73.83960717)"
2156,40.55638736,-74.16687876,"(40.55638736, -74.16687876)"
2157,40.61319353,-74.13517039,"(40.61319353, -74.13517039)"
2158,40.60098315,-73.97344447,"(40.60098315, -73.97344447)"
2159,40.71025553,-73.75827579,"(40.71025553, -73.75827579)"
2160,40.67137339,-73.94420529,"(40.67137339, -73.94420529)"
2161,40.66209515,-73.84412889,"(40.66209515, -73.84412889)"
2162,40.66314324,-73.83309021,"(40.66314324, -73.83309021)"
2163,40.6199418,-74.12552787,"(40.6199418, -74.12552787)"
2164,40.65034988,-73.83973217,"(40.65034988, -73.83973217)"
2165,40.5555564,-74.1666953,"(40.5555564, -74.1666953)"
2166,40.86593382,-73.86920111,"(40.86593382, -73.86920111)"
2167,40.74587741,-73.91808686,"(40.74587741, -73.91808686)"
2168,40.61980646,-74.10774281,"(40.61980646, -74.10774281)"
2169,40.61989774,-74.10795646,"(40.61989774, -74.10795646)"
2170,40.61394057,-74.14353806,"(40.61394057, -74.14353806)"
2171,40.61565183,-74.14330877,"(40.61565183, -74.14330877)"
2172,40.60428447,-74.16101372,"(40.60428447, -74.16101372)"
2173,40.86600295,-73.86920387,"(40.86600295, -73.86920387)"
2174,40.61943619,-74.12336456,"(40.61943619, -74.12336456)"
2175,40.8767443,-73.85744929,"(40.8767443, -73.85744929)"
2176,40.53049445,-74.19054045,"(40.53049445, -74.19054045)"
2177,40.54117303,-74.20405384,"(40.54117303, -74.20405384)"
2178,40.83757211,-73.91098592,"(40.83757211, -73.91098592)"
2179,40.52762733,-74.17680313,"(40.52762733, -74.17680313)"
2180,40.60323658,-73.96394104,"(40.60323658, -73.96394104)"
2181,40.60735359,-73.95601654,"(40.60735359, -73.95601654)"
2182,40.81946999,-73.81866124,"(40.81946999, -73.81866124)"
2183,40.8395839,-73.91027696,"(40.8395839, -73.91027696)"
2184,40.7459277,-73.91915275,"(40.7459277, -73.91915275)"
2185,40.83553791,-73.90961749,"(40.83553791, -73.90961749)"
2186,40.69124966,-73.82165492,"(40.69124966, -73.82165492)"
2187,40.7454474,-73.8235478,"(40.7454474, -73.8235478)"
2188,40.76563641,-73.88980919,"(40.76563641, -73.88980919)"
2189,40.61363585,-74.1261567,"(40.61363585, -74.1261567)"
2190,40.61978182,-74.12550609,"(40.61978182, -74.12550609)"
2191,40.74888351,-73.85791515,"(40.74888351, -73.85791515)"
2192,40.7491126,-73.8580347,"(40.7491126, -73.8580347)"
2193,40.7439654,-73.711826,"(40.7439654, -73.711826)"
2194,40.74440907,-73.71199122,"(40.74440907, -73.71199122)"
2195,40.60409284,-74.16006624,"(40.60409284, -74.16006624)"
2196,40.55622929,-74.16684386,"(40.55622929, -74.16684386)"
2197,40.76462149,-73.87226263,"(40.76462149, -73.87226263)"
2198,40.55650606,-74.16784623,"(40.55650606, -74.16784623)"
2199,40.88300037,-73.8504482,"(40.88300037, -73.8504482)"
2200,40.87675403,-73.85762747,"(40.87675403, -73.85762747)"
2201,40.87674777,-73.85751277,"(40.87674777, -73.85751277)"
2202,40.70917638,-73.75782921,"(40.70917638, -73.75782921)"
2203,40.83751526,-73.91084073,"(40.83751526, -73.91084073)"
2204,40.61048475,-74.13505229,"(40.61048475, -74.13505229)"
2205,40.59062649,-73.93702943,"(40.59062649, -73.93702943)"
2206,40.8452293,-73.83473552,"(40.8452293, -73.83473552)"
2207,40.61763446,-74.13839272,"(40.61763446, -74.13839272)"
2208,40.61773164,-74.13786486,"(40.61773164, -74.13786486)"
2209,40.84832255,-73.8354643,"(40.84832255, -73.8354643)"
2210,40.60425983,-74.16089189,"(40.60425983, -74.16089189)"
2211,40.6596378,-73.83622619,"(40.6596378, -73.83622619)"
2212,40.55608962,-74.16681302,"(40.55608962, -74.16681302)"
2213,40.61337511,-74.14920012,"(40.61337511, -74.14920012)"
2214,40.74513752,-73.91823567,"(40.74513752, -73.91823567)"
2215,40.73144217,-73.8492935,"(40.73144217, -73.8492935)"
2216,40.6071597,-73.97749654,"(40.6071597, -73.97749654)"
2217,40.53720747,-74.21700927,"(40.53720747, -74.21700927)"
2218,40.54994817,-74.15945076,"(40.54994817, -74.15945076)"
2219,40.62168216,-74.12034231,"(40.62168216, -74.12034231)"
2220,40.87826439,-73.85848385,"(40.87826439, -73.85848385)"
2221,40.54384938,-74.16011611,"(40.54384938, -74.16011611)"
2222,40.83359519,-73.87564284,"(40.83359519, -73.87564284)"
2223,40.61900127,-74.10589665,"(40.61900127, -74.10589665)"
2224,40.6193117,-74.10660362,"(40.6193117, -74.10660362)"
2225,40.55520494,-74.1675426,"(40.55520494, -74.1675426)"
2226,40.53724541,-74.2170013,"(40.53724541, -74.2170013)"
2227,40.86659848,-73.8509021,"(40.86659848, -73.8509021)"
2228,40.59040913,-73.93698851,"(40.59040913, -73.93698851)"
2229,40.5083242,-74.23566761,"(40.5083242, -74.23566761)"
2230,40.5083876,-74.23568826,"(40.5083876, -74.23568826)"
2231,40.62165536,-74.12048945,"(40.62165536, -74.12048945)"
2232,40.85806064,-73.86018129,"(40.85806064, -73.86018129)"
2233,40.87823887,-73.85840384,"(40.87823887, -73.85840384)"
2234,40.53601545,-74.21695313,"(40.53601545, -74.21695313)"
2235,40.61189839,-73.91053753,"(40.61189839, -73.91053753)"
2236,40.82229198,-73.86334813,"(40.82229198, -73.86334813)"
2237,40.73937907,-73.81022389,"(40.73937907, -73.81022389)"
2238,40.60778042,-73.90265209,"(40.60778042, -73.90265209)"
2239,40.79262864,-73.8044553,"(40.79262864, -73.8044553)"
2240,40.76258827,-73.90739842,"(40.76258827, -73.90739842)"
2241,40.54628813,-74.19992402,"(40.54628813, -74.19992402)"
2242,40.54590901,-74.19975376,"(40.54590901, -74.19975376)"
2243,40.64733025,-74.01089268,"(40.64733025, -74.01089268)"
2244,40.60278988,-73.99307256,"(40.60278988, -73.99307256)"
2245,40.84782815,-73.85302853,"(40.84782815, -73.85302853)"
2246,40.8736239,-73.8556378,"(40.8736239, -73.8556378)"
2247,40.75650824,-73.99192884,"(40.75650824, -73.99192884)"
2248,40.72464023,-73.98955247,"(40.72464023, -73.98955247)"
2249,40.76462512,-73.87116487,"(40.76462512, -73.87116487)"
2250,40.690579,-73.93166539,"(40.690579, -73.93166539)"
2251,40.70183767,-73.88670225,"(40.70183767, -73.88670225)"
2252,40.875586,-73.84660486,"(40.875586, -73.84660486)"
2253,40.64739495,-73.97860829,"(40.64739495, -73.97860829)"
2254,40.84627422,-73.89322846,"(40.84627422, -73.89322846)"
2255,40.73947491,-73.82342118,"(40.73947491, -73.82342118)"
2256,40.54164243,-74.1451041,"(40.54164243, -74.1451041)"
2257,40.85470663,-73.91665609,"(40.85470663, -73.91665609)"
2258,40.53831097,-74.20305185,"(40.53831097, -74.20305185)"
2259,40.72551588,-73.84776702,"(40.72551588, -73.84776702)"
2260,40.54260633,-74.2161939,"(40.54260633, -74.2161939)"
2261,40.59717934,-73.95423074,"(40.59717934, -73.95423074)"
2262,40.78808363,-73.81898904,"(40.78808363, -73.81898904)"
2263,40.85805537,-73.86038795,"(40.85805537, -73.86038795)"
2264,40.61735153,-74.15063204,"(40.61735153, -74.15063204)"
2265,40.61732399,-74.1503418,"(40.61732399, -74.1503418)"
2266,40.54024979,-74.19718572,"(40.54024979, -74.19718572)"
2267,40.88377764,-73.87840912,"(40.88377764, -73.87840912)"
2268,40.83894704,-73.9104316,"(40.83894704, -73.9104316)"
2269,40.53877471,-74.20210973,"(40.53877471, -74.20210973)"
2270,40.83137251,-73.87512558,"(40.83137251, -73.87512558)"
2271,40.84391488,-73.92115008,"(40.84391488, -73.92115008)"
2272,40.72647367,-73.85498102,"(40.72647367, -73.85498102)"
2273,40.76687835,-73.90916822,"(40.76687835, -73.90916822)"
2274,40.74102338,-73.9191799,"(40.74102338, -73.9191799)"
2275,40.61827739,-74.14597953,"(40.61827739, -74.14597953)"
2276,40.53682703,-74.20094296,"(40.53682703, -74.20094296)"
2277,40.62128444,-74.12751278,"(40.62128444, -74.12751278)"
2278,40.61646491,-73.95131064,"(40.61646491, -73.95131064)"
2279,40.69554977,-73.83642957,"(40.69554977, -73.83642957)"
2280,40.87725418,-73.8576768,"(40.87725418, -73.8576768)"
2281,40.54121128,-74.14550716,"(40.54121128, -74.14550716)"
2282,40.69990694,-73.81300612,"(40.69990694, -73.81300612)"
2283,40.6820227,-73.95486216,"(40.6820227, -73.95486216)"
2284,40.60690019,-73.96347644,"(40.60690019, -73.96347644)"
2285,40.70340733,-73.87478806,"(40.70340733, -73.87478806)"
2286,40.72190807,-73.90044764,"(40.72190807, -73.90044764)"
2287,40.70620301,-73.92540243,"(40.70620301, -73.92540243)"
2288,40.83166147,-73.87533139,"(40.83166147, -73.87533139)"
2289,40.54151084,-74.14486453,"(40.54151084, -74.14486453)"
2290,40.6926119,-73.81685852,"(40.6926119, -73.81685852)"
2291,40.607133,-73.96273057,"(40.607133, -73.96273057)"
2292,40.78718404,-73.82106053,"(40.78718404, -73.82106053)"
2293,40.50910788,-74.23592286,"(40.50910788, -74.23592286)"
2294,40.50927915,-74.23597865,"(40.50927915, -74.23597865)"
2295,40.72671836,-73.8488512,"(40.72671836, -73.8488512)"
2296,40.74704727,-73.82959318,"(40.74704727, -73.82959318)"
2297,40.70953806,-73.95568027,"(40.70953806, -73.95568027)"
2298,40.73988196,-73.75058265,"(40.73988196, -73.75058265)"
2299,40.59755471,-73.95430241,"(40.59755471, -73.95430241)"
2300,40.62369027,-73.95332049,"(40.62369027, -73.95332049)"
2301,40.54053226,-74.1589945,"(40.54053226, -74.1589945)"
2302,40.74399024,-73.87443718,"(40.74399024, -73.87443718)"
2303,40.75843205,-73.99042304,"(40.75843205, -73.99042304)"
2304,40.54250475,-74.21838567,"(40.54250475, -74.21838567)"
2305,40.82777179,-73.82892941,"(40.82777179, -73.82892941)"
2306,40.69935647,-73.81350168,"(40.69935647, -73.81350168)"
2307,40.76639248,-73.99066989,"(40.76639248, -73.99066989)"
2308,40.76631949,-73.99072304,"(40.76631949, -73.99072304)"
2309,40.55040198,-74.17517185,"(40.55040198, -74.17517185)"
2310,40.544517,-74.20188401,"(40.544517, -74.20188401)"
2311,40.6307587,-73.8966624,"(40.6307587, -73.8966624)"
2312,40.81572663,-73.93983943,"(40.81572663, -73.93983943)"
2313,40.86219498,-73.84721136,"(40.86219498, -73.84721136)"
2314,40.73469158,-73.70343979,"(40.73469158, -73.70343979)"
2315,40.54129798,-74.14459877,"(40.54129798, -74.14459877)"
2316,40.5412628,-74.14455485,"(40.5412628, -74.14455485)"
2317,40.83730295,-73.8473239,"(40.83730295, -73.8473239)"
2318,40.54498859,-74.2163052,"(40.54498859, -74.2163052)"
2319,40.75513543,-73.87079745,"(40.75513543, -73.87079745)"
2320,40.6887981,-73.93912681,"(40.6887981, -73.93912681)"
2321,40.61408529,-74.14351867,"(40.61408529, -74.14351867)"
2322,40.54196452,-74.21698629,"(40.54196452, -74.21698629)"
2323,40.7455483,-73.91815305,"(40.7455483, -73.91815305)"
2324,40.76646644,-73.99061603,"(40.76646644, -73.99061603)"
2325,40.69983191,-73.8132638,"(40.69983191, -73.8132638)"
2326,40.7485037,-73.94509716,"(40.7485037, -73.94509716)"
2327,40.68201034,-73.95496911,"(40.68201034, -73.95496911)"
2328,40.63024326,-73.89608711,"(40.63024326, -73.89608711)"
2329,40.84722059,-73.86805472,"(40.84722059, -73.86805472)"
2330,40.63693192,-73.95658248,"(40.63693192, -73.95658248)"
2331,40.65536778,-73.74300592,"(40.65536778, -73.74300592)"
2332,40.59523366,-74.16556707,"(40.59523366, -74.16556707)"
2333,40.54222517,-74.20363831,"(40.54222517, -74.20363831)"
2334,40.61356684,-74.12702362,"(40.61356684, -74.12702362)"
2335,40.68849389,-73.93906622,"(40.68849389, -73.93906622)"
2336,40.88359337,-73.89344275,"(40.88359337, -73.89344275)"
2337,40.60496276,-73.96465172,"(40.60496276, -73.96465172)"
2338,40.7415816,-73.81763429,"(40.7415816, -73.81763429)"
2339,40.84586455,-73.83515703,"(40.84586455, -73.83515703)"
2340,40.60288452,-73.96387416,"(40.60288452, -73.96387416)"
2341,40.58734175,-73.98514549,"(40.58734175, -73.98514549)"
2342,40.54133296,-74.14464244,"(40.54133296, -74.14464244)"
2343,40.65596368,-73.74219246,"(40.65596368, -73.74219246)"
2344,40.70364602,-73.92097208,"(40.70364602, -73.92097208)"
2345,40.88274485,-73.88011018,"(40.88274485, -73.88011018)"
2346,40.55303445,-74.16823298,"(40.55303445, -74.16823298)"
2347,40.65601178,-73.95479992,"(40.65601178, -73.95479992)"
2348,40.74155105,-73.82019906,"(40.74155105, -73.82019906)"
2349,40.85406337,-73.869184,"(40.85406337, -73.869184)"
2350,40.54534919,-74.21630317,"(40.54534919, -74.21630317)"
2351,40.8761149,-73.82411532,"(40.8761149, -73.82411532)"
2352,40.83650626,-73.90833298,"(40.83650626, -73.90833298)"
2353,40.85536191,-73.91083208,"(40.85536191, -73.91083208)"
2354,40.69197558,-73.81859299,"(40.69197558, -73.81859299)"
2355,40.84407106,-73.83370197,"(40.84407106, -73.83370197)"
2356,40.50487982,-74.24181918,"(40.50487982, -74.24181918)"
2357,40.748071,-73.85952939,"(40.748071, -73.85952939)"
2358,40.64667168,-73.97903549,"(40.64667168, -73.97903549)"
2359,40.71017123,-73.7582409,"(40.71017123, -73.7582409)"
2360,40.74731994,-73.71554277,"(40.74731994, -73.71554277)"
2361,40.82134647,-73.93864008,"(40.82134647, -73.93864008)"
2362,40.67136833,-73.94411288,"(40.67136833, -73.94411288)"
2363,40.5955957,-74.16710496,"(40.5955957, -74.16710496)"
2364,40.59552248,-74.16679394,"(40.59552248, -74.16679394)"
2365,40.61766795,-74.14045073,"(40.61766795, -74.14045073)"
2366,40.83375728,-73.84188433,"(40.83375728, -73.84188433)"
2367,40.81072939,-73.96231966,"(40.81072939, -73.96231966)"
2368,40.65414456,-73.94689637,"(40.65414456, -73.94689637)"
2369,40.74996794,-73.86842802,"(40.74996794, -73.86842802)"
2370,40.61526663,-73.93595534,"(40.61526663, -73.93595534)"
2371,40.60699049,-73.96318716,"(40.60699049, -73.96318716)"
2372,40.88946091,-73.90455633,"(40.88946091, -73.90455633)"
2373,40.74505573,-73.70967873,"(40.74505573, -73.70967873)"
2374,40.86180615,-73.84912206,"(40.86180615, -73.84912206)"
2375,40.55309713,-74.16773833,"(40.55309713, -74.16773833)"
2376,40.68128281,-73.810474,"(40.68128281, -73.810474)"
2377,40.64565624,-73.94519808,"(40.64565624, -73.94519808)"
2378,40.65610607,-73.8367218,"(40.65610607, -73.8367218)"
2379,40.60639597,-73.9650498,"(40.60639597, -73.9650498)"
2380,40.60296276,-73.96388902,"(40.60296276, -73.96388902)"
2381,40.58740845,-73.9850762,"(40.58740845, -73.9850762)"
2382,40.80468107,-73.93621097,"(40.80468107, -73.93621097)"
2383,40.54071881,-74.14387569,"(40.54071881, -74.14387569)"
2384,40.54056259,-74.14368066,"(40.54056259, -74.14368066)"
2385,40.76089919,-73.80586037,"(40.76089919, -73.80586037)"
2386,40.60855257,-73.95479277,"(40.60855257, -73.95479277)"
2387,40.60433249,-74.16125111,"(40.60433249, -74.16125111)"
2388,40.74623332,-73.85800399,"(40.74623332, -73.85800399)"
2389,40.61269196,-74.14929401,"(40.61269196, -74.14929401)"
2390,40.70975863,-73.75807016,"(40.70975863, -73.75807016)"
2391,40.61303191,-73.98464042,"(40.61303191, -73.98464042)"
2392,40.54087364,-74.14406899,"(40.54087364, -74.14406899)"
2393,40.68196864,-73.80994787,"(40.68196864, -73.80994787)"
2394,40.70352188,-73.92109422,"(40.70352188, -73.92109422)"
2395,40.7586799,-73.99600675,"(40.7586799, -73.99600675)"
2396,40.83621382,-73.90849894,"(40.83621382, -73.90849894)"
2397,40.84322348,-73.92024456,"(40.84322348, -73.92024456)"
2398,40.6931755,-73.94166745,"(40.6931755, -73.94166745)"
2399,40.87403457,-73.84749455,"(40.87403457, -73.84749455)"
2400,40.87068082,-73.85937632,"(40.87068082, -73.85937632)"
2401,40.74544764,-73.9181733,"(40.74544764, -73.9181733)"
2402,40.69024615,-73.94200176,"(40.69024615, -73.94200176)"
2403,40.61942876,-74.10687263,"(40.61942876, -74.10687263)"
2404,40.55536414,-74.1675795,"(40.55536414, -74.1675795)"
2405,40.83749136,-73.9107797,"(40.83749136, -73.9107797)"
2406,40.61123681,-74.13504626,"(40.61123681, -74.13504626)"
2407,40.74706019,-73.82972817,"(40.74706019, -73.82972817)"
2408,40.54139358,-74.14471813,"(40.54139358, -74.14471813)"
2409,40.87747547,-73.85928352,"(40.87747547, -73.85928352)"
2410,40.655996,-73.95347588,"(40.655996, -73.95347588)"
2411,40.63862767,-74.01356657,"(40.63862767, -74.01356657)"
2412,40.83433657,-73.9095498,"(40.83433657, -73.9095498)"
2413,40.62162791,-74.1206401,"(40.62162791, -74.1206401)"
2414,40.74435464,-73.71722252,"(40.74435464, -73.71722252)"
2415,40.60712478,-73.95593861,"(40.60712478, -73.95593861)"
2416,40.76041228,-73.96432176,"(40.76041228, -73.96432176)"
2417,40.74144365,-73.81520874,"(40.74144365, -73.81520874)"
2418,40.85186952,-73.93416841,"(40.85186952, -73.93416841)"
2419,40.60651097,-73.90525568,"(40.60651097, -73.90525568)"
2420,40.82789851,-73.82741374,"(40.82789851, -73.82741374)"
2421,40.61096041,-74.13598124,"(40.61096041, -74.13598124)"
2422,40.74414808,-73.71402479,"(40.74414808, -73.71402479)"
2423,40.67028619,-73.86653751,"(40.67028619, -73.86653751)"
2424,40.74278078,-73.82383847,"(40.74278078, -73.82383847)"
2425,40.54217651,-74.20391898,"(40.54217651, -74.20391898)"
2426,40.54221301,-74.20370848,"(40.54221301, -74.20370848)"
2427,40.61357197,-74.12695913,"(40.61357197, -74.12695913)"
2428,40.71041915,-73.84137682,"(40.71041915, -73.84137682)"
2429,40.7453562,-73.91819169,"(40.7453562, -73.91819169)"
2430,40.71804362,-73.75260471,"(40.71804362, -73.75260471)"
2431,40.81562226,-73.93991649,"(40.81562226, -73.93991649)"
2432,40.65301018,-73.92364985,"(40.65301018, -73.92364985)"
2433,40.65323937,-73.92367535,"(40.65323937, -73.92367535)"
2434,40.74152953,-73.81747911,"(40.74152953, -73.81747911)"
2435,40.54136536,-74.14468289,"(40.54136536, -74.14468289)"
2436,40.68031384,-73.88483127,"(40.68031384, -73.88483127)"
2437,40.84282748,-73.90599288,"(40.84282748, -73.90599288)"
2438,40.51048752,-74.23571009,"(40.51048752, -74.23571009)"
2439,40.5559034,-74.16677191,"(40.5559034, -74.16677191)"
2440,40.83427581,-73.90970182,"(40.83427581, -73.90970182)"
2441,40.77422223,-73.90712337,"(40.77422223, -73.90712337)"
2442,40.54429721,-74.20281931,"(40.54429721, -74.20281931)"
2443,40.62362107,-74.01445323,"(40.62362107, -74.01445323)"
2444,40.78793382,-73.82089505,"(40.78793382, -73.82089505)"
2445,40.67007132,-73.9203826,"(40.67007132, -73.9203826)"
2446,40.74109518,-73.92012323,"(40.74109518, -73.92012323)"
2447,40.60399664,-73.96408544,"(40.60399664, -73.96408544)"
2448,40.54977946,-74.1593816,"(40.54977946, -74.1593816)"
2449,40.61843191,-73.9982949,"(40.61843191, -73.9982949)"
2450,40.54083886,-74.14402557,"(40.54083886, -74.14402557)"
2451,40.54387656,-74.16014296,"(40.54387656, -74.16014296)"
2452,40.87752855,-73.85854588,"(40.87752855, -73.85854588)"
2453,40.76643043,-73.99064226,"(40.76643043, -73.99064226)"
2454,40.72179405,-73.86783584,"(40.72179405, -73.86783584)"
2455,40.54452912,-74.20183243,"(40.54452912, -74.20183243)"
2456,40.83968701,-73.9126447,"(40.83968701, -73.9126447)"
2457,40.54066912,-74.14381366,"(40.54066912, -74.14381366)"
2458,40.54062221,-74.1437551,"(40.54062221, -74.1437551)"
2459,40.8452079,-73.83264124,"(40.8452079, -73.83264124)"
2460,40.65137441,-73.95461554,"(40.65137441, -73.95461554)"
2461,40.74302395,-73.82280966,"(40.74302395, -73.82280966)"
2462,40.88429997,-73.85552646,"(40.88429997, -73.85552646)"
2463,40.83734271,-73.84581792,"(40.83734271, -73.84581792)"
2464,40.65600644,-73.95330596,"(40.65600644, -73.95330596)"
2465,40.70346915,-73.9211461,"(40.70346915, -73.9211461)"
2466,40.7032635,-73.92134843,"(40.7032635, -73.92134843)"
2467,40.6685892,-73.7420139,"(40.6685892, -73.7420139)"
2468,40.83835373,-73.92464157,"(40.83835373, -73.92464157)"
2469,40.61270212,-74.14667157,"(40.61270212, -74.14667157)"
2470,40.60408531,-73.9642268,"(40.60408531, -73.9642268)"
2471,40.67131297,-73.94310215,"(40.67131297, -73.94310215)"
2472,40.85986751,-73.85045617,"(40.85986751, -73.85045617)"
2473,40.87563744,-73.85295462,"(40.87563744, -73.85295462)"
2474,40.61499286,-73.90821616,"(40.61499286, -73.90821616)"
2475,40.53686684,-74.20079809,"(40.53686684, -74.20079809)"
2476,40.73382905,-73.84641602,"(40.73382905, -73.84641602)"
2477,40.54726531,-74.17652714,"(40.54726531, -74.17652714)"
2478,40.64049979,-74.11551972,"(40.64049979, -74.11551972)"
2479,40.83359384,-73.84184775,"(40.83359384, -73.84184775)"
2480,40.55353103,-74.16736819,"(40.55353103, -74.16736819)"
2481,40.54875062,-74.16403554,"(40.54875062, -74.16403554)"
2482,40.7457838,-73.91810569,"(40.7457838, -73.91810569)"
2483,40.690237,-73.94208017,"(40.690237, -73.94208017)"
2484,40.69025662,-73.94191194,"(40.69025662, -73.94191194)"
2485,40.55052246,-74.17521429,"(40.55052246, -74.17521429)"
2486,40.64591173,-73.9452257,"(40.64591173, -73.9452257)"
2487,40.63049628,-73.8963695,"(40.63049628, -73.8963695)"
2488,40.87090848,-73.83777006,"(40.87090848, -73.83777006)"
2489,40.61238184,-73.98978527,"(40.61238184, -73.98978527)"
2490,40.83239917,-73.82567164,"(40.83239917, -73.82567164)"
2491,40.83836999,-73.91099187,"(40.83836999, -73.91099187)"
2492,40.66700513,-73.99043611,"(40.66700513, -73.99043611)"
2493,40.75497998,-73.96238653,"(40.75497998, -73.96238653)"
2494,40.60505526,-73.99071613,"(40.60505526, -73.99071613)"
2495,40.74731411,-73.71562978,"(40.74731411, -73.71562978)"
2496,40.67136213,-73.94399962,"(40.67136213, -73.94399962)"
2497,40.86262768,-73.84909609,"(40.86262768, -73.84909609)"
2498,40.60590386,-73.96362683,"(40.60590386, -73.96362683)"
2499,40.70505027,-73.75190851,"(40.70505027, -73.75190851)"
2500,40.87604752,-73.8241398,"(40.87604752, -73.8241398)"
2501,40.74829253,-73.77409066,"(40.74829253, -73.77409066)"
2502,40.66236702,-73.84225333,"(40.66236702, -73.84225333)"
2503,40.6621062,-73.84405093,"(40.6621062, -73.84405093)"
2504,40.74032141,-73.78740751,"(40.74032141, -73.78740751)"
2505,40.50837116,-74.23555668,"(40.50837116, -74.23555668)"
2506,40.60438176,-74.16149477,"(40.60438176, -74.16149477)"
2507,40.65022579,-73.83970158,"(40.65022579, -73.83970158)"
2508,40.86585206,-73.86919785,"(40.86585206, -73.86919785)"
2509,40.73501466,-74.00988859,"(40.73501466, -74.00988859)"
2510,40.87676924,-73.85790951,"(40.87676924, -73.85790951)"
2511,40.74814378,-73.85928392,"(40.74814378, -73.85928392)"
2512,40.73929198,-73.82257642,"(40.73929198, -73.82257642)"
2513,40.67135705,-73.94390685,"(40.67135705, -73.94390685)"
2514,40.84529451,-73.93494111,"(40.84529451, -73.93494111)"
2515,40.64459185,-73.98181238,"(40.64459185, -73.98181238)"
2516,40.84848149,-73.85338354,"(40.84848149, -73.85338354)"
2517,40.65592903,-73.95456581,"(40.65592903, -73.95456581)"
2518,40.87086411,-73.85937036,"(40.87086411, -73.85937036)"
2519,40.62980615,-73.94337218,"(40.62980615, -73.94337218)"
2520,40.69788968,-73.84095593,"(40.69788968, -73.84095593)"
2521,40.61700354,-73.91045432,"(40.61700354, -73.91045432)"
2522,40.61469569,-73.90790394,"(40.61469569, -73.90790394)"
2523,40.87630069,-73.85502708,"(40.87630069, -73.85502708)"
2524,40.74860118,-73.94077702,"(40.74860118, -73.94077702)"
2525,40.54470958,-74.21755755,"(40.54470958, -74.21755755)"
2526,40.5099697,-74.23421612,"(40.5099697, -74.23421612)"
2527,40.60268782,-74.0076988,"(40.60268782, -74.0076988)"
2528,40.87398638,-73.84764907,"(40.87398638, -73.84764907)"
2529,40.60137219,-73.97445567,"(40.60137219, -73.97445567)"
2530,40.85200398,-73.93448808,"(40.85200398, -73.93448808)"
2531,40.74408344,-73.71432328,"(40.74408344, -73.71432328)"
2532,40.74405412,-73.71445865,"(40.74405412, -73.71445865)"
2533,40.83102801,-73.8759981,"(40.83102801, -73.8759981)"
2534,40.64033943,-74.11549012,"(40.64033943, -74.11549012)"
2535,40.70038131,-73.80866195,"(40.70038131, -73.80866195)"
2536,40.60096356,-73.97357044,"(40.60096356, -73.97357044)"
2537,40.54170203,-74.1968916,"(40.54170203, -74.1968916)"
2538,40.60692703,-73.96339046,"(40.60692703, -73.96339046)"
2539,40.87285175,-73.83736085,"(40.87285175, -73.83736085)"
2540,40.54076254,-74.14393028,"(40.54076254, -74.14393028)"
2541,40.65594568,-73.95429495,"(40.65594568, -73.95429495)"
2542,40.70399601,-73.92062771,"(40.70399601, -73.92062771)"
2543,40.83122602,-73.87781552,"(40.83122602, -73.87781552)"
2544,40.88315963,-73.87980123,"(40.88315963, -73.87980123)"
2545,40.74992442,-73.8685582,"(40.74992442, -73.8685582)"
2546,40.73917033,-73.74958013,"(40.73917033, -73.74958013)"
2547,40.74590664,-73.8805812,"(40.74590664, -73.8805812)"
2548,40.54436994,-74.20250984,"(40.54436994, -74.20250984)"
2549,40.73999298,-73.92034161,"(40.73999298, -73.92034161)"
2550,40.86730615,-73.85102172,"(40.86730615, -73.85102172)"
2551,40.61520029,-74.14222198,"(40.61520029, -74.14222198)"
2552,40.65018851,-73.91541824,"(40.65018851, -73.91541824)"
2553,40.63680126,-74.11164261,"(40.63680126, -74.11164261)"
2554,40.69409263,-73.96219119,"(40.69409263, -73.96219119)"
2555,40.69776892,-73.84137595,"(40.69776892, -73.84137595)"
2556,40.87627729,-73.85495374,"(40.87627729, -73.85495374)"
2557,40.53550091,-74.21798618,"(40.53550091, -74.21798618)"
2558,40.85468688,-73.91445208,"(40.85468688, -73.91445208)"
2559,40.84652228,-73.9088558,"(40.84652228, -73.9088558)"
2560,40.74989195,-73.86865534,"(40.74989195, -73.86865534)"
2561,40.67649786,-73.94213953,"(40.67649786, -73.94213953)"
2562,40.62284854,-74.01012972,"(40.62284854, -74.01012972)"
2563,40.54093466,-74.14414517,"(40.54093466, -74.14414517)"
2564,40.61199875,-74.12118596,"(40.61199875, -74.12118596)"
2565,40.50765616,-74.2444776,"(40.50765616, -74.2444776)"
2566,40.53828374,-74.21551039,"(40.53828374, -74.21551039)"
2567,40.65588559,-73.9552728,"(40.65588559, -73.9552728)"
2568,40.88332211,-73.87968021,"(40.88332211, -73.87968021)"
2569,40.7037317,-73.92088777,"(40.7037317, -73.92088777)"
2570,40.5919151,-73.93534408,"(40.5919151, -73.93534408)"
2571,40.54247136,-74.21283759,"(40.54247136, -74.21283759)"
2572,40.83508272,-73.90913212,"(40.83508272, -73.90913212)"
2573,40.68660874,-73.84672875,"(40.68660874, -73.84672875)"
2574,40.69060459,-73.81838282,"(40.69060459, -73.81838282)"
2575,40.73153702,-73.84931783,"(40.73153702, -73.84931783)"
2576,40.74509833,-73.70948079,"(40.74509833, -73.70948079)"
2577,40.87642326,-73.84506388,"(40.87642326, -73.84506388)"
2578,40.77719258,-73.90532901,"(40.77719258, -73.90532901)"
2579,40.61446049,-73.98451872,"(40.61446049, -73.98451872)"
2580,40.87160417,-73.84750259,"(40.87160417, -73.84750259)"
2581,40.54960515,-74.17822211,"(40.54960515, -74.17822211)"
2582,40.70082457,-73.81127407,"(40.70082457, -73.81127407)"
2583,40.73975957,-73.92038785,"(40.73975957, -73.92038785)"
2584,40.6033925,-73.96397067,"(40.6033925, -73.96397067)"
2585,40.54099826,-74.14422457,"(40.54099826, -74.14422457)"
2586,40.85391507,-73.86913081,"(40.85391507, -73.86913081)"
2587,40.61434882,-73.98209046,"(40.61434882, -73.98209046)"
2588,40.76087851,-73.8920806,"(40.76087851, -73.8920806)"
2589,40.61255529,-73.98384561,"(40.61255529, -73.98384561)"
2590,40.766058,-73.99298963,"(40.766058, -73.99298963)"
2591,40.61781086,-74.14766423,"(40.61781086, -74.14766423)"
2592,40.82800877,-73.82638553,"(40.82800877, -73.82638553)"
2593,40.87286783,-73.85022173,"(40.87286783, -73.85022173)"
2594,40.60129358,-73.97446659,"(40.60129358, -73.97446659)"
2595,40.88263284,-73.88093052,"(40.88263284, -73.88093052)"
2596,40.76830941,-73.96528652,"(40.76830941, -73.96528652)"
2597,40.59772529,-73.95433499,"(40.59772529, -73.95433499)"
2598,40.54690368,-74.21687322,"(40.54690368, -74.21687322)"
2599,40.60352995,-73.96399678,"(40.60352995, -73.96399678)"
2600,40.81854328,-73.81342367,"(40.81854328, -73.81342367)"
2601,40.7767005,-73.90521948,"(40.7767005, -73.90521948)"
2602,40.84519632,-73.9350135,"(40.84519632, -73.9350135)"
2603,40.84537834,-73.93487931,"(40.84537834, -73.93487931)"
2604,40.58725807,-73.93446135,"(40.58725807, -73.93446135)"
2605,40.76824649,-73.92444144,"(40.76824649, -73.92444144)"
2606,40.54090405,-74.14410696,"(40.54090405, -74.14410696)"
2607,40.84840782,-73.85332603,"(40.84840782, -73.85332603)"
2608,40.60518995,-73.96767993,"(40.60518995, -73.96767993)"
2609,40.71048801,-73.758372,"(40.71048801, -73.758372)"
2610,40.60531872,-73.96749912,"(40.60531872, -73.96749912)"
2611,40.82847929,-73.82678446,"(40.82847929, -73.82678446)"
2612,40.50484885,-74.24197285,"(40.50484885, -74.24197285)"
2613,40.83731315,-73.84348637,"(40.83731315, -73.84348637)"
2614,40.74854454,-73.82776648,"(40.74854454, -73.82776648)"
2615,40.82983906,-73.87572127,"(40.82983906, -73.87572127)"
2616,40.55498806,-74.16705328,"(40.55498806, -74.16705328)"
2617,40.69924409,-73.91724274,"(40.69924409, -73.91724274)"
2618,40.6908393,-73.81458736,"(40.6908393, -73.81458736)"
2619,40.66253343,-73.83294089,"(40.66253343, -73.83294089)"
2620,40.66337529,-73.83314703,"(40.66337529, -73.83314703)"
2621,40.80658021,-73.9524438,"(40.80658021, -73.9524438)"
2622,40.54461469,-74.20929449,"(40.54461469, -74.20929449)"
2623,40.88315251,-73.85092334,"(40.88315251, -73.85092334)"
2624,40.60702678,-73.91197716,"(40.60702678, -73.91197716)"
2625,40.74172739,-73.81806879,"(40.74172739, -73.81806879)"
2626,40.60304479,-73.96390461,"(40.60304479, -73.96390461)"
2627,40.54142339,-74.14475535,"(40.54142339, -74.14475535)"
2628,40.54112904,-74.14438785,"(40.54112904, -74.14438785)"
2629,40.61101356,-73.9881077,"(40.61101356, -73.9881077)"
2630,40.87707952,-73.85950478,"(40.87707952, -73.85950478)"
2631,40.60525549,-73.96758869,"(40.60525549, -73.96758869)"
2632,40.69878152,-73.93509245,"(40.69878152, -73.93509245)"
2633,40.75291312,-73.92752716,"(40.75291312, -73.92752716)"
2634,40.74792731,-73.87383719,"(40.74792731, -73.87383719)"
2635,40.82742398,-73.82701036,"(40.82742398, -73.82701036)"
2636,40.54707916,-74.20044167,"(40.54707916, -74.20044167)"
2637,40.77959128,-73.95809148,"(40.77959128, -73.95809148)"
2638,40.66252811,-73.83577892,"(40.66252811, -73.83577892)"
2639,40.60580129,-73.99269565,"(40.60580129, -73.99269565)"
2640,40.75108336,-73.94039553,"(40.75108336, -73.94039553)"
2641,40.69380346,-73.82003759,"(40.69380346, -73.82003759)"
2642,40.84585552,-73.86529059,"(40.84585552, -73.86529059)"
2643,40.76521067,-73.82077267,"(40.76521067, -73.82077267)"
2644,40.54146275,-74.15557529,"(40.54146275, -74.15557529)"
2645,40.54617184,-74.21271026,"(40.54617184, -74.21271026)"
2646,40.7703242,-73.81653317,"(40.7703242, -73.81653317)"
2647,40.80750785,-73.94155578,"(40.80750785, -73.94155578)"
2648,40.65403769,-73.74438833,"(40.65403769, -73.74438833)"
2649,40.85117778,-73.85512078,"(40.85117778, -73.85512078)"
2650,40.83819792,-73.84636651,"(40.83819792, -73.84636651)"
2651,40.55734294,-74.17237965,"(40.55734294, -74.17237965)"
2652,40.54996264,-74.21703242,"(40.54996264, -74.21703242)"
2653,40.50744792,-74.23336494,"(40.50744792, -74.23336494)"
2654,40.72190998,-73.73878221,"(40.72190998, -73.73878221)"
2655,40.67703343,-73.961063,"(40.67703343, -73.961063)"
2656,40.55258288,-74.16946854,"(40.55258288, -74.16946854)"
2657,40.5459218,-74.21344595,"(40.5459218, -74.21344595)"
2658,40.78874153,-73.8206098,"(40.78874153, -73.8206098)"
2659,40.7785534,-73.84180192,"(40.7785534, -73.84180192)"
2660,40.84757556,-73.93790621,"(40.84757556, -73.93790621)"
2661,40.7744957,-73.92214354,"(40.7744957, -73.92214354)"
2662,40.84810577,-73.85600326,"(40.84810577, -73.85600326)"
2663,40.71730806,-73.74446936,"(40.71730806, -73.74446936)"
2664,40.61676501,-73.93338037,"(40.61676501, -73.93338037)"
2665,40.86449447,-73.84431562,"(40.86449447, -73.84431562)"
2666,40.60594791,-73.91077391,"(40.60594791, -73.91077391)"
2667,40.54238609,-74.1563322,"(40.54238609, -74.1563322)"
2668,40.86524079,-73.85672817,"(40.86524079, -73.85672817)"
2669,40.78739903,-73.81870033,"(40.78739903, -73.81870033)"
2670,40.78847352,-73.82012933,"(40.78847352, -73.82012933)"
2671,40.63943529,-74.1123411,"(40.63943529, -74.1123411)"
2672,40.59003842,-73.94195348,"(40.59003842, -73.94195348)"
2673,40.74572151,-73.77374054,"(40.74572151, -73.77374054)"
2674,40.83628702,-73.91815564,"(40.83628702, -73.91815564)"
2675,40.74013264,-73.81306018,"(40.74013264, -73.81306018)"
2676,40.87726604,-73.82965171,"(40.87726604, -73.82965171)"
2677,40.54470233,-74.20932723,"(40.54470233, -74.20932723)"
2678,40.76456099,-73.89062664,"(40.76456099, -73.89062664)"
2679,40.80451454,-73.9079409,"(40.80451454, -73.9079409)"
2680,40.80487394,-73.90872747,"(40.80487394, -73.90872747)"
2681,40.72976961,-73.84786908,"(40.72976961, -73.84786908)"
2682,40.53645077,-74.21716821,"(40.53645077, -74.21716821)"
2683,40.59034766,-73.93504668,"(40.59034766, -73.93504668)"
2684,40.8364715,-73.84558327,"(40.8364715, -73.84558327)"
2685,40.73118645,-74.00872552,"(40.73118645, -74.00872552)"
2686,40.53462876,-74.21774444,"(40.53462876, -74.21774444)"
2687,40.86553012,-73.85621573,"(40.86553012, -73.85621573)"
2688,40.60740357,-74.15947247,"(40.60740357, -74.15947247)"
2689,40.7401012,-73.81586155,"(40.7401012, -73.81586155)"
2690,40.6229694,-74.12576994,"(40.6229694, -74.12576994)"
2691,40.74603325,-73.88086596,"(40.74603325, -73.88086596)"
2692,40.70478872,-73.87244375,"(40.70478872, -73.87244375)"
2693,40.54402939,-74.20385916,"(40.54402939, -74.20385916)"
2694,40.53828643,-74.20289554,"(40.53828643, -74.20289554)"
2695,40.50889703,-74.22850846,"(40.50889703, -74.22850846)"
2696,40.83222721,-73.8274276,"(40.83222721, -73.8274276)"
2697,40.81691227,-73.93901748,"(40.81691227, -73.93901748)"
2698,40.7470876,-73.9733947,"(40.7470876, -73.9733947)"
2699,40.54632941,-74.21966822,"(40.54632941, -74.21966822)"
2700,40.60120474,-73.96578003,"(40.60120474, -73.96578003)"
2701,40.5420813,-74.21573998,"(40.5420813, -74.21573998)"
2702,40.53481063,-74.21819249,"(40.53481063, -74.21819249)"
2703,40.83568686,-73.90953018,"(40.83568686, -73.90953018)"
2704,40.84334558,-73.92015441,"(40.84334558, -73.92015441)"
2705,40.85172108,-73.93381554,"(40.85172108, -73.93381554)"
2706,40.77724766,-73.90538224,"(40.77724766, -73.90538224)"
2707,40.81182996,-73.92843546,"(40.81182996, -73.92843546)"
2708,40.50803183,-74.22907461,"(40.50803183, -74.22907461)"
2709,40.70959317,-73.75800169,"(40.70959317, -73.75800169)"
2710,40.59002168,-73.93498483,"(40.59002168, -73.93498483)"
2711,40.54455254,-74.20173271,"(40.54455254, -74.20173271)"
2712,40.86397066,-73.8480918,"(40.86397066, -73.8480918)"
2713,40.74661533,-73.88217514,"(40.74661533, -73.88217514)"
2714,40.54953182,-74.14644037,"(40.54953182, -74.14644037)"
2715,40.72432833,-73.84660524,"(40.72432833, -73.84660524)"
2716,40.63172028,-74.03239688,"(40.63172028, -74.03239688)"
2717,40.7227121,-73.86956052,"(40.7227121, -73.86956052)"
2718,40.8686387,-73.85676141,"(40.8686387, -73.85676141)"
2719,40.69202835,-73.80942661,"(40.69202835, -73.80942661)"
2720,40.79558905,-73.80425382,"(40.79558905, -73.80425382)"
2721,40.74784238,-73.76666794,"(40.74784238, -73.76666794)"
2722,40.53614825,-74.20200067,"(40.53614825, -74.20200067)"
2723,40.8619582,-73.90926528,"(40.8619582, -73.90926528)"
2724,40.54461716,-74.20145761,"(40.54461716, -74.20145761)"
2725,40.62397887,-73.95412428,"(40.62397887, -73.95412428)"
2726,40.62521245,-73.9543609,"(40.62521245, -73.9543609)"
2727,40.62960932,-73.95842455,"(40.62960932, -73.95842455)"
2728,40.53184629,-74.16637051,"(40.53184629, -74.16637051)"
2729,40.81974984,-73.81460396,"(40.81974984, -73.81460396)"
2730,40.88286431,-73.8800212,"(40.88286431, -73.8800212)"
2731,40.88241034,-73.88035934,"(40.88241034, -73.88035934)"
2732,40.66238834,-73.84210089,"(40.66238834, -73.84210089)"
2733,40.74418035,-73.7208247,"(40.74418035, -73.7208247)"
2734,40.60711264,-73.96234397,"(40.60711264, -73.96234397)"
2735,40.63108575,-73.9034559,"(40.63108575, -73.9034559)"
2736,40.86274316,-73.84612283,"(40.86274316, -73.84612283)"
2737,40.84299267,-73.90688343,"(40.84299267, -73.90688343)"
2738,40.74357273,-73.81635224,"(40.74357273, -73.81635224)"
2739,40.62163494,-74.13147472,"(40.62163494, -74.13147472)"
2740,40.74242994,-73.82046585,"(40.74242994, -73.82046585)"
2741,40.74858575,-73.82682733,"(40.74858575, -73.82682733)"
2742,40.83433373,-73.84185432,"(40.83433373, -73.84185432)"
2743,40.74076975,-73.8152169,"(40.74076975, -73.8152169)"
2744,40.8829919,-73.87992616,"(40.8829919, -73.87992616)"
2745,40.70609035,-73.87297657,"(40.70609035, -73.87297657)"
2746,40.69318609,-73.94157473,"(40.69318609, -73.94157473)"
2747,40.54513077,-74.21423493,"(40.54513077, -74.21423493)"
2748,40.70035816,-73.80859022,"(40.70035816, -73.80859022)"
2749,40.61280474,-74.14926265,"(40.61280474, -74.14926265)"
2750,40.50807024,-74.22888483,"(40.50807024, -74.22888483)"
2751,40.63251364,-74.12815421,"(40.63251364, -74.12815421)"
2752,40.60267232,-73.96962341,"(40.60267232, -73.96962341)"
2753,40.76451179,-73.89099545,"(40.76451179, -73.89099545)"
2754,40.53890233,-74.2016588,"(40.53890233, -74.2016588)"
2755,40.54312747,-74.19836351,"(40.54312747, -74.19836351)"
2756,40.60904232,-73.97880191,"(40.60904232, -73.97880191)"
2757,40.88252177,-73.82359837,"(40.88252177, -73.82359837)"
2758,40.869698,-73.83522347,"(40.869698, -73.83522347)"
2759,40.66084811,-73.83824759,"(40.66084811, -73.83824759)"
2760,40.87635599,-73.8450284,"(40.87635599, -73.8450284)"
2761,40.61453169,-73.98444409,"(40.61453169, -73.98444409)"
2762,40.87156006,-73.84154748,"(40.87156006, -73.84154748)"
2763,40.7227602,-73.86959889,"(40.7227602, -73.86959889)"
2764,40.69952503,-73.91696765,"(40.69952503, -73.91696765)"
2765,40.54463878,-74.21787529,"(40.54463878, -74.21787529)"
2766,40.54461601,-74.21797753,"(40.54461601, -74.21797753)"
2767,40.50871565,-74.22939192,"(40.50871565, -74.22939192)"
2768,40.54190139,-74.21641751,"(40.54190139, -74.21641751)"
2769,40.81717796,-73.93881977,"(40.81717796, -73.93881977)"
2770,40.7038108,-73.92080995,"(40.7038108, -73.92080995)"
2771,40.83529136,-73.90901533,"(40.83529136, -73.90901533)"
2772,40.83829992,-73.92421299,"(40.83829992, -73.92421299)"
2773,40.8399429,-73.90941686,"(40.8399429, -73.90941686)"
2774,40.68621724,-73.84633015,"(40.68621724, -73.84633015)"
2775,40.83573853,-73.90949993,"(40.83573853, -73.90949993)"
2776,40.84347301,-73.92007333,"(40.84347301, -73.92007333)"
2777,40.86649293,-73.86922341,"(40.86649293, -73.86922341)"
2778,40.74416612,-73.71394149,"(40.74416612, -73.71394149)"
2779,40.62645595,-73.99474584,"(40.62645595, -73.99474584)"
2780,40.54404964,-74.20377322,"(40.54404964, -74.20377322)"
2781,40.55494393,-74.2140043,"(40.55494393, -74.2140043)"
2782,40.80473886,-73.93634804,"(40.80473886, -73.93634804)"
2783,40.72034707,-73.8671014,"(40.72034707, -73.8671014)"
2784,40.72603328,-73.84685757,"(40.72603328, -73.84685757)"
2785,40.63098959,-73.90334849,"(40.63098959, -73.90334849)"
2786,40.87181279,-73.84248263,"(40.87181279, -73.84248263)"
2787,40.53802248,-74.20293755,"(40.53802248, -74.20293755)"
2788,40.697792,-73.84129566,"(40.697792, -73.84129566)"
2789,40.74143255,-73.81216585,"(40.74143255, -73.81216585)"
2790,40.78741709,-73.82055686,"(40.78741709, -73.82055686)"
2791,40.84408067,-73.84393849,"(40.84408067, -73.84393849)"
2792,40.63149366,-73.90241661,"(40.63149366, -73.90241661)"
2793,40.54313375,-74.19831017,"(40.54313375, -74.19831017)"
2794,40.85793783,-73.87087327,"(40.85793783, -73.87087327)"
2795,40.50894644,-74.2282678,"(40.50894644, -74.2282678)"
2796,40.7008351,-73.80973532,"(40.7008351, -73.80973532)"
2797,40.76637887,-73.99375538,"(40.76637887, -73.99375538)"
2798,40.76634178,-73.99366685,"(40.76634178, -73.99366685)"
2799,40.83737895,-73.8436274,"(40.83737895, -73.8436274)"
2800,40.85176923,-73.93393,"(40.85176923, -73.93393)"
2801,40.64125748,-74.11308471,"(40.64125748, -74.11308471)"
2802,40.54234609,-74.19705278,"(40.54234609, -74.19705278)"
2803,40.61449695,-73.98448051,"(40.61449695, -73.98448051)"
2804,40.68138786,-73.81381973,"(40.68138786, -73.81381973)"
2805,40.86107421,-73.8495334,"(40.86107421, -73.8495334)"
2806,40.66206393,-73.83282592,"(40.66206393, -73.83282592)"
2807,40.62649817,-73.99481591,"(40.62649817, -73.99481591)"
2808,40.53862461,-74.14404953,"(40.53862461, -74.14404953)"
2809,40.84442946,-73.90662858,"(40.84442946, -73.90662858)"
2810,40.62288031,-74.01155005,"(40.62288031, -74.01155005)"
2811,40.8277291,-73.82614841,"(40.8277291, -73.82614841)"
2812,40.63089552,-73.90324343,"(40.63089552, -73.90324343)"
2813,40.70414593,-73.87509222,"(40.70414593, -73.87509222)"
2814,40.55501509,-74.16705282,"(40.55501509, -74.16705282)"
2815,40.69781324,-73.84122177,"(40.69781324, -73.84122177)"
2816,40.50811401,-74.22866863,"(40.50811401, -74.22866863)"
2817,40.50893688,-74.22831434,"(40.50893688, -74.22831434)"
2818,40.73008147,-73.84905242,"(40.73008147, -73.84905242)"
2819,40.54618632,-74.21961227,"(40.54618632, -74.21961227)"
2820,40.54200233,-74.21658276,"(40.54200233, -74.21658276)"
2821,40.60463466,-73.96433038,"(40.60463466, -73.96433038)"
2822,40.51114124,-74.23052182,"(40.51114124, -74.23052182)"
2823,40.54207765,-74.20487996,"(40.54207765, -74.20487996)"
2824,40.77475684,-73.96091618,"(40.77475684, -73.96091618)"
2825,40.75597717,-73.96324174,"(40.75597717, -73.96324174)"
2826,40.74878087,-73.82679965,"(40.74878087, -73.82679965)"
2827,40.54623448,-74.21662468,"(40.54623448, -74.21662468)"
2828,40.54618061,-74.21660467,"(40.54618061, -74.21660467)"
2829,40.62238606,-73.95382563,"(40.62238606, -73.95382563)"
2830,40.62265978,-74.01286116,"(40.62265978, -74.01286116)"
2831,40.55500194,-74.21403309,"(40.55500194, -74.21403309)"
2832,40.50878844,-74.22903736,"(40.50878844, -74.22903736)"
2833,40.50931406,-74.2280937,"(40.50931406, -74.2280937)"
2834,40.7027332,-73.88801072,"(40.7027332, -73.88801072)"
2835,40.74292179,-73.82287342,"(40.74292179, -73.82287342)"
2836,40.8179744,-73.9384277,"(40.8179744, -73.9384277)"
2837,40.81800543,-73.93850089,"(40.81800543, -73.93850089)"
2838,40.6700792,-73.92052859,"(40.6700792, -73.92052859)"
2839,40.54196427,-74.19774806,"(40.54196427, -74.19774806)"
2840,40.54122663,-74.14450969,"(40.54122663, -74.14450969)"
2841,40.5410881,-74.14433673,"(40.5410881, -74.14433673)"
2842,40.54080467,-74.14398289,"(40.54080467, -74.14398289)"
2843,40.84819534,-73.85316013,"(40.84819534, -73.85316013)"
2844,40.68300013,-73.94637809,"(40.68300013, -73.94637809)"
2845,40.8471702,-73.93937623,"(40.8471702, -73.93937623)"
2846,40.70063792,-73.81201818,"(40.70063792, -73.81201818)"
2847,40.54203258,-74.21625993,"(40.54203258, -74.21625993)"
2848,40.86108041,-73.8499116,"(40.86108041, -73.8499116)"
2849,40.52925963,-74.22118928,"(40.52925963, -74.22118928)"
2850,40.70931163,-73.73461699,"(40.70931163, -73.73461699)"
2851,40.54595379,-74.17911874,"(40.54595379, -74.17911874)"
2852,40.90178297,-73.86861025,"(40.90178297, -73.86861025)"
2853,40.66298944,-73.83305255,"(40.66298944, -73.83305255)"
2854,40.60284021,-73.96237824,"(40.60284021, -73.96237824)"
2855,40.53835996,-74.20292486,"(40.53835996, -74.20292486)"
2856,40.5389816,-74.20135821,"(40.5389816, -74.20135821)"
2857,40.54197303,-74.21564388,"(40.54197303, -74.21564388)"
2858,40.54194928,-74.21590033,"(40.54194928, -74.21590033)"
2859,40.54623735,-74.21963222,"(40.54623735, -74.21963222)"
2860,40.53214073,-74.22271495,"(40.53214073, -74.22271495)"
2861,40.61750214,-74.13255565,"(40.61750214, -74.13255565)"
2862,40.54208473,-74.2048086,"(40.54208473, -74.2048086)"
2863,40.54209288,-74.20472654,"(40.54209288, -74.20472654)"
2864,40.55077425,-74.17549345,"(40.55077425, -74.17549345)"
2865,40.83779302,-73.911002,"(40.83779302, -73.911002)"
2866,40.70102587,-73.80865065,"(40.70102587, -73.80865065)"
2867,40.60342618,-73.96397707,"(40.60342618, -73.96397707)"
2868,40.74722663,-73.97372869,"(40.74722663, -73.97372869)"
2869,40.88259996,-73.85732696,"(40.88259996, -73.85732696)"
2870,40.54096447,-74.14418239,"(40.54096447, -74.14418239)"
2871,40.71911635,-73.75366977,"(40.71911635, -73.75366977)"
2872,40.7189082,-73.75351448,"(40.7189082, -73.75351448)"
2873,40.53855423,-74.21696596,"(40.53855423, -74.21696596)"
2874,40.81907502,-73.8184273,"(40.81907502, -73.8184273)"
2875,40.77742149,-73.90587383,"(40.77742149, -73.90587383)"
2876,40.65590074,-73.95502636,"(40.65590074, -73.95502636)"
2877,40.74888408,-73.95188774,"(40.74888408, -73.95188774)"
2878,40.82802902,-73.82752468,"(40.82802902, -73.82752468)"
2879,40.82886979,-73.82599788,"(40.82886979, -73.82599788)"
2880,40.74820818,-73.8590667,"(40.74820818, -73.8590667)"
2881,40.84527753,-73.83434401,"(40.84527753, -73.83434401)"
2882,40.87797433,-73.85248526,"(40.87797433, -73.85248526)"
2883,40.60294553,-73.96980351,"(40.60294553, -73.96980351)"
2884,40.61562367,-73.95065413,"(40.61562367, -73.95065413)"
2885,40.80493525,-73.90887273,"(40.80493525, -73.90887273)"
2886,40.60359246,-73.96413387,"(40.60359246, -73.96413387)"
2887,40.87077469,-73.83863262,"(40.87077469, -73.83863262)"
2888,40.62279343,-74.01308251,"(40.62279343, -74.01308251)"
2889,40.68271859,-73.81117978,"(40.68271859, -73.81117978)"
2890,40.82279818,-73.82769782,"(40.82279818, -73.82769782)"
2891,40.7193381,-73.75383522,"(40.7193381, -73.75383522)"
2892,40.7184974,-73.75320801,"(40.7184974, -73.75320801)"
2893,40.54201686,-74.21642777,"(40.54201686, -74.21642777)"
2894,40.54207092,-74.20494775,"(40.54207092, -74.20494775)"
2895,40.60866829,-73.95376068,"(40.60866829, -73.95376068)"
2896,40.69863374,-73.92237698,"(40.69863374, -73.92237698)"
2897,40.54763432,-74.17768881,"(40.54763432, -74.17768881)"
2898,40.77581223,-73.9055534,"(40.77581223, -73.9055534)"
2899,40.8386748,-73.90963831,"(40.8386748, -73.90963831)"
2900,40.76069995,-73.80576088,"(40.76069995, -73.80576088)"
2901,40.64882185,-74.01205975,"(40.64882185, -74.01205975)"
2902,40.57218747,-73.86025872,"(40.57218747, -73.86025872)"
2903,40.60284121,-73.96978383,"(40.60284121, -73.96978383)"
2904,40.54946034,-74.16642781,"(40.54946034, -74.16642781)"
2905,40.54585122,-74.21948124,"(40.54585122, -74.21948124)"
2906,40.84319283,-73.90596111,"(40.84319283, -73.90596111)"
2907,40.83737574,-73.84742921,"(40.83737574, -73.84742921)"
2908,40.73911579,-73.81023786,"(40.73911579, -73.81023786)"
2909,40.61094227,-73.9881816,"(40.61094227, -73.9881816)"
2910,40.61261011,-74.15051801,"(40.61261011, -74.15051801)"
2911,40.70340763,-73.92120662,"(40.70340763, -73.92120662)"
2912,40.65353395,-73.94977483,"(40.65353395, -73.94977483)"
2913,40.83833135,-73.92446329,"(40.83833135, -73.92446329)"
2914,40.83548577,-73.90964811,"(40.83548577, -73.90964811)"
2915,40.74412272,-73.72079867,"(40.74412272, -73.72079867)"
2916,40.74050886,-73.81707101,"(40.74050886, -73.81707101)"
2917,40.69012416,-73.93564065,"(40.69012416, -73.93564065)"
2918,40.74850361,-73.82683899,"(40.74850361, -73.82683899)"
2919,40.55070506,-74.17526039,"(40.55070506, -74.17526039)"
2920,40.74078416,-73.81525982,"(40.74078416, -73.81525982)"
2921,40.74757791,-73.82620424,"(40.74757791, -73.82620424)"
2922,40.61749485,-74.15387004,"(40.61749485, -74.15387004)"
2923,40.60705415,-73.9629832,"(40.60705415, -73.9629832)"
2924,40.83190814,-73.82674105,"(40.83190814, -73.82674105)"
2925,40.61974318,-74.10759519,"(40.61974318, -74.10759519)"
2926,40.68494551,-73.83579656,"(40.68494551, -73.83579656)"
2927,40.7445704,-73.72046725,"(40.7445704, -73.72046725)"
2928,40.8437152,-73.90728021,"(40.8437152, -73.90728021)"
2929,40.83845508,-73.91094142,"(40.83845508, -73.91094142)"
2930,40.82291801,-73.82779988,"(40.82291801, -73.82779988)"
2931,40.54132519,-74.1454114,"(40.54132519, -74.1454114)"
2932,40.64572517,-73.94520554,"(40.64572517, -73.94520554)"
2933,40.65612157,-73.83661561,"(40.65612157, -73.83661561)"
2934,40.70211045,-73.88586818,"(40.70211045, -73.88586818)"
2935,40.74146284,-73.81728035,"(40.74146284, -73.81728035)"
2936,40.84578448,-73.83516147,"(40.84578448, -73.83516147)"
2937,40.60834501,-73.95668915,"(40.60834501, -73.95668915)"
2938,40.70386792,-73.92075374,"(40.70386792, -73.92075374)"
2939,40.88280219,-73.88006747,"(40.88280219, -73.88006747)"
2940,40.54252854,-74.21245264,"(40.54252854, -74.21245264)"
2941,40.84001814,-73.90968386,"(40.84001814, -73.90968386)"
2942,40.74891896,-73.82771343,"(40.74891896, -73.82771343)"
2943,40.54516285,-74.21396145,"(40.54516285, -74.21396145)"
2944,40.85179516,-73.93399166,"(40.85179516, -73.93399166)"
2945,40.82776616,-73.82730123,"(40.82776616, -73.82730123)"
2946,40.54243237,-74.19709124,"(40.54243237, -74.19709124)"
2947,40.63170363,-74.0323267,"(40.63170363, -74.0323267)"
2948,40.88227767,-73.85858553,"(40.88227767, -73.85858553)"
2949,40.53801258,-74.20213779,"(40.53801258, -74.20213779)"
2950,40.51067254,-74.23475309,"(40.51067254, -74.23475309)"
2951,40.86107431,-73.84953918,"(40.86107431, -73.84953918)"
2952,40.7073795,-73.94197407,"(40.7073795, -73.94197407)"
2953,40.84026814,-73.92209241,"(40.84026814, -73.92209241)"
2954,40.74789544,-73.82616126,"(40.74789544, -73.82616126)"
2955,40.61761486,-74.15458113,"(40.61761486, -74.15458113)"
2956,40.63259499,-74.12817096,"(40.63259499, -74.12817096)"
2957,40.80479797,-73.90854749,"(40.80479797, -73.90854749)"
2958,40.55548375,-74.16509197,"(40.55548375, -74.16509197)"
2959,40.69877776,-73.81362763,"(40.69877776, -73.81362763)"
2960,40.54648589,-74.21671805,"(40.54648589, -74.21671805)"
2961,40.74607398,-73.88095756,"(40.74607398, -73.88095756)"
2962,40.69419996,-73.82036179,"(40.69419996, -73.82036179)"
2963,40.68265643,-73.81114901,"(40.68265643, -73.81114901)"
2964,40.54398889,-74.20403105,"(40.54398889, -74.20403105)"
2965,40.53893623,-74.20153027,"(40.53893623, -74.20153027)"
2966,40.5086472,-74.22972529,"(40.5086472, -74.22972529)"
2967,40.50891849,-74.22840393,"(40.50891849, -74.22840393)"
2968,40.848269,-73.85321764,"(40.848269, -73.85321764)"
2969,40.53474486,-74.21818762,"(40.53474486, -74.21818762)"
2970,40.76144114,-73.81223253,"(40.76144114, -73.81223253)"
2971,40.6379856,-74.1150556,"(40.6379856, -74.1150556)"
2972,40.54514462,-74.21411686,"(40.54514462, -74.21411686)"
2973,40.54210011,-74.20465376,"(40.54210011, -74.20465376)"
2974,40.7014362,-73.81235838,"(40.7014362, -73.81235838)"
2975,40.74609669,-73.82190925,"(40.74609669, -73.82190925)"
2976,40.88249209,-73.85959369,"(40.88249209, -73.85959369)"
2977,40.5237037,-74.22032958,"(40.5237037, -74.22032958)"
2978,40.74107445,-73.81643641,"(40.74107445, -73.81643641)"
2979,40.54274249,-74.21847882,"(40.54274249, -74.21847882)"
2980,40.61468668,-73.98436376,"(40.61468668, -73.98436376)"
2981,40.6624255,-73.83291446,"(40.6624255, -73.83291446)"
2982,40.50813336,-74.22857304,"(40.50813336, -74.22857304)"
2983,40.54448827,-74.21855085,"(40.54448827, -74.21855085)"
2984,40.60373327,-73.96321364,"(40.60373327, -73.96321364)"
2985,40.54659575,-74.21675886,"(40.54659575, -74.21675886)"
2986,40.7461341,-73.88109278,"(40.7461341, -73.88109278)"
2987,40.87082814,-73.83846611,"(40.87082814, -73.83846611)"
2988,40.53895613,-74.20145478,"(40.53895613, -74.20145478)"
2989,40.55169019,-74.15177973,"(40.55169019, -74.15177973)"
2990,40.61259666,-74.15043339,"(40.61259666, -74.15043339)"
2991,40.70122459,-73.81230441,"(40.70122459, -73.81230441)"
2992,40.54202837,-74.21630493,"(40.54202837, -74.21630493)"
2993,40.54515764,-74.2140059,"(40.54515764, -74.2140059)"
2994,40.67031711,-73.74149299,"(40.67031711, -73.74149299)"
2995,40.5110556,-74.23086727,"(40.5110556, -74.23086727)"
2996,40.54206398,-74.20501768,"(40.54206398, -74.20501768)"
2997,40.61247258,-74.15031668,"(40.61247258, -74.15031668)"
2998,40.7437522,-73.87444791,"(40.7437522, -73.87444791)"
2999,40.69802836,-73.77613427,"(40.69802836, -73.77613427)"
3000,40.84267434,-73.90618567,"(40.84267434, -73.90618567)"
3001,40.84266823,-73.90606595,"(40.84266823, -73.90606595)"
3002,40.81805625,-73.93862078,"(40.81805625, -73.93862078)"
3003,40.53469279,-74.21818377,"(40.53469279, -74.21818377)"
3004,40.84203518,-73.91410029,"(40.84203518, -73.91410029)"
3005,40.59516222,-74.16526362,"(40.59516222, -74.16526362)"
3006,40.63997793,-74.11542338,"(40.63997793, -74.11542338)"
3007,40.52894818,-74.22059983,"(40.52894818, -74.22059983)"
3008,40.76267456,-73.89145823,"(40.76267456, -73.89145823)"
3009,40.55082657,-74.17597437,"(40.55082657, -74.17597437)"
3010,40.75576315,-73.96169815,"(40.75576315, -73.96169815)"
3011,40.63792581,-74.11504456,"(40.63792581, -74.11504456)"
3012,40.87338419,-73.84054558,"(40.87338419, -73.84054558)"
3013,40.65959346,-73.84106818,"(40.65959346, -73.84106818)"
3014,40.83561194,-73.84947936,"(40.83561194, -73.84947936)"
3015,40.549554,-74.16644844,"(40.549554, -74.16644844)"
3016,40.67036462,-73.74162299,"(40.67036462, -73.74162299)"
3017,40.59592523,-73.98814493,"(40.59592523, -73.98814493)"
3018,40.76289303,-73.99664865,"(40.76289303, -73.99664865)"
3019,40.55084215,-74.17611758,"(40.55084215, -74.17611758)"
3020,40.75564667,-73.96178657,"(40.75564667, -73.96178657)"
3021,40.7570007,-73.80720951,"(40.7570007, -73.80720951)"
3022,40.5451702,-74.21389886,"(40.5451702, -74.21389886)"
3023,40.54463093,-74.21791052,"(40.54463093, -74.21791052)"
3024,40.61234622,-74.15035078,"(40.61234622, -74.15035078)"
3025,40.5451266,-74.21427049,"(40.5451266, -74.21427049)"
3026,40.60685501,-73.95397387,"(40.60685501, -73.95397387)"
3027,40.62018544,-74.12555871,"(40.62018544, -74.12555871)"
3028,40.50791291,-74.22966205,"(40.50791291, -74.22966205)"
3029,40.5447342,-74.21744702,"(40.5447342, -74.21744702)"
3030,40.54466202,-74.21777099,"(40.54466202, -74.21777099)"
3031,40.74560766,-73.85943476,"(40.74560766, -73.85943476)"
3032,40.5456893,-74.20969599,"(40.5456893, -74.20969599)"
3033,40.54523977,-74.20952803,"(40.54523977, -74.20952803)"
3034,40.5448776,-74.20939272,"(40.5448776, -74.20939272)"
3035,40.67463973,-73.81971398,"(40.67463973, -73.81971398)"
3036,40.74634755,-73.82572045,"(40.74634755, -73.82572045)"
3037,40.54198788,-74.21673703,"(40.54198788, -74.21673703)"
3038,40.84027464,-73.92223672,"(40.84027464, -73.92223672)"
3039,40.63941801,-74.11532002,"(40.63941801, -74.11532002)"
3040,40.54592279,-74.17905762,"(40.54592279, -74.17905762)"
3041,40.55080208,-74.17574923,"(40.55080208, -74.17574923)"
3042,40.75585634,-73.96162741,"(40.75585634, -73.96162741)"
3043,40.60697347,-73.95399612,"(40.60697347, -73.95399612)"
3044,40.60681154,-73.9539657,"(40.60681154, -73.9539657)"
3045,40.54279824,-74.21850066,"(40.54279824, -74.21850066)"
3046,40.60348219,-73.96882874,"(40.60348219, -73.96882874)"
3047,40.53821585,-74.20301416,"(40.53821585, -74.20301416)"
3048,40.87651764,-73.85570712,"(40.87651764, -73.85570712)"
3049,40.53788547,-74.19703988,"(40.53788547, -74.19703988)"
3050,40.53850911,-74.20298434,"(40.53850911, -74.20298434)"
3051,40.74429213,-73.71988057,"(40.74429213, -73.71988057)"
3052,40.50892818,-74.2283567,"(40.50892818, -74.2283567)"
3053,40.54200708,-74.21653205,"(40.54200708, -74.21653205)"
3054,40.60456348,-73.96431696,"(40.60456348, -73.96431696)"
3055,40.55075697,-74.17533457,"(40.55075697, -74.17533457)"
3056,40.50783868,-74.23537882,"(40.50783868, -74.23537882)"
3057,40.54261941,-74.21843059,"(40.54261941, -74.21843059)"
3058,40.5081057,-74.22870964,"(40.5081057, -74.22870964)"
3059,40.74618485,-73.82509714,"(40.74618485, -73.82509714)"
3060,40.53868896,-74.19742292,"(40.53868896, -74.19742292)"
3061,40.7652571,-73.98913948,"(40.7652571, -73.98913948)"
3062,40.62160008,-74.12493825,"(40.62160008, -74.12493825)"
3063,40.52922547,-74.22113297,"(40.52922547, -74.22113297)"
3064,40.52913762,-74.22098656,"(40.52913762, -74.22098656)"
3065,40.70146857,-73.81224568,"(40.70146857, -73.81224568)"
3066,40.50716653,-74.23329685,"(40.50716653, -74.23329685)"
3067,40.5507851,-74.1755932,"(40.5507851, -74.1755932)"
3068,40.77659882,-73.84097569,"(40.77659882, -73.84097569)"
3069,40.6892305,-73.93685732,"(40.6892305, -73.93685732)"
3070,40.54474113,-74.21741594,"(40.54474113, -74.21741594)"
3071,40.54450289,-74.21848523,"(40.54450289, -74.21848523)"
3072,40.61491258,-74.13934311,"(40.61491258, -74.13934311)"
3073,40.55687165,-74.16808459,"(40.55687165, -74.16808459)"
3074,40.53838191,-74.20307995,"(40.53838191, -74.20307995)"
3075,40.64252811,-74.11010311,"(40.64252811, -74.11010311)"
3076,40.64127987,-74.11566373,"(40.64127987, -74.11566373)"
3077,40.66228249,-73.83287944,"(40.66228249, -73.83287944)"
3078,40.7872546,-73.8225879,"(40.7872546, -73.8225879)"
3079,40.75335419,-73.92897448,"(40.75335419, -73.92897448)"
3080,40.75307121,-73.92920652,"(40.75307121, -73.92920652)"
3081,40.84512319,-73.83184291,"(40.84512319, -73.83184291)"
3082,40.64250819,-74.11028484,"(40.64250819, -74.11028484)"
3083,40.81522502,-73.84931963,"(40.81522502, -73.84931963)"
3084,40.81761423,-73.93846301,"(40.81761423, -73.93846301)"
3085,40.76571018,-73.81963168,"(40.76571018, -73.81963168)"
3086,40.5474113,-74.17953495,"(40.5474113, -74.17953495)"
3087,40.61171321,-73.90632213,"(40.61171321, -73.90632213)"
3088,40.5359794,-74.21666485,"(40.5359794, -74.21666485)"
3089,40.50862231,-74.22984649,"(40.50862231, -74.22984649)"
3090,40.508832,-74.22882517,"(40.508832, -74.22882517)"
3091,40.50900233,-74.22799554,"(40.50900233, -74.22799554)"
3092,40.54192501,-74.21616249,"(40.54192501, -74.21616249)"
3093,40.84375827,-73.83283254,"(40.84375827, -73.83283254)"
3094,40.83530784,-73.84904298,"(40.83530784, -73.84904298)"
3095,40.59665904,-73.98738387,"(40.59665904, -73.98738387)"
3096,40.76277325,-73.99673674,"(40.76277325, -73.99673674)"
3097,40.52917422,-74.2210485,"(40.52917422, -74.2210485)"
3098,40.54604133,-74.17929133,"(40.54604133, -74.17929133)"
3099,40.61253441,-74.1503,"(40.61253441, -74.1503)"
3100,40.7443201,-73.85536946,"(40.7443201, -73.85536946)"
3101,40.60705444,-73.95401134,"(40.60705444, -73.95401134)"
3102,40.7766014,-73.84105071,"(40.7766014, -73.84105071)"
3103,40.66233646,-73.83289265,"(40.66233646, -73.83289265)"
3104,40.50803612,-74.22905341,"(40.50803612, -74.22905341)"
3105,40.5448073,-74.21711892,"(40.5448073, -74.21711892)"
3106,40.54448042,-74.21858608,"(40.54448042, -74.21858608)"
3107,40.54446318,-74.21866344,"(40.54446318, -74.21866344)"
3108,40.78717836,-73.8225578,"(40.78717836, -73.8225578)"
3109,40.53824523,-74.15717716,"(40.53824523, -74.15717716)"
3110,40.51041554,-74.23616404,"(40.51041554, -74.23616404)"
3111,40.54494095,-74.20941639,"(40.54494095, -74.20941639)"
3112,40.60240255,-73.97337243,"(40.60240255, -73.97337243)"
3113,40.53887021,-74.19676894,"(40.53887021, -74.19676894)"
3114,40.76566815,-73.81962299,"(40.76566815, -73.81962299)"
3115,40.54409548,-74.20357864,"(40.54409548, -74.20357864)"
3116,40.54408252,-74.20363364,"(40.54408252, -74.20363364)"
3117,40.62284081,-74.01148449,"(40.62284081, -74.01148449)"
3118,40.63746374,-74.11495926,"(40.63746374, -74.11495926)"
3119,40.50922594,-74.22805454,"(40.50922594, -74.22805454)"
3120,40.72024245,-73.90521782,"(40.72024245, -73.90521782)"
3121,40.84298304,-73.90597935,"(40.84298304, -73.90597935)"
3122,40.54206638,-74.21589925,"(40.54206638, -74.21589925)"
3123,40.53461167,-74.21817776,"(40.53461167, -74.21817776)"
3124,40.82587788,-73.95283663,"(40.82587788, -73.95283663)"
3125,40.55370305,-74.14565483,"(40.55370305, -74.14565483)"
3126,40.72145129,-73.90038234,"(40.72145129, -73.90038234)"
3127,40.77660455,-73.84114233,"(40.77660455, -73.84114233)"
3128,40.63248413,-73.90352,"(40.63248413, -73.90352)"
3129,40.50861033,-74.22990483,"(40.50861033, -74.22990483)"
3130,40.55141262,-74.16500089,"(40.55141262, -74.16500089)"
3131,40.54197898,-74.21557959,"(40.54197898, -74.21557959)"
3132,40.74632391,-73.91654157,"(40.74632391, -73.91654157)"
3133,40.81709338,-73.93888271,"(40.81709338, -73.93888271)"
3134,40.74704807,-73.97329972,"(40.74704807, -73.97329972)"
3135,40.70049048,-73.81194625,"(40.70049048, -73.81194625)"
3136,40.54201197,-74.21647991,"(40.54201197, -74.21647991)"
3137,40.54207635,-74.21579283,"(40.54207635, -74.21579283)"
3138,40.54208766,-74.21567213,"(40.54208766, -74.21567213)"
3139,40.61752047,-74.13267206,"(40.61752047, -74.13267206)"
3140,40.86107719,-73.84971484,"(40.86107719, -73.84971484)"
3141,40.63783068,-74.115027,"(40.63783068, -74.115027)"
3142,40.50868292,-74.22955131,"(40.50868292, -74.22955131)"
3143,40.83453964,-73.86209727,"(40.83453964, -73.86209727)"
3144,40.81808995,-73.93870029,"(40.81808995, -73.93870029)"
3145,40.54205172,-74.21605566,"(40.54205172, -74.21605566)"
3146,40.76751499,-73.92315784,"(40.76751499, -73.92315784)"
3147,40.55375659,-74.14567074,"(40.55375659, -74.14567074)"
3148,40.55081936,-74.17590811,"(40.55081936, -74.17590811)"
3149,40.54357039,-74.20414979,"(40.54357039, -74.20414979)"
3150,40.74892508,-73.827862,"(40.74892508, -73.827862)"
3151,40.61220376,-74.15038931,"(40.61220376, -74.15038931)"
3152,40.75693136,-73.80721898,"(40.75693136, -73.80721898)"
3153,40.64135869,-74.11567829,"(40.64135869, -74.11567829)"
3154,40.69024033,-73.93462801,"(40.69024033, -73.93462801)"
3155,40.72143943,-73.86835547,"(40.72143943, -73.86835547)"
3156,40.50857418,-74.2300809,"(40.50857418, -74.2300809)"
3157,40.50895777,-74.22821259,"(40.50895777, -74.22821259)"
3158,40.61253289,-74.13517241,"(40.61253289, -74.13517241)"
3159,40.73000649,-73.84930444,"(40.73000649, -73.84930444)"
3160,40.74364871,-73.72058459,"(40.74364871, -73.72058459)"
3161,40.5321313,-74.22264407,"(40.5321313, -74.22264407)"
3162,40.54208509,-74.20480504,"(40.54208509, -74.20480504)"
3163,40.50780889,-74.23536887,"(40.50780889, -74.23536887)"
3164,40.54511884,-74.21433664,"(40.54511884, -74.21433664)"
3165,40.63050588,-73.95791177,"(40.63050588, -73.95791177)"
3166,40.54454336,-74.21830356,"(40.54454336, -74.21830356)"
3167,40.5378808,-74.20258325,"(40.5378808, -74.20258325)"
3168,40.51070105,-74.23460118,"(40.51070105, -74.23460118)"
3169,40.66543079,-73.83812926,"(40.66543079, -73.83812926)"
3170,40.55557388,-74.16762812,"(40.55557388, -74.16762812)"
3171,40.53752556,-74.22164296,"(40.53752556, -74.22164296)"
3172,40.68694857,-73.84729427,"(40.68694857, -73.84729427)"
3173,40.52850216,-74.17858582,"(40.52850216, -74.17858582)"
3174,40.66440467,-73.84031535,"(40.66440467, -73.84031535)"
3175,40.60319976,-73.97326049,"(40.60319976, -73.97326049)"
3176,40.5378595,-74.19713316,"(40.5378595, -74.19713316)"
3177,40.80431438,-73.91129257,"(40.80431438, -73.91129257)"
3178,40.53543106,-74.19539374,"(40.53543106, -74.19539374)"
3179,40.5394215,-74.22361099,"(40.5394215, -74.22361099)"
3180,40.55147347,-74.16787679,"(40.55147347, -74.16787679)"
3181,40.68260146,-73.8111218,"(40.68260146, -73.8111218)"
3182,40.54415461,-74.20332768,"(40.54415461, -74.20332768)"
3183,40.69176811,-73.947336,"(40.69176811, -73.947336)"
3184,40.53182673,-74.16641717,"(40.53182673, -74.16641717)"
3185,40.84268071,-73.90631044,"(40.84268071, -73.90631044)"
3186,40.54205625,-74.20509546,"(40.54205625, -74.20509546)"
3187,40.5508068,-74.17579269,"(40.5508068, -74.17579269)"
3188,40.74826805,-73.82795631,"(40.74826805, -73.82795631)"
3189,40.50805533,-74.22895852,"(40.50805533, -74.22895852)"
3190,40.86280935,-73.8423936,"(40.86280935, -73.8423936)"
3191,40.53885353,-74.19682913,"(40.53885353, -74.19682913)"
3192,40.85656846,-73.90795084,"(40.85656846, -73.90795084)"
3193,40.50800164,-74.22922373,"(40.50800164, -74.22922373)"
3194,40.544835,-74.21699458,"(40.544835, -74.21699458)"
3195,40.84504782,-73.83185287,"(40.84504782, -73.83185287)"
3196,40.74777399,-73.82786537,"(40.74777399, -73.82786537)"
3197,40.54503704,-74.20945229,"(40.54503704, -74.20945229)"
3198,40.66453323,-73.83840763,"(40.66453323, -73.83840763)"
3199,40.84449735,-73.90571371,"(40.84449735, -73.90571371)"
3200,40.53781433,-74.19729538,"(40.53781433, -74.19729538)"
3201,40.53888708,-74.19670807,"(40.53888708, -74.19670807)"
3202,40.60454851,-73.96313771,"(40.60454851, -73.96313771)"
3203,40.54136759,-74.20367438,"(40.54136759, -74.20367438)"
3204,40.67864268,-73.97548792,"(40.67864268, -73.97548792)"
3205,40.74402918,-73.72061658,"(40.74402918, -73.72061658)"
3206,40.72381571,-73.9054294,"(40.72381571, -73.9054294)"
3207,40.61859866,-74.14307531,"(40.61859866, -74.14307531)"
3208,40.70549965,-73.91912059,"(40.70549965, -73.91912059)"
3209,40.90120255,-73.89798065,"(40.90120255, -73.89798065)"
3210,40.7466937,-73.87306785,"(40.7466937, -73.87306785)"
3211,40.67570105,-73.94381971,"(40.67570105, -73.94381971)"
3212,40.86320054,-73.84181453,"(40.86320054, -73.84181453)"
3213,40.85924596,-73.9278624,"(40.85924596, -73.9278624)"
3214,40.77611871,-73.96144014,"(40.77611871, -73.96144014)"
3215,40.71857491,-73.75434182,"(40.71857491, -73.75434182)"
3216,40.70686126,-73.94728673,"(40.70686126, -73.94728673)"
3217,40.68257679,-73.95562392,"(40.68257679, -73.95562392)"
3218,40.81981721,-73.81490326,"(40.81981721, -73.81490326)"
3219,40.70182164,-73.92510228,"(40.70182164, -73.92510228)"
3220,40.6364409,-74.11358423,"(40.6364409, -74.11358423)"
3221,40.77349098,-73.98118054,"(40.77349098, -73.98118054)"
3222,40.85622745,-73.86776098,"(40.85622745, -73.86776098)"
3223,40.75725758,-73.80905276,"(40.75725758, -73.80905276)"
3224,40.7866539,-73.82124193,"(40.7866539, -73.82124193)"
3225,40.87485854,-73.84738252,"(40.87485854, -73.84738252)"
3226,40.76414338,-73.92464382,"(40.76414338, -73.92464382)"
3227,40.87544278,-73.84754892,"(40.87544278, -73.84754892)"
3228,40.87488885,-73.84724899,"(40.87488885, -73.84724899)"
3229,40.60484058,-73.91119167,"(40.60484058, -73.91119167)"
3230,40.75592405,-73.93591323,"(40.75592405, -73.93591323)"
3231,40.76082962,-73.89303935,"(40.76082962, -73.89303935)"
3232,40.64085775,-74.01527369,"(40.64085775, -74.01527369)"
3233,40.69154502,-73.83555868,"(40.69154502, -73.83555868)"
3234,40.87148663,-73.84800484,"(40.87148663, -73.84800484)"
3235,40.5451377,-74.2003974,"(40.5451377, -74.2003974)"
3236,40.65728644,-73.95995239,"(40.65728644, -73.95995239)"
3237,40.5960429,-73.94077536,"(40.5960429, -73.94077536)"
3238,40.73882632,-73.80581378,"(40.73882632, -73.80581378)"
3239,40.61831192,-74.14748812,"(40.61831192, -74.14748812)"
3240,40.86278406,-73.84841127,"(40.86278406, -73.84841127)"
3241,40.71322874,-73.85531307,"(40.71322874, -73.85531307)"
3242,40.71345774,-73.85593924,"(40.71345774, -73.85593924)"
3243,40.68992507,-73.96014192,"(40.68992507, -73.96014192)"
3244,40.8371758,-73.91072084,"(40.8371758, -73.91072084)"
3245,40.72641725,-73.85511772,"(40.72641725, -73.85511772)"
3246,40.74116065,-73.81669485,"(40.74116065, -73.81669485)"
3247,40.5445509,-74.21826972,"(40.5445509, -74.21826972)"
3248,40.54453659,-74.21833396,"(40.54453659, -74.21833396)"
3249,40.81683803,-73.93903329,"(40.81683803, -73.93903329)"
3250,40.61586427,-74.13987473,"(40.61586427, -74.13987473)"
3251,40.61568112,-74.13699169,"(40.61568112, -74.13699169)"
3252,40.54566132,-74.20968553,"(40.54566132, -74.20968553)"
3253,40.61756643,-74.15429417,"(40.61756643, -74.15429417)"
3254,40.84788776,-73.85386565,"(40.84788776, -73.85386565)"
3255,40.60994314,-73.98921858,"(40.60994314, -73.98921858)"
3256,40.60403849,-74.00355361,"(40.60403849, -74.00355361)"
3257,40.74245807,-73.82256043,"(40.74245807, -73.82256043)"
3258,40.81960615,-73.81861022,"(40.81960615, -73.81861022)"
3259,40.84665432,-73.83511319,"(40.84665432, -73.83511319)"
3260,40.54474759,-74.21738693,"(40.54474759, -74.21738693)"
3261,40.5445092,-74.21845691,"(40.5445092, -74.21845691)"
3262,40.74109196,-73.82290902,"(40.74109196, -73.82290902)"
3263,40.74022384,-73.80560064,"(40.74022384, -73.80560064)"
3264,40.76584735,-73.99248693,"(40.76584735, -73.99248693)"
3265,40.74513368,-73.88042847,"(40.74513368, -73.88042847)"
3266,40.54513595,-74.21419083,"(40.54513595, -74.21419083)"
3267,40.76152377,-73.94077673,"(40.76152377, -73.94077673)"
3268,40.75861612,-73.96342914,"(40.75861612, -73.96342914)"
3269,40.8768125,-73.85705432,"(40.8768125, -73.85705432)"
3270,40.54142705,-74.21531209,"(40.54142705, -74.21531209)"
3271,40.681496,-73.81182104,"(40.681496, -73.81182104)"
3272,40.83134111,-73.87592791,"(40.83134111, -73.87592791)"
3273,40.84577234,-73.93539311,"(40.84577234, -73.93539311)"
3274,40.68112363,-73.94771369,"(40.68112363, -73.94771369)"
3275,40.60313623,-73.97673376,"(40.60313623, -73.97673376)"
3276,40.61693878,-74.1424076,"(40.61693878, -74.1424076)"
3277,40.86718609,-73.86540526,"(40.86718609, -73.86540526)"
3278,40.61245174,-73.98041629,"(40.61245174, -73.98041629)"
3279,40.84456989,-73.9075077,"(40.84456989, -73.9075077)"
3280,40.83595614,-73.84844498,"(40.83595614, -73.84844498)"
3281,40.74430852,-73.92219764,"(40.74430852, -73.92219764)"
3282,40.61749368,-74.14216709,"(40.61749368, -74.14216709)"
3283,40.76137125,-73.90716894,"(40.76137125, -73.90716894)"
3284,40.509313,-74.235865,"(40.509313, -74.235865)"
3285,40.50926242,-74.23584837,"(40.50926242, -74.23584837)"
3286,40.6168498,-73.98813323,"(40.6168498, -73.98813323)"
3287,40.62028313,-74.12557261,"(40.62028313, -74.12557261)"
3288,40.53675636,-74.20118307,"(40.53675636, -74.20118307)"
3289,40.74383852,-73.87438176,"(40.74383852, -73.87438176)"
3290,40.54514896,-74.2094941,"(40.54514896, -74.2094941)"
3291,40.74639638,-73.82590751,"(40.74639638, -73.82590751)"
3292,40.63214214,-74.12807775,"(40.63214214, -74.12807775)"
3293,40.5375302,-74.22157776,"(40.5375302, -74.22157776)"
3294,40.60367027,-73.97319442,"(40.60367027, -73.97319442)"
3295,40.84160319,-73.8436728,"(40.84160319, -73.8436728)"
3296,40.65397694,-73.92890895,"(40.65397694, -73.92890895)"
3297,40.68450072,-73.83688396,"(40.68450072, -73.83688396)"
3298,40.72419479,-73.90234714,"(40.72419479, -73.90234714)"
3299,40.55563172,-74.16764153,"(40.55563172, -74.16764153)"
3300,40.8162829,-73.8472691,"(40.8162829, -73.8472691)"
3301,40.8042498,-73.91114311,"(40.8042498, -73.91114311)"
3302,40.53560041,-74.19478655,"(40.53560041, -74.19478655)"
3303,40.53937447,-74.22361632,"(40.53937447, -74.22361632)"
3304,40.74415533,-73.72067359,"(40.74415533, -73.72067359)"
3305,40.64477168,-73.9813503,"(40.64477168, -73.9813503)"
3306,40.54616808,-74.19895948,"(40.54616808, -74.19895948)"
3307,40.81651929,-73.81141215,"(40.81651929, -73.81141215)"
3308,40.7412631,-73.81699827,"(40.7412631, -73.81699827)"
3309,40.62067047,-74.12719266,"(40.62067047, -74.12719266)"
3310,40.79529049,-73.80307913,"(40.79529049, -73.80307913)"
3311,40.73066426,-73.84966982,"(40.73066426, -73.84966982)"
3312,40.54206149,-74.21595139,"(40.54206149, -74.21595139)"
3313,40.76286332,-73.9966705,"(40.76286332, -73.9966705)"
3314,40.52910721,-74.22092666,"(40.52910721, -74.22092666)"
3315,40.55363291,-74.145634,"(40.55363291, -74.145634)"
3316,40.54606322,-74.17933447,"(40.54606322, -74.17933447)"
3317,40.75555397,-73.96185695,"(40.75555397, -73.96185695)"
3318,40.64702846,-73.9469308,"(40.64702846, -73.9469308)"
3319,40.77795275,-73.94971307,"(40.77795275, -73.94971307)"
3320,40.74682387,-73.97277912,"(40.74682387, -73.97277912)"
3321,40.76802678,-73.96461751,"(40.76802678, -73.96461751)"
3322,40.76091156,-73.80783355,"(40.76091156, -73.80783355)"
3323,40.62635821,-73.99458365,"(40.62635821, -73.99458365)"
3324,40.75882911,-73.96393462,"(40.75882911, -73.96393462)"
3325,40.73002849,-73.84923051,"(40.73002849, -73.84923051)"
3326,40.61357336,-74.13970232,"(40.61357336, -74.13970232)"
3327,40.54613266,-74.21959129,"(40.54613266, -74.21959129)"
3328,40.60445132,-74.16183867,"(40.60445132, -74.16183867)"
3329,40.54199745,-74.21663489,"(40.54199745, -74.21663489)"
3330,40.51112988,-74.23056765,"(40.51112988, -74.23056765)"
3331,40.74534441,-73.82168945,"(40.74534441, -73.82168945)"
3332,40.76256482,-73.79048842,"(40.76256482, -73.79048842)"
3333,40.66197076,-73.84501673,"(40.66197076, -73.84501673)"
3334,40.52369326,-74.22049736,"(40.52369326, -74.22049736)"
3335,40.50812182,-74.22863004,"(40.50812182, -74.22863004)"
3336,40.67010696,-73.92104243,"(40.67010696, -73.92104243)"
3337,40.61552104,-73.9857448,"(40.61552104, -73.9857448)"
3338,40.70281657,-73.88804467,"(40.70281657, -73.88804467)"
3339,40.61002972,-73.98912883,"(40.61002972, -73.98912883)"
3340,40.54593645,-74.21951456,"(40.54593645, -74.21951456)"
3341,40.84970616,-73.86479574,"(40.84970616, -73.86479574)"
3342,40.60479604,-73.96436081,"(40.60479604, -73.96436081)"
3343,40.54210677,-74.20458668,"(40.54210677, -74.20458668)"
3344,40.63919242,-74.11527837,"(40.63919242, -74.11527837)"
3345,40.66193776,-73.84524698,"(40.66193776, -73.84524698)"
3346,40.87684835,-73.85774011,"(40.87684835, -73.85774011)"
3347,40.54598601,-74.17918226,"(40.54598601, -74.17918226)"
3348,40.66246867,-73.83292503,"(40.66246867, -73.83292503)"
3349,40.76588312,-73.99257229,"(40.76588312, -73.99257229)"
3350,40.62316131,-74.01369178,"(40.62316131, -74.01369178)"
3351,40.75890733,-73.96412027,"(40.75890733, -73.96412027)"
3352,40.7441398,-73.87477286,"(40.7441398, -73.87477286)"
3353,40.54452505,-74.21838576,"(40.54452505, -74.21838576)"
3354,40.53788995,-74.20286598,"(40.53788995, -74.20286598)"
3355,40.55573346,-74.1676916,"(40.55573346, -74.1676916)"
3356,40.72855261,-73.84724243,"(40.72855261, -73.84724243)"
3357,40.52845617,-74.17866798,"(40.52845617, -74.17866798)"
3358,40.62365538,-73.95488154,"(40.62365538, -73.95488154)"
3359,40.75691743,-73.79149782,"(40.75691743, -73.79149782)"
3360,40.72641606,-73.85728294,"(40.72641606, -73.85728294)"
3361,40.81866914,-73.83812778,"(40.81866914, -73.83812778)"
3362,40.73072999,-73.84944946,"(40.73072999, -73.84944946)"
3363,40.71942025,-73.75269614,"(40.71942025, -73.75269614)"
3364,40.76654519,-73.91511128,"(40.76654519, -73.91511128)"
3365,40.74611614,-73.85839402,"(40.74611614, -73.85839402)"
3366,40.75448648,-73.9300721,"(40.75448648, -73.9300721)"
3367,40.54886074,-74.21742094,"(40.54886074, -74.21742094)"
3368,40.50934006,-74.22810526,"(40.50934006, -74.22810526)"
3369,40.76640537,-73.99381861,"(40.76640537, -73.99381861)"
3370,40.67632002,-73.82193176,"(40.67632002, -73.82193176)"
3371,40.84340688,-73.92011407,"(40.84340688, -73.92011407)"
3372,40.69308074,-73.94249694,"(40.69308074, -73.94249694)"
3373,40.74172482,-73.81604119,"(40.74172482, -73.81604119)"
3374,40.74872629,-73.82774073,"(40.74872629, -73.82774073)"
3375,40.67130665,-73.94298674,"(40.67130665, -73.94298674)"
3376,40.82721945,-73.8268365,"(40.82721945, -73.8268365)"
3377,40.61529739,-74.13120303,"(40.61529739, -74.13120303)"
3378,40.87823377,-73.82853368,"(40.87823377, -73.82853368)"
3379,40.68326523,-73.93662207,"(40.68326523, -73.93662207)"
3380,40.72405743,-73.8487023,"(40.72405743, -73.8487023)"
3381,40.87290804,-73.8402951,"(40.87290804, -73.8402951)"
3382,40.74331682,-73.81536812,"(40.74331682, -73.81536812)"
3383,40.82083201,-73.92752039,"(40.82083201, -73.92752039)"
3384,40.69577261,-73.95739727,"(40.69577261, -73.95739727)"
3385,40.74879602,-73.9466131,"(40.74879602, -73.9466131)"
3386,40.62187179,-74.12848641,"(40.62187179, -74.12848641)"
3387,40.76625566,-73.99346134,"(40.76625566, -73.99346134)"
3388,40.7500831,-73.91579147,"(40.7500831, -73.91579147)"
3389,40.85862402,-73.90995776,"(40.85862402, -73.90995776)"
3390,40.83600074,-73.8425929,"(40.83600074, -73.8425929)"
3391,40.61244889,-73.95099743,"(40.61244889, -73.95099743)"
3392,40.67801196,-73.9738853,"(40.67801196, -73.9738853)"
3393,40.85652553,-73.90782962,"(40.85652553, -73.90782962)"
3394,40.87173602,-73.84237413,"(40.87173602, -73.84237413)"
3395,40.53599511,-74.21679053,"(40.53599511, -74.21679053)"
3396,40.67443532,-73.9566793,"(40.67443532, -73.9566793)"
3397,40.69157345,-73.80876821,"(40.69157345, -73.80876821)"
3398,40.60567433,-73.96453023,"(40.60567433, -73.96453023)"
3399,40.69115843,-73.81874101,"(40.69115843, -73.81874101)"
3400,40.53155811,-74.22283514,"(40.53155811, -74.22283514)"
3401,40.8667959,-73.86541756,"(40.8667959, -73.86541756)"
3402,40.55683364,-74.16508283,"(40.55683364, -74.16508283)"
3403,40.61089445,-73.98823116,"(40.61089445, -73.98823116)"
3404,40.84439249,-73.90752445,"(40.84439249, -73.90752445)"
3405,40.81014065,-73.96255996,"(40.81014065, -73.96255996)"
3406,40.90287526,-73.86806322,"(40.90287526, -73.86806322)"
3407,40.81841855,-73.93947546,"(40.81841855, -73.93947546)"
3408,40.85462539,-73.91334398,"(40.85462539, -73.91334398)"
3409,40.65406358,-73.94688774,"(40.65406358, -73.94688774)"
3410,40.7447443,-73.72022752,"(40.7447443, -73.72022752)"
3411,40.74016243,-73.80560453,"(40.74016243, -73.80560453)"
3412,40.73908554,-73.80567272,"(40.73908554, -73.80567272)"
3413,40.83606088,-73.84293669,"(40.83606088, -73.84293669)"
3414,40.76599871,-73.9892314,"(40.76599871, -73.9892314)"
3415,40.76616826,-73.9896357,"(40.76616826, -73.9896357)"
3416,40.87665589,-73.82973787,"(40.87665589, -73.82973787)"
3417,40.74492729,-73.9136553,"(40.74492729, -73.9136553)"
3418,40.76257386,-73.79037606,"(40.76257386, -73.79037606)"
3419,40.7625561,-73.79059683,"(40.7625561, -73.79059683)"
3420,40.550782,-74.1755647,"(40.550782, -74.1755647)"
3421,40.55076255,-74.17538587,"(40.55076255, -74.17538587)"
3422,40.5082262,-74.23550826,"(40.5082262, -74.23550826)"
3423,40.50809395,-74.22876769,"(40.50809395, -74.22876769)"
3424,40.5445586,-74.21823518,"(40.5445586, -74.21823518)"
3425,40.81682721,-73.93908077,"(40.81682721, -73.93908077)"
3426,40.60375836,-73.96887955,"(40.60375836, -73.96887955)"
3427,40.75272348,-73.92949165,"(40.75272348, -73.92949165)"
3428,40.69061268,-73.78680447,"(40.69061268, -73.78680447)"
3429,40.75983701,-73.96433491,"(40.75983701, -73.96433491)"
3430,40.65322213,-73.94991889,"(40.65322213, -73.94991889)"
3431,40.53784595,-74.19718182,"(40.53784595, -74.19718182)"
3432,40.87589767,-73.85138293,"(40.87589767, -73.85138293)"
3433,40.5407831,-74.20389696,"(40.5407831, -74.20389696)"
3434,40.81848516,-73.94495507,"(40.81848516, -73.94495507)"
3435,40.81860418,-73.94486807,"(40.81860418, -73.94486807)"
3436,40.76817423,-73.96496653,"(40.76817423, -73.96496653)"
3437,40.77530477,-73.96051711,"(40.77530477, -73.96051711)"
3438,40.87528759,-73.8699725,"(40.87528759, -73.8699725)"
3439,40.75859723,-73.96338431,"(40.75859723, -73.96338431)"
3440,40.75864884,-73.96350681,"(40.75864884, -73.96350681)"
3441,40.87352839,-73.85928627,"(40.87352839, -73.85928627)"
3442,40.74720541,-73.97206607,"(40.74720541, -73.97206607)"
3443,40.76256698,-73.89185374,"(40.76256698, -73.89185374)"
3444,40.54736777,-74.17957261,"(40.54736777, -74.17957261)"
3445,40.74057986,-73.81697008,"(40.74057986, -73.81697008)"
3446,40.54482797,-74.21908884,"(40.54482797, -74.21908884)"
3447,40.69593786,-73.95824221,"(40.69593786, -73.95824221)"
3448,40.50947946,-74.22817067,"(40.50947946, -74.22817067)"
3449,40.61361032,-74.13874523,"(40.61361032, -74.13874523)"
3450,40.53137624,-74.22237176,"(40.53137624, -74.22237176)"
3451,40.53144652,-74.22235555,"(40.53144652, -74.22235555)"
3452,40.74438951,-73.87533336,"(40.74438951, -73.87533336)"
3453,40.87685349,-73.85783823,"(40.87685349, -73.85783823)"
3454,40.87686518,-73.85806189,"(40.87686518, -73.85806189)"
3455,40.76401715,-73.98619432,"(40.76401715, -73.98619432)"
3456,40.87423259,-73.84805942,"(40.87423259, -73.84805942)"
3457,40.58998743,-73.95749671,"(40.58998743, -73.95749671)"
3458,40.74046644,-73.91822068,"(40.74046644, -73.91822068)"
3459,40.69574825,-73.93190759,"(40.69574825, -73.93190759)"
3460,40.60367048,-74.00408696,"(40.60367048, -74.00408696)"
3461,40.72586146,-73.85000252,"(40.72586146, -73.85000252)"
3462,40.8665495,-73.86542533,"(40.8665495, -73.86542533)"
3463,40.61296797,-73.98051352,"(40.61296797, -73.98051352)"
3464,40.74503144,-73.71983958,"(40.74503144, -73.71983958)"
3465,40.86103521,-73.84761135,"(40.86103521, -73.84761135)"
3466,40.86294853,-73.85727035,"(40.86294853, -73.85727035)"
3467,40.73063511,-73.84976757,"(40.73063511, -73.84976757)"
3468,40.87247663,-73.83814329,"(40.87247663, -73.83814329)"
3469,40.75687676,-73.80722643,"(40.75687676, -73.80722643)"
3470,40.74411303,-73.85526303,"(40.74411303, -73.85526303)"
3471,40.50794901,-74.22948373,"(40.50794901, -74.22948373)"
3472,40.85410557,-73.91546052,"(40.85410557, -73.91546052)"
3473,40.76250035,-73.89274244,"(40.76250035, -73.89274244)"
3474,40.83295901,-73.8265404,"(40.83295901, -73.8265404)"
3475,40.7258297,-73.84604562,"(40.7258297, -73.84604562)"
3476,40.60921781,-73.97883516,"(40.60921781, -73.97883516)"
3477,40.66342191,-73.83587304,"(40.66342191, -73.83587304)"
3478,40.53844174,-74.20102442,"(40.53844174, -74.20102442)"
3479,40.59929911,-73.97474367,"(40.59929911, -73.97474367)"
3480,40.65118543,-73.95597592,"(40.65118543, -73.95597592)"
3481,40.54445502,-74.21870005,"(40.54445502, -74.21870005)"
3482,40.60444312,-73.96334563,"(40.60444312, -73.96334563)"
3483,40.61546692,-74.12164403,"(40.61546692, -74.12164403)"
3484,40.76551905,-73.99170348,"(40.76551905, -73.99170348)"
3485,40.69039304,-73.80689376,"(40.69039304, -73.80689376)"
3486,40.87750333,-73.82939899,"(40.87750333, -73.82939899)"
3487,40.8775999,-73.82940261,"(40.8775999, -73.82940261)"
3488,40.7051375,-73.92552412,"(40.7051375, -73.92552412)"
3489,40.69652898,-73.93100941,"(40.69652898, -73.93100941)"
3490,40.85577685,-73.91510861,"(40.85577685, -73.91510861)"
3491,40.74827882,-73.9708744,"(40.74827882, -73.9708744)"
3492,40.62150071,-73.92382689,"(40.62150071, -73.92382689)"
3493,40.83657583,-73.84400873,"(40.83657583, -73.84400873)"
3494,40.66083594,-73.94958827,"(40.66083594, -73.94958827)"
3495,40.61488687,-73.98489073,"(40.61488687, -73.98489073)"
3496,40.63264045,-73.90369415,"(40.63264045, -73.90369415)"
3497,40.7457072,-73.91349485,"(40.7457072, -73.91349485)"
3498,40.65822611,-73.95863241,"(40.65822611, -73.95863241)"
3499,40.59954449,-73.97470958,"(40.59954449, -73.97470958)"
3500,40.61356979,-73.90727989,"(40.61356979, -73.90727989)"
3501,40.60852227,-73.96222899,"(40.60852227, -73.96222899)"
3502,40.77396486,-73.81737622,"(40.77396486, -73.81737622)"
3503,40.61653123,-74.14127448,"(40.61653123, -74.14127448)"
3504,40.84307429,-73.90899042,"(40.84307429, -73.90899042)"
3505,40.63843958,-74.00542728,"(40.63843958, -74.00542728)"
3506,40.69985876,-73.91765844,"(40.69985876, -73.91765844)"
3507,40.61632416,-74.13824628,"(40.61632416, -74.13824628)"
3508,40.84655323,-73.83442228,"(40.84655323, -73.83442228)"
3509,40.6473209,-73.97619596,"(40.6473209, -73.97619596)"
3510,40.61431544,-74.1267458,"(40.61431544, -74.1267458)"
3511,40.53932816,-74.14508046,"(40.53932816, -74.14508046)"
3512,40.61557551,-74.1320586,"(40.61557551, -74.1320586)"
3513,40.8184909,-73.93964614,"(40.8184909, -73.93964614)"
3514,40.55498889,-74.1670491,"(40.55498889, -74.1670491)"
3515,40.54155621,-74.20303397,"(40.54155621, -74.20303397)"
3516,40.54151963,-74.20315816,"(40.54151963, -74.20315816)"
3517,40.61562013,-73.98610483,"(40.61562013, -73.98610483)"
3518,40.6234464,-73.95426354,"(40.6234464, -73.95426354)"
3519,40.88318665,-73.85102997,"(40.88318665, -73.85102997)"
3520,40.88311197,-73.85079673,"(40.88311197, -73.85079673)"
3521,40.6696811,-73.74127281,"(40.6696811, -73.74127281)"
3522,40.8779876,-73.85245866,"(40.8779876, -73.85245866)"
3523,40.69810809,-73.84165565,"(40.69810809, -73.84165565)"
3524,40.59011947,-73.93500338,"(40.59011947, -73.93500338)"
3525,40.87437745,-73.85830198,"(40.87437745, -73.85830198)"
3526,40.61509252,-73.93850409,"(40.61509252, -73.93850409)"
3527,40.73747366,-73.75257168,"(40.73747366, -73.75257168)"
3528,40.60329477,-73.96891652,"(40.60329477, -73.96891652)"
3529,40.85524173,-73.90846097,"(40.85524173, -73.90846097)"
3530,40.61065255,-74.14681975,"(40.61065255, -74.14681975)"
3531,40.83885538,-73.90971732,"(40.83885538, -73.90971732)"
3532,40.70400277,-73.92663355,"(40.70400277, -73.92663355)"
3533,40.76350567,-73.90765425,"(40.76350567, -73.90765425)"
3534,40.71036411,-73.8412275,"(40.71036411, -73.8412275)"
3535,40.73980361,-73.81020137,"(40.73980361, -73.81020137)"
3536,40.69036134,-73.94101445,"(40.69036134, -73.94101445)"
3537,40.84346878,-73.90514443,"(40.84346878, -73.90514443)"
3538,40.7645979,-73.89022089,"(40.7645979, -73.89022089)"
3539,40.84684558,-73.78857799,"(40.84684558, -73.78857799)"
3540,40.58924746,-73.93483794,"(40.58924746, -73.93483794)"
3541,40.70395886,-73.94831795,"(40.70395886, -73.94831795)"
3542,40.83651883,-73.84552827,"(40.83651883, -73.84552827)"
3543,40.86124874,-73.92914616,"(40.86124874, -73.92914616)"
3544,40.53758858,-74.21772209,"(40.53758858, -74.21772209)"
3545,40.77683135,-73.90699463,"(40.77683135, -73.90699463)"
3546,40.78824688,-73.82187145,"(40.78824688, -73.82187145)"
3547,40.72521208,-73.90433078,"(40.72521208, -73.90433078)"
3548,40.77530925,-73.93026494,"(40.77530925, -73.93026494)"
3549,40.74421221,-73.92221711,"(40.74421221, -73.92221711)"
3550,40.68338825,-73.8109042,"(40.68338825, -73.8109042)"
3551,40.8196204,-73.8378291,"(40.8196204, -73.8378291)"
3552,40.62641951,-73.99468537,"(40.62641951, -73.99468537)"
3553,40.72658059,-73.85527294,"(40.72658059, -73.85527294)"
3554,40.87313592,-73.84041497,"(40.87313592, -73.84041497)"
3555,40.7946236,-73.80648032,"(40.7946236, -73.80648032)"
3556,40.69036141,-73.81673838,"(40.69036141, -73.81673838)"
3557,40.64569645,-73.9750647,"(40.64569645, -73.9750647)"
3558,40.5419834,-74.2148605,"(40.5419834, -74.2148605)"
3559,40.8713424,-73.86681872,"(40.8713424, -73.86681872)"
3560,40.75611477,-73.99320476,"(40.75611477, -73.99320476)"
3561,40.87634867,-73.82991874,"(40.87634867, -73.82991874)"
3562,40.81816899,-73.93888674,"(40.81816899, -73.93888674)"
3563,40.83496135,-73.9230369,"(40.83496135, -73.9230369)"
3564,40.73365054,-73.70579913,"(40.73365054, -73.70579913)"
3565,40.60816687,-73.96216228,"(40.60816687, -73.96216228)"
3566,40.75141164,-73.9447319,"(40.75141164, -73.9447319)"
3567,40.57581247,-73.84857244,"(40.57581247, -73.84857244)"
3568,40.69827555,-73.76253088,"(40.69827555, -73.76253088)"
3569,40.73059423,-73.84990462,"(40.73059423, -73.84990462)"
3570,40.8420846,-73.84593703,"(40.8420846, -73.84593703)"
3571,40.81750828,-73.94186738,"(40.81750828, -73.94186738)"
3572,40.62978978,-73.96438091,"(40.62978978, -73.96438091)"
3573,40.767113,-73.92348343,"(40.767113, -73.92348343)"
3574,40.60672717,-73.96569621,"(40.60672717, -73.96569621)"
3575,40.78628468,-73.82221066,"(40.78628468, -73.82221066)"
3576,40.85741405,-73.87094641,"(40.85741405, -73.87094641)"
3577,40.76661796,-73.96102016,"(40.76661796, -73.96102016)"
3578,40.80487506,-73.95060943,"(40.80487506, -73.95060943)"
3579,40.61815267,-74.14550281,"(40.61815267, -74.14550281)"
3580,40.63010036,-73.95947467,"(40.63010036, -73.95947467)"
3581,40.88892608,-73.9006873,"(40.88892608, -73.9006873)"
3582,40.63491441,-74.11325715,"(40.63491441, -74.11325715)"
3583,40.76455644,-73.99330504,"(40.76455644, -73.99330504)"
3584,40.69294258,-73.82055424,"(40.69294258, -73.82055424)"
3585,40.84976294,-73.86442278,"(40.84976294, -73.86442278)"
3586,40.82033832,-73.92772891,"(40.82033832, -73.92772891)"
3587,40.68106677,-73.97192859,"(40.68106677, -73.97192859)"
3588,40.80766613,-73.94330626,"(40.80766613, -73.94330626)"
3589,40.78778431,-73.82218284,"(40.78778431, -73.82218284)"
3590,40.61542704,-74.12211659,"(40.61542704, -74.12211659)"
3591,40.61425689,-73.98060211,"(40.61425689, -73.98060211)"
3592,40.71651864,-73.85594252,"(40.71651864, -73.85594252)"
3593,40.8827288,-73.89127402,"(40.8827288, -73.89127402)"
3594,40.62248992,-74.01090214,"(40.62248992, -74.01090214)"
3595,40.68007992,-73.88477185,"(40.68007992, -73.88477185)"
3596,40.70305643,-73.88737163,"(40.70305643, -73.88737163)"
3597,40.8758875,-73.85905663,"(40.8758875, -73.85905663)"
3598,40.73665784,-73.92562204,"(40.73665784, -73.92562204)"
3599,40.60850319,-73.95428354,"(40.60850319, -73.95428354)"
3600,40.75866222,-73.8069826,"(40.75866222, -73.8069826)"
3601,40.55177316,-74.15252679,"(40.55177316, -74.15252679)"
3602,40.68893415,-73.80489025,"(40.68893415, -73.80489025)"
3603,40.68372696,-73.94562216,"(40.68372696, -73.94562216)"
3604,40.75046153,-73.71302412,"(40.75046153, -73.71302412)"
3605,40.61685116,-73.93758286,"(40.61685116, -73.93758286)"
3606,40.8641191,-73.85676481,"(40.8641191, -73.85676481)"
3607,40.75910996,-73.79463741,"(40.75910996, -73.79463741)"
3608,40.72606334,-73.84932453,"(40.72606334, -73.84932453)"
3609,40.72645356,-73.85738575,"(40.72645356, -73.85738575)"
3610,40.74241912,-73.71404235,"(40.74241912, -73.71404235)"
3611,40.61638113,-73.98736091,"(40.61638113, -73.98736091)"
3612,40.83571566,-73.83690343,"(40.83571566, -73.83690343)"
3613,40.58629964,-73.9310313,"(40.58629964, -73.9310313)"
3614,40.55551755,-74.16774094,"(40.55551755, -74.16774094)"
3615,40.84590302,-73.86818102,"(40.84590302, -73.86818102)"
3616,40.84123524,-73.84750754,"(40.84123524, -73.84750754)"
3617,40.60587714,-73.9655356,"(40.60587714, -73.9655356)"
3618,40.60809062,-73.95517767,"(40.60809062, -73.95517767)"
3619,40.83801336,-73.9102109,"(40.83801336, -73.9102109)"
3620,40.54580817,-74.21646675,"(40.54580817, -74.21646675)"
3621,40.76169191,-73.76079638,"(40.76169191, -73.76079638)"
3622,40.87717492,-73.82944819,"(40.87717492, -73.82944819)"
3623,40.85753742,-73.87092918,"(40.85753742, -73.87092918)"
3624,40.65110912,-73.88426995,"(40.65110912, -73.88426995)"
3625,40.73105425,-73.84874078,"(40.73105425, -73.84874078)"
3626,40.63818946,-74.11509323,"(40.63818946, -74.11509323)"
3627,40.84983873,-73.86461817,"(40.84983873, -73.86461817)"
3628,40.88952748,-73.89932513,"(40.88952748, -73.89932513)"
3629,40.81468486,-73.96131401,"(40.81468486, -73.96131401)"
3630,40.7486882,-73.97147084,"(40.7486882, -73.97147084)"
3631,40.83397467,-73.87524524,"(40.83397467, -73.87524524)"
3632,40.65056751,-73.94572141,"(40.65056751, -73.94572141)"
3633,40.54104342,-74.20169345,"(40.54104342, -74.20169345)"
3634,40.68199977,-73.95506072,"(40.68199977, -73.95506072)"
3635,40.76167118,-73.7609227,"(40.76167118, -73.7609227)"
3636,40.74410428,-73.87469314,"(40.74410428, -73.87469314)"
3637,40.85918342,-73.90945333,"(40.85918342, -73.90945333)"
3638,40.76258008,-73.89172857,"(40.76258008, -73.89172857)"
3639,40.63811879,-74.11508018,"(40.63811879, -74.11508018)"
3640,40.61676399,-73.95074103,"(40.61676399, -73.95074103)"
3641,40.60605809,-73.99292455,"(40.60605809, -73.99292455)"
3642,40.84800307,-73.86700035,"(40.84800307, -73.86700035)"
3643,40.74052892,-73.9174115,"(40.74052892, -73.9174115)"
3644,40.7536595,-73.87042196,"(40.7536595, -73.87042196)"
3645,40.76626584,-73.96432542,"(40.76626584, -73.96432542)"
3646,40.84431857,-73.90753143,"(40.84431857, -73.90753143)"
3647,40.72221785,-73.8675246,"(40.72221785, -73.8675246)"
3648,40.66545291,-73.9859897,"(40.66545291, -73.9859897)"
3649,40.77535813,-73.93023903,"(40.77535813, -73.93023903)"
3650,40.72203736,-73.90034011,"(40.72203736, -73.90034011)"
3651,40.74633544,-73.92274324,"(40.74633544, -73.92274324)"
3652,40.623143,-74.12626673,"(40.623143, -74.12626673)"
3653,40.77699702,-73.94339024,"(40.77699702, -73.94339024)"
3654,40.60661415,-73.96567486,"(40.60661415, -73.96567486)"
3655,40.79458871,-73.8060363,"(40.79458871, -73.8060363)"
3656,40.82980513,-73.84516813,"(40.82980513, -73.84516813)"
3657,40.86023976,-73.90889663,"(40.86023976, -73.90889663)"
3658,40.86033421,-73.90912308,"(40.86033421, -73.90912308)"
3659,40.63100942,-73.93132393,"(40.63100942, -73.93132393)"
3660,40.72120792,-73.90022061,"(40.72120792, -73.90022061)"
3661,40.67572019,-73.8221202,"(40.67572019, -73.8221202)"
3662,40.61375589,-73.90716745,"(40.61375589, -73.90716745)"
3663,40.60869254,-73.95354112,"(40.60869254, -73.95354112)"
3664,40.82992122,-73.87574041,"(40.82992122, -73.87574041)"
3665,40.83079016,-73.87594272,"(40.83079016, -73.87594272)"
3666,40.60843309,-73.95427037,"(40.60843309, -73.95427037)"
3667,40.63949857,-74.11283447,"(40.63949857, -74.11283447)"
3668,40.59982344,-73.97360644,"(40.59982344, -73.97360644)"
3669,40.75125649,-73.94488092,"(40.75125649, -73.94488092)"
3670,40.74786736,-73.9711683,"(40.74786736, -73.9711683)"
3671,40.84947641,-73.93188144,"(40.84947641, -73.93188144)"
3672,40.67016204,-73.91978854,"(40.67016204, -73.91978854)"
3673,40.74773276,-73.70698059,"(40.74773276, -73.70698059)"
3674,40.54022566,-74.1543554,"(40.54022566, -74.1543554)"
3675,40.88205665,-73.85822492,"(40.88205665, -73.85822492)"
3676,40.74002859,-73.81417405,"(40.74002859, -73.81417405)"
3677,40.75591614,-73.99273382,"(40.75591614, -73.99273382)"
3678,40.74725871,-73.97219311,"(40.74725871, -73.97219311)"
3679,40.83061232,-73.87590132,"(40.83061232, -73.87590132)"
3680,40.724705,-73.84909647,"(40.724705, -73.84909647)"
3681,40.72239864,-73.86832615,"(40.72239864, -73.86832615)"
3682,40.77542996,-73.90477422,"(40.77542996, -73.90477422)"
3683,40.7751334,-73.90601423,"(40.7751334, -73.90601423)"
3684,40.80473969,-73.95028899,"(40.80473969, -73.95028899)"
3685,40.73994007,-73.91832638,"(40.73994007, -73.91832638)"
3686,40.86035688,-73.90927347,"(40.86035688, -73.90927347)"
3687,40.69017992,-73.8173728,"(40.69017992, -73.8173728)"
3688,40.83118774,-73.8760353,"(40.83118774, -73.8760353)"
3689,40.84610398,-73.83432891,"(40.84610398, -73.83432891)"
3690,40.70110984,-73.89000378,"(40.70110984, -73.89000378)"
3691,40.83523464,-73.86896638,"(40.83523464, -73.86896638)"
3692,40.54551776,-74.19863386,"(40.54551776, -74.19863386)"
3693,40.72441613,-73.84665592,"(40.72441613, -73.84665592)"
3694,40.57779572,-73.84930988,"(40.57779572, -73.84930988)"
3695,40.70451457,-73.95033895,"(40.70451457, -73.95033895)"
3696,40.75615163,-73.7893361,"(40.75615163, -73.7893361)"
3697,40.72413813,-73.84842961,"(40.72413813, -73.84842961)"
3698,40.84637064,-73.89396547,"(40.84637064, -73.89396547)"
3699,40.72422044,-73.90272446,"(40.72422044, -73.90272446)"
3700,40.74687839,-73.97290733,"(40.74687839, -73.97290733)"
3701,40.61121857,-73.99126637,"(40.61121857, -73.99126637)"
3702,40.85991226,-73.90848756,"(40.85991226, -73.90848756)"
3703,40.84817856,-73.94105884,"(40.84817856, -73.94105884)"
3704,40.75870765,-73.96364636,"(40.75870765, -73.96364636)"
3705,40.74964152,-73.91813737,"(40.74964152, -73.91813737)"
3706,40.65427101,-73.92414833,"(40.65427101, -73.92414833)"
3707,40.83061958,-73.87575905,"(40.83061958, -73.87575905)"
3708,40.53687179,-74.20121991,"(40.53687179, -74.20121991)"
3709,40.87411424,-73.84799553,"(40.87411424, -73.84799553)"
3710,40.73870673,-74.00613853,"(40.73870673, -74.00613853)"
3711,40.73870721,-74.00606203,"(40.73870721, -74.00606203)"
3712,40.76679951,-73.96144832,"(40.76679951, -73.96144832)"
3713,40.53849718,-74.20081353,"(40.53849718, -74.20081353)"
3714,40.61316768,-73.90707984,"(40.61316768, -73.90707984)"
3715,40.65097668,-73.9559539,"(40.65097668, -73.9559539)"
3716,40.87585454,-73.84121928,"(40.87585454, -73.84121928)"
3717,40.83701641,-73.84621775,"(40.83701641, -73.84621775)"
3718,40.77424328,-73.8173969,"(40.77424328, -73.8173969)"
3719,40.82024416,-73.83780141,"(40.82024416, -73.83780141)"
3720,40.76855555,-73.91347458,"(40.76855555, -73.91347458)"
3721,40.76647704,-73.91516676,"(40.76647704, -73.91516676)"
3722,40.75075687,-73.86738638,"(40.75075687, -73.86738638)"
3723,40.74531029,-73.87799259,"(40.74531029, -73.87799259)"
3724,40.54473832,-74.2009418,"(40.54473832, -74.2009418)"
3725,40.75376092,-73.8699518,"(40.75376092, -73.8699518)"
3726,40.8193009,-73.81582394,"(40.8193009, -73.81582394)"
3727,40.73188131,-73.85038993,"(40.73188131, -73.85038993)"
3728,40.60776995,-73.97855617,"(40.60776995, -73.97855617)"
3729,40.68516882,-73.83501128,"(40.68516882, -73.83501128)"
3730,40.81071517,-73.96213518,"(40.81071517, -73.96213518)"
3731,40.87674911,-73.82968299,"(40.87674911, -73.82968299)"
3732,40.81837602,-73.81333889,"(40.81837602, -73.81333889)"
3733,40.72290886,-73.90089045,"(40.72290886, -73.90089045)"
3734,40.74316006,-73.82232419,"(40.74316006, -73.82232419)"
3735,40.6512787,-73.88387669,"(40.6512787, -73.88387669)"
3736,40.61424126,-73.90773191,"(40.61424126, -73.90773191)"
3737,40.6085902,-73.96224174,"(40.6085902, -73.96224174)"
3738,40.83262818,-73.88005289,"(40.83262818, -73.88005289)"
3739,40.83249061,-73.88002081,"(40.83249061, -73.88002081)"
3740,40.80031591,-73.9579335,"(40.80031591, -73.9579335)"
3741,40.74597282,-73.91901881,"(40.74597282, -73.91901881)"
3742,40.74467252,-73.87596861,"(40.74467252, -73.87596861)"
3743,40.7037672,-73.87493625,"(40.7037672, -73.87493625)"
3744,40.87390652,-73.85927554,"(40.87390652, -73.85927554)"
3745,40.76436561,-73.98702249,"(40.76436561, -73.98702249)"
3746,40.83598643,-73.8427236,"(40.83598643, -73.8427236)"
3747,40.85320141,-73.9091386,"(40.85320141, -73.9091386)"
3748,40.76259272,-73.8916077,"(40.76259272, -73.8916077)"
3749,40.64108868,-73.91789187,"(40.64108868, -73.91789187)"
3750,40.7265495,-73.85678739,"(40.7265495, -73.85678739)"
3751,40.66084473,-73.949446,"(40.66084473, -73.949446)"
3752,40.69637287,-73.93072338,"(40.69637287, -73.93072338)"
3753,40.76110031,-73.80883589,"(40.76110031, -73.80883589)"
3754,40.81910138,-73.81473058,"(40.81910138, -73.81473058)"
3755,40.80501617,-73.96266197,"(40.80501617, -73.96266197)"
3756,40.76593899,-73.91484536,"(40.76593899, -73.91484536)"
3757,40.6154104,-74.12992153,"(40.6154104, -74.12992153)"
3758,40.69038756,-73.81664574,"(40.69038756, -73.81664574)"
3759,40.69044245,-73.81645135,"(40.69044245, -73.81645135)"
3760,40.71932761,-73.73925006,"(40.71932761, -73.73925006)"
3761,40.64567663,-73.97524662,"(40.64567663, -73.97524662)"
3762,40.54462324,-74.21794506,"(40.54462324, -74.21794506)"
3763,40.54444117,-74.21876222,"(40.54444117, -74.21876222)"
3764,40.60433278,-73.96332512,"(40.60433278, -73.96332512)"
3765,40.54512626,-74.20948562,"(40.54512626, -74.20948562)"
3766,40.73399301,-73.78938913,"(40.73399301, -73.78938913)"
3767,40.53890114,-74.19665735,"(40.53890114, -74.19665735)"
3768,40.61542759,-73.90895562,"(40.61542759, -73.90895562)"
3769,40.75164659,-73.94450625,"(40.75164659, -73.94450625)"
3770,40.75155571,-73.94459353,"(40.75155571, -73.94459353)"
3771,40.83451646,-73.91021831,"(40.83451646, -73.91021831)"
3772,40.83709477,-73.84612173,"(40.83709477, -73.84612173)"
3773,40.72924856,-73.84760404,"(40.72924856, -73.84760404)"
3774,40.72933823,-73.8476513,"(40.72933823, -73.8476513)"
3775,40.67568291,-73.82021114,"(40.67568291, -73.82021114)"
3776,40.67557339,-73.8202451,"(40.67557339, -73.8202451)"
3777,40.87571764,-73.85852502,"(40.87571764, -73.85852502)"
3778,40.88200716,-73.85773268,"(40.88200716, -73.85773268)"
3779,40.74638426,-73.82331244,"(40.74638426, -73.82331244)"
3780,40.81221811,-73.96321075,"(40.81221811, -73.96321075)"
3781,40.53816429,-74.20201017,"(40.53816429, -74.20201017)"
3782,40.59944978,-73.97472273,"(40.59944978, -73.97472273)"
3783,40.60841685,-73.9622092,"(40.60841685, -73.9622092)"
3784,40.63853465,-74.11515695,"(40.63853465, -74.11515695)"
3785,40.74816812,-73.97095347,"(40.74816812, -73.97095347)"
3786,40.54161796,-74.21472987,"(40.54161796, -74.21472987)"
3787,40.70093275,-73.83723384,"(40.70093275, -73.83723384)"
3788,40.50524,-74.24363454,"(40.50524, -74.24363454)"
3789,40.77441515,-73.95960551,"(40.77441515, -73.95960551)"
3790,40.71887173,-73.73987071,"(40.71887173, -73.73987071)"
3791,40.71817373,-73.73938691,"(40.71817373, -73.73938691)"
3792,40.62228217,-74.13050899,"(40.62228217, -74.13050899)"
3793,40.84460084,-73.90596481,"(40.84460084, -73.90596481)"
3794,40.68631019,-73.98243986,"(40.68631019, -73.98243986)"
3795,40.6821137,-73.95407401,"(40.6821137, -73.95407401)"
3796,40.766005,-73.99286316,"(40.766005, -73.99286316)"
3797,40.6412993,-73.91746993,"(40.6412993, -73.91746993)"
3798,40.77453315,-73.90657019,"(40.77453315, -73.90657019)"
3799,40.72669133,-73.85669805,"(40.72669133, -73.85669805)"
3800,40.60897332,-73.96231365,"(40.60897332, -73.96231365)"
3801,40.61354937,-73.98569003,"(40.61354937, -73.98569003)"
3802,40.74798217,-73.9710863,"(40.74798217, -73.9710863)"
3803,40.83659622,-73.90911636,"(40.83659622, -73.90911636)"
3804,40.5872182,-73.93638652,"(40.5872182, -73.93638652)"
3805,40.67056316,-73.91975138,"(40.67056316, -73.91975138)"
3806,40.70194733,-73.89204389,"(40.70194733, -73.89204389)"
3807,40.74822431,-73.97091333,"(40.74822431, -73.97091333)"
3808,40.81934961,-73.8378915,"(40.81934961, -73.8378915)"
3809,40.65340283,-73.922885,"(40.65340283, -73.922885)"
3810,40.62564369,-74.11083064,"(40.62564369, -74.11083064)"
3811,40.72487664,-73.84851956,"(40.72487664, -73.84851956)"
3812,40.71900226,-73.75238291,"(40.71900226, -73.75238291)"
3813,40.61074135,-73.93834198,"(40.61074135, -73.93834198)"
3814,40.63079854,-73.94170466,"(40.63079854, -73.94170466)"
3815,40.69460475,-73.95716573,"(40.69460475, -73.95716573)"
3816,40.72191902,-73.8675667,"(40.72191902, -73.8675667)"
3817,40.65378123,-73.94606389,"(40.65378123, -73.94606389)"
3818,40.86044817,-73.90930074,"(40.86044817, -73.90930074)"
3819,40.72917009,-73.84756268,"(40.72917009, -73.84756268)"
3820,40.74810547,-73.97197053,"(40.74810547, -73.97197053)"
3821,40.74786869,-73.97140778,"(40.74786869, -73.97140778)"
3822,40.83256723,-73.82771243,"(40.83256723, -73.82771243)"
3823,40.86971608,-73.85940772,"(40.86971608, -73.85940772)"
3824,40.86128481,-73.84913854,"(40.86128481, -73.84913854)"
3825,40.67548149,-73.82027358,"(40.67548149, -73.82027358)"
3826,40.60732724,-73.95406259,"(40.60732724, -73.95406259)"
3827,40.61462362,-73.98100907,"(40.61462362, -73.98100907)"
3828,40.67605574,-73.82201479,"(40.67605574, -73.82201479)"
3829,40.83637957,-73.83576808,"(40.83637957, -73.83576808)"
3830,40.60611344,-73.91244381,"(40.60611344, -73.91244381)"
3831,40.8121312,-73.96327412,"(40.8121312, -73.96327412)"
3832,40.8347269,-73.92317518,"(40.8347269, -73.92317518)"
3833,40.80461688,-73.93605873,"(40.80461688, -73.93605873)"
3834,40.6184733,-73.99836308,"(40.6184733, -73.99836308)"
3835,40.84336263,-73.90594635,"(40.84336263, -73.90594635)"
3836,40.882925,-73.87997599,"(40.882925, -73.87997599)"
3837,40.54254323,-74.21235376,"(40.54254323, -74.21235376)"
3838,40.60627509,-73.9917732,"(40.60627509, -73.9917732)"
3839,40.85191314,-73.93427212,"(40.85191314, -73.93427212)"
3840,40.82729831,-73.82690354,"(40.82729831, -73.82690354)"
3841,40.710333,-73.84114309,"(40.710333, -73.84114309)"
3842,40.74864672,-73.94065605,"(40.74864672, -73.94065605)"
3843,40.53193716,-74.22119483,"(40.53193716, -74.22119483)"
3844,40.63316715,-74.12828873,"(40.63316715, -74.12828873)"
3845,40.70142473,-73.88762438,"(40.70142473, -73.88762438)"
3846,40.81954945,-73.81543295,"(40.81954945, -73.81543295)"
3847,40.74882158,-73.94674681,"(40.74882158, -73.94674681)"
3848,40.72642935,-73.85067098,"(40.72642935, -73.85067098)"
3849,40.709594,-73.95564505,"(40.709594, -73.95564505)"
3850,40.74004016,-73.80561228,"(40.74004016, -73.80561228)"
3851,40.73903345,-73.80567602,"(40.73903345, -73.80567602)"
3852,40.76597586,-73.9927936,"(40.76597586, -73.9927936)"
3853,40.74366864,-73.70743699,"(40.74366864, -73.70743699)"
3854,40.76612663,-73.98953644,"(40.76612663, -73.98953644)"
3855,40.831501,-73.87650716,"(40.831501, -73.87650716)"
3856,40.83146947,-73.87674752,"(40.83146947, -73.87674752)"
3857,40.67205451,-73.94465305,"(40.67205451, -73.94465305)"
3858,40.61551051,-73.98592332,"(40.61551051, -73.98592332)"
3859,40.74794372,-73.97115278,"(40.74794372, -73.97115278)"
3860,40.60110968,-73.96576187,"(40.60110968, -73.96576187)"
3861,40.59007336,-73.95751215,"(40.59007336, -73.95751215)"
3862,40.86280651,-73.86555635,"(40.86280651, -73.86555635)"
3863,40.61478461,-74.12135569,"(40.61478461, -74.12135569)"
3864,40.74520452,-73.72015211,"(40.74520452, -73.72015211)"
3865,40.75920861,-73.96483673,"(40.75920861, -73.96483673)"
3866,40.61936073,-73.93182991,"(40.61936073, -73.93182991)"
3867,40.62063109,-74.12771386,"(40.62063109, -74.12771386)"
3868,40.74014941,-73.81036329,"(40.74014941, -73.81036329)"
3869,40.72064749,-73.73890492,"(40.72064749, -73.73890492)"
3870,40.83584547,-73.92189549,"(40.83584547, -73.92189549)"
3871,40.61553161,-74.11965147,"(40.61553161, -74.11965147)"
3872,40.54133082,-74.20379924,"(40.54133082, -74.20379924)"
3873,40.74061203,-73.8170658,"(40.74061203, -73.8170658)"
3874,40.63373555,-73.95294129,"(40.63373555, -73.95294129)"
3875,40.54477334,-74.21906708,"(40.54477334, -74.21906708)"
3876,40.6117275,-73.9064537,"(40.6117275, -73.9064537)"
3877,40.61732907,-74.15039541,"(40.61732907, -74.15039541)"
3878,40.83675055,-73.84525901,"(40.83675055, -73.84525901)"
3879,40.61392073,-74.13865927,"(40.61392073, -74.13865927)"
3880,40.53133028,-74.22238235,"(40.53133028, -74.22238235)"
3881,40.74558241,-73.91732159,"(40.74558241, -73.91732159)"
3882,40.56011817,-74.16580379,"(40.56011817, -74.16580379)"
3883,40.53169021,-74.22286822,"(40.53169021, -74.22286822)"
3884,40.77694518,-73.90715318,"(40.77694518, -73.90715318)"
3885,40.81030634,-73.96243925,"(40.81030634, -73.96243925)"
3886,40.6021164,-73.97016477,"(40.6021164, -73.97016477)"
3887,40.77259844,-73.91994257,"(40.77259844, -73.91994257)"
3888,40.90257282,-73.89637732,"(40.90257282, -73.89637732)"
3889,40.53185298,-74.21803078,"(40.53185298, -74.21803078)"
3890,40.62986663,-73.96248946,"(40.62986663, -73.96248946)"
3891,40.84129163,-73.86981287,"(40.84129163, -73.86981287)"
3892,40.87528915,-73.87005925,"(40.87528915, -73.87005925)"
3893,40.75856264,-73.96330222,"(40.75856264, -73.96330222)"
3894,40.7441853,-73.87487499,"(40.7441853, -73.87487499)"
3895,40.87375395,-73.85927987,"(40.87375395, -73.85927987)"
3896,40.85399341,-73.91516352,"(40.85399341, -73.91516352)"
3897,40.74448496,-73.8755476,"(40.74448496, -73.8755476)"
3898,40.74455821,-73.87571202,"(40.74455821, -73.87571202)"
3899,40.65427535,-73.92408082,"(40.65427535, -73.92408082)"
3900,40.61317091,-73.95113479,"(40.61317091, -73.95113479)"
3901,40.66085156,-73.94933535,"(40.66085156, -73.94933535)"
3902,40.60841097,-73.97868232,"(40.60841097, -73.97868232)"
3903,40.53847929,-74.20088156,"(40.53847929, -74.20088156)"
3904,40.73633934,-73.92378536,"(40.73633934, -73.92378536)"
3905,40.65086505,-73.95594213,"(40.65086505, -73.95594213)"
3906,40.75186159,-73.94429975,"(40.75186159, -73.94429975)"
3907,40.75170422,-73.9444509,"(40.75170422, -73.9444509)"
3908,40.83719242,-73.84600208,"(40.83719242, -73.84600208)"
3909,40.7477924,-73.70670422,"(40.7477924, -73.70670422)"
3910,40.76331953,-73.80742151,"(40.76331953, -73.80742151)"
3911,40.81813596,-73.93880881,"(40.81813596, -73.93880881)"
3912,40.64115427,-73.91776047,"(40.64115427, -73.91776047)"
3913,40.7515003,-73.94464675,"(40.7515003, -73.94464675)"
3914,40.74790185,-73.97114367,"(40.74790185, -73.97114367)"
3915,40.72671614,-73.84714371,"(40.72671614, -73.84714371)"
3916,40.74307501,-73.72008044,"(40.74307501, -73.72008044)"
3917,40.75861553,-73.99085883,"(40.75861553, -73.99085883)"
3918,40.72614463,-73.8464848,"(40.72614463, -73.8464848)"
3919,40.67559686,-73.82215895,"(40.67559686, -73.82215895)"
3920,40.81157418,-73.96368024,"(40.81157418, -73.96368024)"
3921,40.83017627,-73.82560851,"(40.83017627, -73.82560851)"
3922,40.70170481,-73.89053797,"(40.70170481, -73.89053797)"
3923,40.77080496,-73.81570345,"(40.77080496, -73.81570345)"
3924,40.66377193,-73.98547609,"(40.66377193, -73.98547609)"
3925,40.76556083,-73.9140411,"(40.76556083, -73.9140411)"
3926,40.54440255,-74.21840686,"(40.54440255, -74.21840686)"
3927,40.6974167,-73.93490165,"(40.6974167, -73.93490165)"
3928,40.69069013,-73.94466215,"(40.69069013, -73.94466215)"
3929,40.72014707,-73.75244973,"(40.72014707, -73.75244973)"
3930,40.74816795,-73.94335973,"(40.74816795, -73.94335973)"
3931,40.60521229,-73.96361794,"(40.60521229, -73.96361794)"
3932,40.7493095,-73.79061947,"(40.7493095, -73.79061947)"
3933,40.7677531,-73.92521494,"(40.7677531, -73.92521494)"
3934,40.55204704,-74.21874247,"(40.55204704, -74.21874247)"
3935,40.73982333,-73.91737589,"(40.73982333, -73.91737589)"
3936,40.76280074,-73.76078869,"(40.76280074, -73.76078869)"
3937,40.53604673,-74.21595091,"(40.53604673, -74.21595091)"
3938,40.81770082,-73.93004579,"(40.81770082, -73.93004579)"
3939,40.75291656,-73.71513498,"(40.75291656, -73.71513498)"
3940,40.7337402,-73.889721,"(40.7337402, -73.889721)"
3941,40.8640289,-73.84923068,"(40.8640289, -73.84923068)"
3942,40.54896334,-74.20962797,"(40.54896334, -74.20962797)"
3943,40.61061459,-73.90963946,"(40.61061459, -73.90963946)"
3944,40.60996486,-73.90897184,"(40.60996486, -73.90897184)"
3945,40.74604233,-73.85605806,"(40.74604233, -73.85605806)"
3946,40.7589381,-73.88983393,"(40.7589381, -73.88983393)"
3947,40.60624105,-73.97134272,"(40.60624105, -73.97134272)"
3948,40.6540308,-73.74284743,"(40.6540308, -73.74284743)"
3949,40.5462076,-74.19897915,"(40.5462076, -74.19897915)"
3950,40.72239314,-73.90039137,"(40.72239314, -73.90039137)"
3951,40.82010557,-73.83780411,"(40.82010557, -73.83780411)"
3952,40.8430827,-73.90916282,"(40.8430827, -73.90916282)"
3953,40.74675818,-73.92265845,"(40.74675818, -73.92265845)"
3954,40.73093859,-73.84875008,"(40.73093859, -73.84875008)"
3955,40.7315112,-73.84338545,"(40.7315112, -73.84338545)"
3956,40.65144463,-73.95330411,"(40.65144463, -73.95330411)"
3957,40.75294847,-73.92930716,"(40.75294847, -73.92930716)"
3958,40.70234668,-73.88596556,"(40.70234668, -73.88596556)"
3959,40.74084205,-73.81700038,"(40.74084205, -73.81700038)"
3960,40.69102041,-73.94738441,"(40.69102041, -73.94738441)"
3961,40.63276067,-73.9065364,"(40.63276067, -73.9065364)"
3962,40.85377582,-73.91428633,"(40.85377582, -73.91428633)"
3963,40.87175742,-73.84570411,"(40.87175742, -73.84570411)"
3964,40.614554,-73.98735216,"(40.614554, -73.98735216)"
3965,40.54489025,-74.2167466,"(40.54489025, -74.2167466)"
3966,40.5506272,-74.15972913,"(40.5506272, -74.15972913)"
3967,40.6152623,-73.90851651,"(40.6152623, -73.90851651)"
3968,40.84381164,-73.90668307,"(40.84381164, -73.90668307)"
3969,40.67509692,-73.81957137,"(40.67509692, -73.81957137)"
3970,40.63400003,-73.9054461,"(40.63400003, -73.9054461)"
3971,40.72407388,-73.87024843,"(40.72407388, -73.87024843)"
3972,40.61204177,-73.98922208,"(40.61204177, -73.98922208)"
3973,40.72598806,-73.84992925,"(40.72598806, -73.84992925)"
3974,40.87475769,-73.84472438,"(40.87475769, -73.84472438)"
3975,40.63265081,-73.90498871,"(40.63265081, -73.90498871)"
3976,40.54415603,-74.20297764,"(40.54415603, -74.20297764)"
3977,40.65766797,-73.9566702,"(40.65766797, -73.9566702)"
3978,40.55043843,-74.21706885,"(40.55043843, -74.21706885)"
3979,40.51117018,-74.23840473,"(40.51117018, -74.23840473)"
3980,40.67609569,-73.83384932,"(40.67609569, -73.83384932)"
3981,40.72657174,-73.84877157,"(40.72657174, -73.84877157)"
3982,40.72373042,-73.8472252,"(40.72373042, -73.8472252)"
3983,40.61391897,-74.10337181,"(40.61391897, -74.10337181)"
3984,40.55165308,-74.20150918,"(40.55165308, -74.20150918)"
3985,40.87038428,-73.83938548,"(40.87038428, -73.83938548)"
3986,40.87044087,-73.83921091,"(40.87044087, -73.83921091)"
3987,40.76068658,-73.9077224,"(40.76068658, -73.9077224)"
3988,40.66341097,-73.8352463,"(40.66341097, -73.8352463)"
3989,40.71142612,-73.84388897,"(40.71142612, -73.84388897)"
3990,40.72171979,-73.90042072,"(40.72171979, -73.90042072)"
3991,40.70156516,-73.89186672,"(40.70156516, -73.89186672)"
3992,40.61314094,-74.13220373,"(40.61314094, -74.13220373)"
3993,40.82098061,-73.92839321,"(40.82098061, -73.92839321)"
3994,40.63302386,-73.90435336,"(40.63302386, -73.90435336)"
3995,40.72413163,-73.870124,"(40.72413163, -73.870124)"
3996,40.70588333,-73.87289182,"(40.70588333, -73.87289182)"
3997,40.67650765,-73.94231643,"(40.67650765, -73.94231643)"
3998,40.7572172,-73.78944592,"(40.7572172, -73.78944592)"
3999,40.84473743,-73.94106901,"(40.84473743, -73.94106901)"
4000,40.82754634,-73.82599346,"(40.82754634, -73.82599346)"
4001,40.73136396,-73.84989988,"(40.73136396, -73.84989988)"
4002,40.66557727,-73.99098502,"(40.66557727, -73.99098502)"
4003,40.66078992,-73.95033336,"(40.66078992, -73.95033336)"
4004,40.76806709,-73.96579654,"(40.76806709, -73.96579654)"
4005,40.74796556,-73.97163799,"(40.74796556, -73.97163799)"
4006,40.8326681,-73.82779719,"(40.8326681, -73.82779719)"
4007,40.8698401,-73.85940369,"(40.8698401, -73.85940369)"
4008,40.83661421,-73.91118397,"(40.83661421, -73.91118397)"
4009,40.83647939,-73.91126326,"(40.83647939, -73.91126326)"
4010,40.67578763,-73.82017868,"(40.67578763, -73.82017868)"
4011,40.73991892,-73.81418098,"(40.73991892, -73.81418098)"
4012,40.57129141,-74.11213075,"(40.57129141, -74.11213075)"
4013,40.63117063,-73.89712216,"(40.63117063, -73.89712216)"
4014,40.874422,-73.85929083,"(40.874422, -73.85929083)"
4015,40.69220184,-73.81683609,"(40.69220184, -73.81683609)"
4016,40.61732363,-74.14934581,"(40.61732363, -74.14934581)"
4017,40.71908452,-73.75244455,"(40.71908452, -73.75244455)"
4018,40.81738668,-73.94195718,"(40.81738668, -73.94195718)"
4019,40.86050236,-73.90925808,"(40.86050236, -73.90925808)"
4020,40.65394091,-73.74346639,"(40.65394091, -73.74346639)"
4021,40.85583183,-73.91537962,"(40.85583183, -73.91537962)"
4022,40.74133014,-73.81719761,"(40.74133014, -73.81719761)"
4023,40.84338797,-73.9076215,"(40.84338797, -73.9076215)"
4024,40.54169741,-74.21475827,"(40.54169741, -74.21475827)"
4025,40.54182716,-74.21480465,"(40.54182716, -74.21480465)"
4026,40.61451458,-74.13944986,"(40.61451458, -74.13944986)"
4027,40.61160488,-73.98849856,"(40.61160488, -73.98849856)"
4028,40.61574134,-73.98610947,"(40.61574134, -73.98610947)"
4029,40.67504641,-73.82233187,"(40.67504641, -73.82233187)"
4030,40.60515668,-73.96777519,"(40.60515668, -73.96777519)"
4031,40.60363278,-73.96885645,"(40.60363278, -73.96885645)"
4032,40.53786077,-74.20280195,"(40.53786077, -74.20280195)"
4033,40.53535408,-74.19909035,"(40.53535408, -74.19909035)"
4034,40.54536911,-74.20957636,"(40.54536911, -74.20957636)"
4035,40.55568957,-74.16765494,"(40.55568957, -74.16765494)"
4036,40.7286297,-73.84728248,"(40.7286297, -73.84728248)"
4037,40.6143901,-73.9076257,"(40.6143901, -73.9076257)"
4038,40.83890975,-73.91620024,"(40.83890975, -73.91620024)"
4039,40.81711192,-73.93025388,"(40.81711192, -73.93025388)"
4040,40.65416082,-73.92341685,"(40.65416082, -73.92341685)"
4041,40.70206528,-73.92369583,"(40.70206528, -73.92369583)"
4042,40.70266717,-73.88690779,"(40.70266717, -73.88690779)"
4043,40.74152721,-73.80645228,"(40.74152721, -73.80645228)"
4044,40.66331735,-73.83463375,"(40.66331735, -73.83463375)"
4045,40.74219515,-73.8121146,"(40.74219515, -73.8121146)"
4046,40.65607921,-73.83690587,"(40.65607921, -73.83690587)"
4047,40.60526482,-73.96315856,"(40.60526482, -73.96315856)"
4048,40.86245454,-73.84720249,"(40.86245454, -73.84720249)"
4049,40.60634767,-73.91207971,"(40.60634767, -73.91207971)"
4050,40.84489359,-73.8335923,"(40.84489359, -73.8335923)"
4051,40.50787786,-74.24455652,"(40.50787786, -74.24455652)"
4052,40.68945175,-73.93590933,"(40.68945175, -73.93590933)"
4053,40.72472128,-73.870761,"(40.72472128, -73.870761)"
4054,40.654156,-73.9234854,"(40.654156, -73.9234854)"
4055,40.60646568,-73.91313067,"(40.60646568, -73.91313067)"
4056,40.70325072,-73.92253158,"(40.70325072, -73.92253158)"
4057,40.72050596,-73.74496346,"(40.72050596, -73.74496346)"
4058,40.61200717,-73.98916477,"(40.61200717, -73.98916477)"
4059,40.72607913,-73.84962276,"(40.72607913, -73.84962276)"
4060,40.7259595,-73.85002536,"(40.7259595, -73.85002536)"
4061,40.62682817,-73.99536349,"(40.62682817, -73.99536349)"
4062,40.61905285,-74.14337531,"(40.61905285, -74.14337531)"
4063,40.74760613,-73.71393907,"(40.74760613, -73.71393907)"
4064,40.77626439,-73.90619592,"(40.77626439, -73.90619592)"
4065,40.74820903,-73.97096327,"(40.74820903, -73.97096327)"
4066,40.74809456,-73.97100602,"(40.74809456, -73.97100602)"
4067,40.72949211,-73.84773241,"(40.72949211, -73.84773241)"
4068,40.54017302,-74.15430349,"(40.54017302, -74.15430349)"
4069,40.83684127,-73.91105044,"(40.83684127, -73.91105044)"
4070,40.67513421,-73.82038124,"(40.67513421, -73.82038124)"
4071,40.6412268,-74.11331546,"(40.6412268, -74.11331546)"
4072,40.81248125,-73.96301889,"(40.81248125, -73.96301889)"
4073,40.67496434,-73.82537588,"(40.67496434, -73.82537588)"
4074,40.6176297,-74.15466905,"(40.6176297, -74.15466905)"
4075,40.70187868,-73.89060976,"(40.70187868, -73.89060976)"
4076,40.70260478,-73.88688235,"(40.70260478, -73.88688235)"
4077,40.67540402,-73.8202976,"(40.67540402, -73.8202976)"
4078,40.53661726,-74.20165181,"(40.53661726, -74.20165181)"
4079,40.87554077,-73.85796675,"(40.87554077, -73.85796675)"
4080,40.75601812,-73.99297561,"(40.75601812, -73.99297561)"
4081,40.75595129,-73.99281715,"(40.75595129, -73.99281715)"
4082,40.87185028,-73.84575459,"(40.87185028, -73.84575459)"
4083,40.70907516,-73.78665648,"(40.70907516, -73.78665648)"
4084,40.62790345,-74.10878431,"(40.62790345, -74.10878431)"
4085,40.83737851,-73.84614636,"(40.83737851, -73.84614636)"
4086,40.65381249,-73.98141216,"(40.65381249, -73.98141216)"
4087,40.67085188,-73.88554928,"(40.67085188, -73.88554928)"
4088,40.62439198,-74.15079783,"(40.62439198, -74.15079783)"
4089,40.76641423,-73.78883656,"(40.76641423, -73.78883656)"
4090,40.81230454,-73.96314773,"(40.81230454, -73.96314773)"
4091,40.82880777,-73.82179343,"(40.82880777, -73.82179343)"
4092,40.78779887,-73.82084093,"(40.78779887, -73.82084093)"
4093,40.63012098,-73.95852532,"(40.63012098, -73.95852532)"
4094,40.60862994,-73.95410784,"(40.60862994, -73.95410784)"
4095,40.60619843,-73.91231171,"(40.60619843, -73.91231171)"
4096,40.60559171,-73.95888464,"(40.60559171, -73.95888464)"
4097,40.62530351,-74.12318297,"(40.62530351, -74.12318297)"
4098,40.6252887,-74.1232598,"(40.6252887, -74.1232598)"
4099,40.74214962,-73.81963448,"(40.74214962, -73.81963448)"
4100,40.82147019,-73.92820402,"(40.82147019, -73.92820402)"
4101,40.70265559,-73.88797913,"(40.70265559, -73.88797913)"
4102,40.53795218,-74.20272813,"(40.53795218, -74.20272813)"
4103,40.62977954,-73.96446997,"(40.62977954, -73.96446997)"
4104,40.82983253,-73.84496975,"(40.82983253, -73.84496975)"
4105,40.85580902,-73.91526716,"(40.85580902, -73.91526716)"
4106,40.84353464,-73.90500742,"(40.84353464, -73.90500742)"
4107,40.5417742,-74.21478572,"(40.5417742, -74.21478572)"
4108,40.87133007,-73.86635113,"(40.87133007, -73.86635113)"
4109,40.67542708,-73.82221228,"(40.67542708, -73.82221228)"
4110,40.87283967,-73.83542447,"(40.87283967, -73.83542447)"
4111,40.74267875,-73.82353477,"(40.74267875, -73.82353477)"
4112,40.53872575,-74.15721143,"(40.53872575, -74.15721143)"
4113,40.62104096,-74.12907082,"(40.62104096, -74.12907082)"
4114,40.73400562,-74.0063518,"(40.73400562, -74.0063518)"
4115,40.84519728,-73.83355231,"(40.84519728, -73.83355231)"
4116,40.60875501,-73.95420743,"(40.60875501, -73.95420743)"
4117,40.50468186,-74.24359637,"(40.50468186, -74.24359637)"
4118,40.72585324,-73.85038293,"(40.72585324, -73.85038293)"
4119,40.5710922,-74.11231492,"(40.5710922, -74.11231492)"
4120,40.61552461,-74.12096025,"(40.61552461, -74.12096025)"
4121,40.77651075,-73.90654143,"(40.77651075, -73.90654143)"
4122,40.76005809,-73.96458113,"(40.76005809, -73.96458113)"
4123,40.74555299,-73.91530524,"(40.74555299, -73.91530524)"
4124,40.6062919,-73.9121664,"(40.6062919, -73.9121664)"
4125,40.61667249,-73.98459436,"(40.61667249, -73.98459436)"
4126,40.72009265,-73.86612926,"(40.72009265, -73.86612926)"
4127,40.72006198,-73.86621475,"(40.72006198, -73.86621475)"
4128,40.59066387,-73.94288933,"(40.59066387, -73.94288933)"
4129,40.70189256,-73.89227457,"(40.70189256, -73.89227457)"
4130,40.73127827,-73.84885558,"(40.73127827, -73.84885558)"
4131,40.83697221,-73.84627191,"(40.83697221, -73.84627191)"
4132,40.61125227,-73.99092532,"(40.61125227, -73.99092532)"
4133,40.74277351,-73.71160263,"(40.74277351, -73.71160263)"
4134,40.74636136,-73.91894069,"(40.74636136, -73.91894069)"
4135,40.675279,-73.82033635,"(40.675279, -73.82033635)"
4136,40.72610902,-73.84660402,"(40.72610902, -73.84660402)"
4137,40.63164943,-73.89303074,"(40.63164943, -73.89303074)"
4138,40.88322565,-73.89575719,"(40.88322565, -73.89575719)"
4139,40.86001941,-73.85312802,"(40.86001941, -73.85312802)"
4140,40.5975082,-74.1656128,"(40.5975082, -74.1656128)"
4141,40.83510932,-73.85028744,"(40.83510932, -73.85028744)"
4142,40.67048878,-73.86627581,"(40.67048878, -73.86627581)"
4143,40.64151362,-74.11570689,"(40.64151362, -74.11570689)"
4144,40.83527496,-73.92285192,"(40.83527496, -73.92285192)"
4145,40.61610451,-73.90945533,"(40.61610451, -73.90945533)"
4146,40.85496409,-73.9115311,"(40.85496409, -73.9115311)"
4147,40.73817272,-74.00624541,"(40.73817272, -74.00624541)"
4148,40.60605666,-73.9123159,"(40.60605666, -73.9123159)"
4149,40.6059672,-73.91245435,"(40.6059672, -73.91245435)"
4150,40.5084716,-74.24452085,"(40.5084716, -74.24452085)"
4151,40.82135695,-73.92824779,"(40.82135695, -73.92824779)"
4152,40.69736926,-73.77191908,"(40.69736926, -73.77191908)"
4153,40.60520932,-73.96540476,"(40.60520932, -73.96540476)"
4154,40.87524575,-73.8517168,"(40.87524575, -73.8517168)"
4155,40.65821724,-73.95877683,"(40.65821724, -73.95877683)"
4156,40.84254864,-73.8451544,"(40.84254864, -73.8451544)"
4157,40.87099307,-73.85936616,"(40.87099307, -73.85936616)"
4158,40.84345206,-73.91291412,"(40.84345206, -73.91291412)"
4159,40.74114059,-73.8166347,"(40.74114059, -73.8166347)"
4160,40.62110103,-74.12907888,"(40.62110103, -74.12907888)"
4161,40.81980052,-73.81439694,"(40.81980052, -73.81439694)"
4162,40.73116393,-73.85057267,"(40.73116393, -73.85057267)"
4163,40.76812643,-73.9928331,"(40.76812643, -73.9928331)"
4164,40.61899167,-74.13832716,"(40.61899167, -74.13832716)"
4165,40.76171562,-73.79127801,"(40.76171562, -73.79127801)"
4166,40.73166855,-73.85110384,"(40.73166855, -73.85110384)"
4167,40.59133438,-73.94267194,"(40.59133438, -73.94267194)"
4168,40.74636614,-73.91690913,"(40.74636614, -73.91690913)"
4169,40.74461287,-73.87583471,"(40.74461287, -73.87583471)"
4170,40.85398459,-73.91513704,"(40.85398459, -73.91513704)"
4171,40.70491949,-73.92573727,"(40.70491949, -73.92573727)"
4172,40.83507457,-73.92297011,"(40.83507457, -73.92297011)"
4173,40.85574327,-73.91494307,"(40.85574327, -73.91494307)"
4174,40.64014373,-74.11545399,"(40.64014373, -74.11545399)"
4175,40.83714782,-73.84605673,"(40.83714782, -73.84605673)"
4176,40.74807066,-73.97188779,"(40.74807066, -73.97188779)"
4177,40.74780558,-73.70664311,"(40.74780558, -73.70664311)"
4178,40.83637062,-73.91132723,"(40.83637062, -73.91132723)"
4179,40.84561201,-73.83454504,"(40.84561201, -73.83454504)"
4180,40.82141015,-73.92822723,"(40.82141015, -73.92822723)"
4181,40.74383172,-73.82492367,"(40.74383172, -73.82492367)"
4182,40.76641822,-73.91521464,"(40.76641822, -73.91521464)"
4183,40.80754025,-73.94300697,"(40.80754025, -73.94300697)"
4184,40.75060231,-73.86729627,"(40.75060231, -73.86729627)"
4185,40.61485201,-73.95050915,"(40.61485201, -73.95050915)"
4186,40.77372794,-73.92068987,"(40.77372794, -73.92068987)"
4187,40.73159187,-73.84346169,"(40.73159187, -73.84346169)"
4188,40.61555722,-74.1280183,"(40.61555722, -74.1280183)"
4189,40.74036524,-73.918241,"(40.74036524, -73.918241)"
4190,40.69020219,-73.81729481,"(40.69020219, -73.81729481)"
4191,40.84302542,-73.90799258,"(40.84302542, -73.90799258)"
4192,40.62062172,-73.93184205,"(40.62062172, -73.93184205)"
4193,40.7444176,-73.83187216,"(40.7444176, -73.83187216)"
4194,40.75281584,-73.93518573,"(40.75281584, -73.93518573)"
4195,40.60721895,-73.97941894,"(40.60721895, -73.97941894)"
4196,40.61940019,-74.14204593,"(40.61940019, -74.14204593)"
4197,40.89673784,-73.89832345,"(40.89673784, -73.89832345)"
4198,40.74786307,-73.94565799,"(40.74786307, -73.94565799)"
4199,40.74468859,-73.87607251,"(40.74468859, -73.87607251)"
4200,40.60765732,-73.91128482,"(40.60765732, -73.91128482)"
4201,40.54995781,-74.2111359,"(40.54995781, -74.2111359)"
4202,40.54624424,-74.20077823,"(40.54624424, -74.20077823)"
4203,40.82973899,-73.87650761,"(40.82973899, -73.87650761)"
4204,40.68139036,-73.80966514,"(40.68139036, -73.80966514)"
4205,40.60614493,-73.9619269,"(40.60614493, -73.9619269)"
4206,40.84032188,-73.92017621,"(40.84032188, -73.92017621)"
4207,40.74313149,-73.82223978,"(40.74313149, -73.82223978)"
4208,40.65123137,-73.88398645,"(40.65123137, -73.88398645)"
4209,40.65132901,-73.88376003,"(40.65132901, -73.88376003)"
4210,40.63883635,-74.11521264,"(40.63883635, -74.11521264)"
4211,40.74804077,-73.97104444,"(40.74804077, -73.97104444)"
4212,40.83269115,-73.88006757,"(40.83269115, -73.88006757)"
4213,40.83255277,-73.8800353,"(40.83255277, -73.8800353)"
4214,40.80029988,-73.95790491,"(40.80029988, -73.95790491)"
4215,40.74587189,-73.9190391,"(40.74587189, -73.9190391)"
4216,40.60489675,-73.90986788,"(40.60489675, -73.90986788)"
4217,40.68114245,-73.81230185,"(40.68114245, -73.81230185)"
4218,40.69950697,-73.81440356,"(40.69950697, -73.81440356)"
4219,40.6064942,-73.91163876,"(40.6064942, -73.91163876)"
4220,40.72639411,-73.85505428,"(40.72639411, -73.85505428)"
4221,40.62977012,-73.9645519,"(40.62977012, -73.9645519)"
4222,40.8802443,-73.8525517,"(40.8802443, -73.8525517)"
4223,40.84385434,-73.90577048,"(40.84385434, -73.90577048)"
4224,40.87586891,-73.85899868,"(40.87586891, -73.85899868)"
4225,40.87286338,-73.8354359,"(40.87286338, -73.8354359)"
4226,40.74596892,-73.91522162,"(40.74596892, -73.91522162)"
4227,40.70245144,-73.88600874,"(40.70245144, -73.88600874)"
4228,40.58659846,-73.93568567,"(40.58659846, -73.93568567)"
4229,40.60630786,-73.99182736,"(40.60630786, -73.99182736)"
4230,40.84700799,-73.83436296,"(40.84700799, -73.83436296)"
4231,40.81084225,-73.96258675,"(40.81084225, -73.96258675)"
4232,40.6827727,-73.83729118,"(40.6827727, -73.83729118)"
4233,40.64550233,-73.9756247,"(40.64550233, -73.9756247)"
4234,40.87727031,-73.85804851,"(40.87727031, -73.85804851)"
4235,40.82967629,-73.87649297,"(40.82967629, -73.87649297)"
4236,40.88861313,-73.90302678,"(40.88861313, -73.90302678)"
4237,40.75020163,-73.8553567,"(40.75020163, -73.8553567)"
4238,40.72710852,-73.84873933,"(40.72710852, -73.84873933)"
4239,40.75006479,-73.85581415,"(40.75006479, -73.85581415)"
4240,40.6048336,-73.90996572,"(40.6048336, -73.90996572)"
4241,40.63429819,-73.90447052,"(40.63429819, -73.90447052)"
4242,40.50745114,-74.24440462,"(40.50745114, -74.24440462)"
4243,40.59134903,-73.94253648,"(40.59134903, -73.94253648)"
4244,40.6444802,-73.98209925,"(40.6444802, -73.98209925)"
4245,40.74728839,-73.82701557,"(40.74728839, -73.82701557)"
4246,40.65116159,-73.88414827,"(40.65116159, -73.88414827)"
4247,40.74144454,-73.81678493,"(40.74144454, -73.81678493)"
4248,40.63868142,-74.11518404,"(40.63868142, -74.11518404)"
4249,40.61360566,-73.98578315,"(40.61360566, -73.98578315)"
4250,40.74801608,-73.97110109,"(40.74801608, -73.97110109)"
4251,40.7462588,-73.91896131,"(40.7462588, -73.91896131)"
4252,40.8821027,-73.85836966,"(40.8821027, -73.85836966)"
4253,40.60656184,-73.91153407,"(40.60656184, -73.91153407)"
4254,40.63194191,-73.90291597,"(40.63194191, -73.90291597)"
4255,40.76136676,-73.89216991,"(40.76136676, -73.89216991)"
4256,40.8461987,-73.83446852,"(40.8461987, -73.83446852)"
4257,40.81847955,-73.81455863,"(40.81847955, -73.81455863)"
4258,40.74949231,-73.8276322,"(40.74949231, -73.8276322)"
4259,40.76791399,-73.99298877,"(40.76791399, -73.99298877)"
4260,40.604556,-73.91039583,"(40.604556, -73.91039583)"
4261,40.81653845,-73.81354687,"(40.81653845, -73.81354687)"
4262,40.61230112,-73.95096931,"(40.61230112, -73.95096931)"
4263,40.74275895,-73.82113925,"(40.74275895, -73.82113925)"
4264,40.76173964,-73.79215819,"(40.76173964, -73.79215819)"
4265,40.71645596,-73.75564981,"(40.71645596, -73.75564981)"
4266,40.64839396,-73.99960309,"(40.64839396, -73.99960309)"
4267,40.65359491,-73.92271141,"(40.65359491, -73.92271141)"
4268,40.84232616,-73.8784704,"(40.84232616, -73.8784704)"
4269,40.86058865,-73.8510933,"(40.86058865, -73.8510933)"
4270,40.55547954,-74.21441768,"(40.55547954, -74.21441768)"
4271,40.75441958,-73.93309592,"(40.75441958, -73.93309592)"
4272,40.74577856,-73.88004323,"(40.74577856, -73.88004323)"
4273,40.8446236,-73.90646485,"(40.8446236, -73.90646485)"
4274,40.74672227,-73.88241567,"(40.74672227, -73.88241567)"
4275,40.76591889,-73.99265765,"(40.76591889, -73.99265765)"
4276,40.7233628,-73.73303059,"(40.7233628, -73.73303059)"
4277,40.81103181,-73.96190493,"(40.81103181, -73.96190493)"
4278,40.85934195,-73.90931037,"(40.85934195, -73.90931037)"
4279,40.69071112,-73.80651879,"(40.69071112, -73.80651879)"
4280,40.76243793,-73.89308751,"(40.76243793, -73.89308751)"
4281,40.66349404,-73.83585068,"(40.66349404, -73.83585068)"
4282,40.61369435,-73.98592989,"(40.61369435, -73.98592989)"
4283,40.72941466,-73.84769159,"(40.72941466, -73.84769159)"
4284,40.70318949,-73.7560599,"(40.70318949, -73.7560599)"
4285,40.54447867,-74.21894974,"(40.54447867, -74.21894974)"
4286,40.62156909,-74.12533602,"(40.62156909, -74.12533602)"
4287,40.57795923,-74.11915445,"(40.57795923, -74.11915445)"
4288,40.70709603,-73.92438617,"(40.70709603, -73.92438617)"
4289,40.59919898,-73.97451231,"(40.59919898, -73.97451231)"
4290,40.74491462,-73.70722342,"(40.74491462, -73.70722342)"
4291,40.61569373,-73.93555565,"(40.61569373, -73.93555565)"
4292,40.88638099,-73.90483665,"(40.88638099, -73.90483665)"
4293,40.61194003,-74.09999273,"(40.61194003, -74.09999273)"
4294,40.75996757,-73.90678927,"(40.75996757, -73.90678927)"
4295,40.62328541,-74.01389731,"(40.62328541, -74.01389731)"
4296,40.63011153,-73.89594008,"(40.63011153, -73.89594008)"
4297,40.63158421,-74.03182309,"(40.63158421, -74.03182309)"
4298,40.63345208,-73.90588196,"(40.63345208, -73.90588196)"
4299,40.74308167,-73.82531986,"(40.74308167, -73.82531986)"
4300,40.83254123,-73.92496789,"(40.83254123, -73.92496789)"
4301,40.84477754,-73.94116371,"(40.84477754, -73.94116371)"
4302,40.7679635,-73.96587168,"(40.7679635, -73.96587168)"
4303,40.8459425,-73.83450194,"(40.8459425, -73.83450194)"
4304,40.84410152,-73.84572196,"(40.84410152, -73.84572196)"
4305,40.60615784,-73.91215932,"(40.60615784, -73.91215932)"
4306,40.5073444,-74.24436662,"(40.5073444, -74.24436662)"
4307,40.70387901,-73.92675455,"(40.70387901, -73.92675455)"
4308,40.76207577,-73.79084634,"(40.76207577, -73.79084634)"
4309,40.60901025,-73.90965432,"(40.60901025, -73.90965432)"
4310,40.74635356,-73.91679957,"(40.74635356, -73.91679957)"
4311,40.73213381,-73.84954265,"(40.73213381, -73.84954265)"
4312,40.87519806,-73.8516277,"(40.87519806, -73.8516277)"
4313,40.761673,-73.79298889,"(40.761673, -73.79298889)"
4314,40.60587816,-73.9911171,"(40.60587816, -73.9911171)"
4315,40.84711834,-73.83434857,"(40.84711834, -73.83434857)"
4316,40.8611217,-73.84832082,"(40.8611217, -73.84832082)"
4317,40.60797553,-73.9541844,"(40.60797553, -73.9541844)"
4318,40.86093997,-73.84962864,"(40.86093997, -73.84962864)"
4319,40.72269881,-73.73557312,"(40.72269881, -73.73557312)"
4320,40.63049286,-73.94151912,"(40.63049286, -73.94151912)"
4321,40.53641979,-74.14899702,"(40.53641979, -74.14899702)"
4322,40.87757035,-73.85899792,"(40.87757035, -73.85899792)"
4323,40.83887144,-73.84347412,"(40.83887144, -73.84347412)"
4324,40.60512897,-73.96538902,"(40.60512897, -73.96538902)"
4325,40.87531362,-73.85192947,"(40.87531362, -73.85192947)"
4326,40.87534808,-73.85203747,"(40.87534808, -73.85203747)"
4327,40.87769657,-73.82940956,"(40.87769657, -73.82940956)"
4328,40.61434612,-74.12502093,"(40.61434612, -74.12502093)"
4329,40.6162534,-74.1283989,"(40.6162534, -74.1283989)"
4330,40.733302,-73.84464569,"(40.733302, -73.84464569)"
4331,40.73338066,-73.84469705,"(40.73338066, -73.84469705)"
4332,40.71304621,-73.85047967,"(40.71304621, -73.85047967)"
4333,40.8611936,-73.84831871,"(40.8611936, -73.84831871)"
4334,40.87272326,-73.84500761,"(40.87272326, -73.84500761)"
4335,40.83022285,-73.87581063,"(40.83022285, -73.87581063)"
4336,40.74738394,-73.71458647,"(40.74738394, -73.71458647)"
4337,40.86519476,-73.847721,"(40.86519476, -73.847721)"
4338,40.73112426,-73.85070609,"(40.73112426, -73.85070609)"
4339,40.63448031,-73.90467159,"(40.63448031, -73.90467159)"
4340,40.70204629,-73.88773106,"(40.70204629, -73.88773106)"
4341,40.82983223,-73.87652938,"(40.82983223, -73.87652938)"
4342,40.74746461,-73.82698967,"(40.74746461, -73.82698967)"
4343,40.54157922,-74.14494989,"(40.54157922, -74.14494989)"
4344,40.61753498,-74.13776631,"(40.61753498, -74.13776631)"
4345,40.68298184,-73.94653819,"(40.68298184, -73.94653819)"
4346,40.61390118,-73.98326751,"(40.61390118, -73.98326751)"
4347,40.71298932,-73.85032349,"(40.71298932, -73.85032349)"
4348,40.68383015,-73.8378115,"(40.68383015, -73.8378115)"
4349,40.59545218,-74.1664953,"(40.59545218, -74.1664953)"
4350,40.83955442,-73.91224692,"(40.83955442, -73.91224692)"
4351,40.86519805,-73.84798128,"(40.86519805, -73.84798128)"
4352,40.76024005,-73.89489159,"(40.76024005, -73.89489159)"
4353,40.61179894,-73.99032742,"(40.61179894, -73.99032742)"
4354,40.72015094,-73.86596677,"(40.72015094, -73.86596677)"
4355,40.87587143,-73.84956754,"(40.87587143, -73.84956754)"
4356,40.73884078,-73.80811888,"(40.73884078, -73.80811888)"
4357,40.87528107,-73.85182747,"(40.87528107, -73.85182747)"
4358,40.63289471,-73.90397741,"(40.63289471, -73.90397741)"
4359,40.76165618,-73.79319853,"(40.76165618, -73.79319853)"
4360,40.6162334,-74.12865401,"(40.6162334, -74.12865401)"
4361,40.61364678,-73.9522217,"(40.61364678, -73.9522217)"
4362,40.61330892,-73.98510236,"(40.61330892, -73.98510236)"
4363,40.72209571,-73.86898337,"(40.72209571, -73.86898337)"
4364,40.74160943,-73.80644651,"(40.74160943, -73.80644651)"
4365,40.60636026,-74.00369043,"(40.60636026, -74.00369043)"
4366,40.74408563,-73.76582845,"(40.74408563, -73.76582845)"
4367,40.53211293,-74.22250586,"(40.53211293, -74.22250586)"
4368,40.75749829,-73.7894738,"(40.75749829, -73.7894738)"
4369,40.62098908,-74.12906386,"(40.62098908, -74.12906386)"
4370,40.6198366,-73.93272118,"(40.6198366, -73.93272118)"
4371,40.84583297,-73.83451622,"(40.84583297, -73.83451622)"
4372,40.62084163,-74.12904407,"(40.62084163, -74.12904407)"
4373,40.50800938,-74.24446846,"(40.50800938, -74.24446846)"
4374,40.61763754,-74.12768111,"(40.61763754, -74.12768111)"
4375,40.61499622,-74.12590465,"(40.61499622, -74.12590465)"
4376,40.78518829,-73.95784473,"(40.78518829, -73.95784473)"
4377,40.86291823,-73.85552091,"(40.86291823, -73.85552091)"
4378,40.60384861,-73.96889615,"(40.60384861, -73.96889615)"
4379,40.61128454,-74.14952056,"(40.61128454, -74.14952056)"
4380,40.78651911,-73.95687099,"(40.78651911, -73.95687099)"
4381,40.78760676,-73.95608448,"(40.78760676, -73.95608448)"
4382,40.70068044,-73.84211217,"(40.70068044, -73.84211217)"
4383,40.57002793,-74.1132939,"(40.57002793, -74.1132939)"
4384,40.74406292,-73.82301043,"(40.74406292, -73.82301043)"
4385,40.68819132,-73.84679064,"(40.68819132, -73.84679064)"
4386,40.74252289,-73.81842493,"(40.74252289, -73.81842493)"
4387,40.73654304,-73.92564487,"(40.73654304, -73.92564487)"
4388,40.72270418,-73.90043618,"(40.72270418, -73.90043618)"
4389,40.50775946,-74.24451437,"(40.50775946, -74.24451437)"
4390,40.5075714,-74.24444743,"(40.5075714, -74.24444743)"
4391,40.75840957,-73.99481823,"(40.75840957, -73.99481823)"
4392,40.7228272,-73.90101985,"(40.7228272, -73.90101985)"
4393,40.76272472,-73.79106366,"(40.76272472, -73.79106366)"
4394,40.84627108,-73.83445908,"(40.84627108, -73.83445908)"
4395,40.54162592,-74.1450082,"(40.54162592, -74.1450082)"
4396,40.68305945,-73.94585894,"(40.68305945, -73.94585894)"
4397,40.6349738,-73.95317584,"(40.6349738, -73.95317584)"
4398,40.61429471,-73.98391804,"(40.61429471, -73.98391804)"
4399,40.74746323,-73.82621977,"(40.74746323, -73.82621977)"
4400,40.78526573,-73.95782733,"(40.78526573, -73.95782733)"
4401,40.78538567,-73.95773957,"(40.78538567, -73.95773957)"
4402,40.54233322,-74.21741773,"(40.54233322, -74.21741773)"
4403,40.62193566,-74.12802171,"(40.62193566, -74.12802171)"
4404,40.77641555,-73.90640792,"(40.77641555, -73.90640792)"
4405,40.70496797,-73.87251712,"(40.70496797, -73.87251712)"
4406,40.62101976,-73.93166507,"(40.62101976, -73.93166507)"
4407,40.72432811,-73.90287082,"(40.72432811, -73.90287082)"
4408,40.73901541,-73.81024318,"(40.73901541, -73.81024318)"
4409,40.50723844,-74.24432891,"(40.50723844, -74.24432891)"
4410,40.73677791,-73.92750911,"(40.73677791, -73.92750911)"
4411,40.7371977,-73.9274252,"(40.7371977, -73.9274252)"
4412,40.58656018,-73.93600943,"(40.58656018, -73.93600943)"
4413,40.87401568,-73.84379239,"(40.87401568, -73.84379239)"
4414,40.65827236,-73.95787941,"(40.65827236, -73.95787941)"
4415,40.67269122,-73.82608281,"(40.67269122, -73.82608281)"
4416,40.74622039,-73.92276632,"(40.74622039, -73.92276632)"
4417,40.54961817,-74.22116097,"(40.54961817, -74.22116097)"
4418,40.71815236,-73.75280001,"(40.71815236, -73.75280001)"
4419,40.54224635,-74.20920387,"(40.54224635, -74.20920387)"
4420,40.62825682,-73.95615636,"(40.62825682, -73.95615636)"
4421,40.80531323,-73.9633646,"(40.80531323, -73.9633646)"
4422,40.77622196,-73.90613641,"(40.77622196, -73.90613641)"
4423,40.84731288,-73.86774248,"(40.84731288, -73.86774248)"
4424,40.6149832,-74.12606945,"(40.6149832, -74.12606945)"
4425,40.5416912,-74.20928302,"(40.5416912, -74.20928302)"
4426,40.53607672,-74.21708453,"(40.53607672, -74.21708453)"
4427,40.54769327,-74.20071188,"(40.54769327, -74.20071188)"
4428,40.76889191,-73.78003305,"(40.76889191, -73.78003305)"
4429,40.62364001,-74.13504427,"(40.62364001, -74.13504427)"
4430,40.61062496,-73.93879633,"(40.61062496, -73.93879633)"
4431,40.83387973,-73.84714586,"(40.83387973, -73.84714586)"
4432,40.87165002,-73.83547227,"(40.87165002, -73.83547227)"
4433,40.72680603,-73.84939638,"(40.72680603, -73.84939638)"
4434,40.85893301,-73.87057854,"(40.85893301, -73.87057854)"
4435,40.87344379,-73.83644764,"(40.87344379, -73.83644764)"
4436,40.87347577,-73.83634925,"(40.87347577, -73.83634925)"
4437,40.86040102,-73.84820918,"(40.86040102, -73.84820918)"
4438,40.74986244,-73.85649059,"(40.74986244, -73.85649059)"
4439,40.74981442,-73.85665113,"(40.74981442, -73.85665113)"
4440,40.65432747,-73.92323702,"(40.65432747, -73.92323702)"
4441,40.73306502,-73.84449097,"(40.73306502, -73.84449097)"
4442,40.81087374,-73.96266125,"(40.81087374, -73.96266125)"
4443,40.71295638,-73.85023304,"(40.71295638, -73.85023304)"
4444,40.7003952,-73.81092489,"(40.7003952, -73.81092489)"
4445,40.74551565,-73.91911073,"(40.74551565, -73.91911073)"
4446,40.66186543,-73.89531966,"(40.66186543, -73.89531966)"
4447,40.6981876,-73.84169547,"(40.6981876, -73.84169547)"
4448,40.61403719,-73.9864971,"(40.61403719, -73.9864971)"
4449,40.72592273,-73.85563009,"(40.72592273, -73.85563009)"
4450,40.62117828,-74.12884988,"(40.62117828, -74.12884988)"
4451,40.63227934,-73.90478911,"(40.63227934, -73.90478911)"
4452,40.54518734,-74.2137527,"(40.54518734, -74.2137527)"
4453,40.8822642,-73.82373924,"(40.8822642, -73.82373924)"
4454,40.74305969,-73.82509291,"(40.74305969, -73.82509291)"
4455,40.76593985,-73.91484721,"(40.76593985, -73.91484721)"
4456,40.60496273,-73.90976564,"(40.60496273, -73.90976564)"
4457,40.63397681,-73.9041157,"(40.63397681, -73.9041157)"
4458,40.60640509,-73.91177666,"(40.60640509, -73.91177666)"
4459,40.71918987,-73.75372462,"(40.71918987, -73.75372462)"
4460,40.66126849,-73.83761581,"(40.66126849, -73.83761581)"
4461,40.75838354,-73.99475673,"(40.75838354, -73.99475673)"
4462,40.83588094,-73.91355246,"(40.83588094, -73.91355246)"
4463,40.60652424,-73.99218503,"(40.60652424, -73.99218503)"
4464,40.68083239,-73.81287919,"(40.68083239, -73.81287919)"
4465,40.76283579,-73.79107938,"(40.76283579, -73.79107938)"
4466,40.65397932,-73.94687876,"(40.65397932, -73.94687876)"
4467,40.59962411,-73.97375913,"(40.59962411, -73.97375913)"
4468,40.8194873,-73.83785446,"(40.8194873, -73.83785446)"
4469,40.74649553,-73.92271113,"(40.74649553, -73.92271113)"
4470,40.74638048,-73.92273421,"(40.74638048, -73.92273421)"
4471,40.72834728,-73.85197495,"(40.72834728, -73.85197495)"
4472,40.65389833,-73.94607623,"(40.65389833, -73.94607623)"
4473,40.75382778,-73.87067715,"(40.75382778, -73.87067715)"
4474,40.87346321,-73.84058715,"(40.87346321, -73.84058715)"
4475,40.66385016,-73.94797349,"(40.66385016, -73.94797349)"
4476,40.67598233,-73.82203785,"(40.67598233, -73.82203785)"
4477,40.68427236,-73.8376968,"(40.68427236, -73.8376968)"
4478,40.62995269,-73.95849217,"(40.62995269, -73.95849217)"
4479,40.83053529,-73.87588338,"(40.83053529, -73.87588338)"
4480,40.87152466,-73.84761699,"(40.87152466, -73.84761699)"
4481,40.83724064,-73.84594299,"(40.83724064, -73.84594299)"
4482,40.68203936,-73.80998253,"(40.68203936, -73.80998253)"
4483,40.70030717,-73.81088204,"(40.70030717, -73.81088204)"
4484,40.69825402,-73.84172874,"(40.69825402, -73.84172874)"
4485,40.86787476,-73.84086581,"(40.86787476, -73.84086581)"
4486,40.81790258,-73.8143991,"(40.81790258, -73.8143991)"
4487,40.63204313,-73.90452527,"(40.63204313, -73.90452527)"
4488,40.60648577,-73.91186505,"(40.60648577, -73.91186505)"
4489,40.60658491,-73.91171093,"(40.60658491, -73.91171093)"
4490,40.67384188,-73.82572418,"(40.67384188, -73.82572418)"
4491,40.67366024,-73.82578055,"(40.67366024, -73.82578055)"
4492,40.83604632,-73.92455753,"(40.83604632, -73.92455753)"
4493,40.69602637,-73.95744758,"(40.69602637, -73.95744758)"
4494,40.67648984,-73.95453826,"(40.67648984, -73.95453826)"
4495,40.61493352,-73.95052447,"(40.61493352, -73.95052447)"
4496,40.75852877,-73.80994878,"(40.75852877, -73.80994878)"
4497,40.77447808,-73.90681194,"(40.77447808, -73.90681194)"
4498,40.74022632,-73.9182689,"(40.74022632, -73.9182689)"
4499,40.51092549,-74.23081897,"(40.51092549, -74.23081897)"
4500,40.7052371,-73.87262729,"(40.7052371, -73.87262729)"
4501,40.87592085,-73.85916054,"(40.87592085, -73.85916054)"
4502,40.75616602,-73.96174132,"(40.75616602, -73.96174132)"
4503,40.70292913,-73.88620565,"(40.70292913, -73.88620565)"
4504,40.62806875,-73.94331271,"(40.62806875, -73.94331271)"
4505,40.8721411,-73.83590292,"(40.8721411, -73.83590292)"
4506,40.61392385,-74.12735065,"(40.61392385, -74.12735065)"
4507,40.76206326,-73.8922973,"(40.76206326, -73.8922973)"
4508,40.84679085,-73.83439129,"(40.84679085, -73.83439129)"
4509,40.79364715,-73.80686893,"(40.79364715, -73.80686893)"
4510,40.68261462,-73.88574771,"(40.68261462, -73.88574771)"
4511,40.88376618,-73.8945353,"(40.88376618, -73.8945353)"
4512,40.82963099,-73.87662588,"(40.82963099, -73.87662588)"
4513,40.71886999,-73.74408593,"(40.71886999, -73.74408593)"
4514,40.63055118,-73.9338497,"(40.63055118, -73.9338497)"
4515,40.85804789,-73.86961135,"(40.85804789, -73.86961135)"
4516,40.81760285,-73.81570644,"(40.81760285, -73.81570644)"
4517,40.6146562,-74.1303301,"(40.6146562, -74.1303301)"
4518,40.53574449,-74.21731656,"(40.53574449, -74.21731656)"
4519,40.68253828,-73.83717584,"(40.68253828, -73.83717584)"
4520,40.77817067,-73.96257762,"(40.77817067, -73.96257762)"
4521,40.53468928,-74.21719686,"(40.53468928, -74.21719686)"
4522,40.81977608,-73.81404851,"(40.81977608, -73.81404851)"
4523,40.73140413,-73.84976479,"(40.73140413, -73.84976479)"
4524,40.76816659,-73.96572436,"(40.76816659, -73.96572436)"
4525,40.60630374,-73.91193351,"(40.60630374, -73.91193351)"
4526,40.82152734,-73.92818194,"(40.82152734, -73.92818194)"
4527,40.57453757,-73.84811007,"(40.57453757, -73.84811007)"
4528,40.87391237,-73.84373737,"(40.87391237, -73.84373737)"
4529,40.65819036,-73.9592144,"(40.65819036, -73.9592144)"
4530,40.63195951,-73.90443187,"(40.63195951, -73.90443187)"
4531,40.87421822,-73.84375292,"(40.87421822, -73.84375292)"
4532,40.7473924,-73.71446743,"(40.7473924, -73.71446743)"
4533,40.74519915,-73.91929871,"(40.74519915, -73.91929871)"
4534,40.78459004,-73.95828245,"(40.78459004, -73.95828245)"
4535,40.78567188,-73.95749091,"(40.78567188, -73.95749091)"
4536,40.78708093,-73.95650225,"(40.78708093, -73.95650225)"
4537,40.68422662,-73.83785603,"(40.68422662, -73.83785603)"
4538,40.7231699,-73.86992566,"(40.7231699, -73.86992566)"
4539,40.60359686,-73.96980038,"(40.60359686, -73.96980038)"
4540,40.8764651,-73.83010104,"(40.8764651, -73.83010104)"
4541,40.63071831,-73.96232066,"(40.63071831, -73.96232066)"
4542,40.8782711,-73.82841072,"(40.8782711, -73.82841072)"
4543,40.74039286,-73.81641355,"(40.74039286, -73.81641355)"
4544,40.61443703,-73.98415331,"(40.61443703, -73.98415331)"
4545,40.81856685,-73.81458277,"(40.81856685, -73.81458277)"
4546,40.64068462,-74.11555384,"(40.64068462, -74.11555384)"
4547,40.72591931,-73.84723906,"(40.72591931, -73.84723906)"
4548,40.61438294,-73.90785035,"(40.61438294, -73.90785035)"
4549,40.88192026,-73.82355099,"(40.88192026, -73.82355099)"
4550,40.7459988,-73.91913851,"(40.7459988, -73.91913851)"
4551,40.87718346,-73.8296847,"(40.87718346, -73.8296847)"
4552,40.78529959,-73.9577633,"(40.78529959, -73.9577633)"
4553,40.74085721,-73.82220427,"(40.74085721, -73.82220427)"
4554,40.78635955,-73.957027,"(40.78635955, -73.957027)"
4555,40.78780467,-73.95598106,"(40.78780467, -73.95598106)"
4556,40.61537677,-74.13170009,"(40.61537677, -74.13170009)"
4557,40.8085863,-73.96503074,"(40.8085863, -73.96503074)"
4558,40.68972088,-73.93359524,"(40.68972088, -73.93359524)"
4559,40.72972897,-73.85281089,"(40.72972897, -73.85281089)"
4560,40.5999408,-73.97359005,"(40.5999408, -73.97359005)"
4561,40.71105518,-73.84339136,"(40.71105518, -73.84339136)"
4562,40.62683432,-74.07784513,"(40.62683432, -74.07784513)"
4563,40.60815913,-74.06479079,"(40.60815913, -74.06479079)"
4564,40.70254247,-73.73832907,"(40.70254247, -73.73832907)"
4565,40.63209451,-73.95889104,"(40.63209451, -73.95889104)"
4566,40.80946025,-73.94147339,"(40.80946025, -73.94147339)"
4567,40.70938735,-73.73993568,"(40.70938735, -73.73993568)"
4568,40.62604643,-73.95406985,"(40.62604643, -73.95406985)"
4569,40.61344931,-74.12850383,"(40.61344931, -74.12850383)"
4570,40.72403266,-73.84878602,"(40.72403266, -73.84878602)"
4571,40.88815167,-73.90327686,"(40.88815167, -73.90327686)"
4572,40.7675661,-73.92096622,"(40.7675661, -73.92096622)"
4573,40.86062278,-73.85485781,"(40.86062278, -73.85485781)"
4574,40.66617425,-73.98696697,"(40.66617425, -73.98696697)"
4575,40.61691523,-73.93340448,"(40.61691523, -73.93340448)"
4576,40.83484569,-73.91002445,"(40.83484569, -73.91002445)"
4577,40.66526013,-73.83901302,"(40.66526013, -73.83901302)"
4578,40.61582112,-74.13779541,"(40.61582112, -74.13779541)"
4579,40.7331427,-73.84454169,"(40.7331427, -73.84454169)"
4580,40.71319695,-73.85089352,"(40.71319695, -73.85089352)"
4581,40.7454177,-73.91913042,"(40.7454177, -73.91913042)"
4582,40.76176195,-73.79187998,"(40.76176195, -73.79187998)"
4583,40.6161519,-74.12969381,"(40.6161519, -74.12969381)"
4584,40.74753444,-73.82697941,"(40.74753444, -73.82697941)"
4585,40.6127325,-73.98414112,"(40.6127325, -73.98414112)"
4586,40.8733454,-73.84554724,"(40.8733454, -73.84554724)"
4587,40.81814486,-73.81446609,"(40.81814486, -73.81446609)"
4588,40.84542588,-73.83524157,"(40.84542588, -73.83524157)"
4589,40.6066444,-73.91161846,"(40.6066444, -73.91161846)"
4590,40.74529629,-73.91927925,"(40.74529629, -73.91927925)"
4591,40.67359666,-73.82580027,"(40.67359666, -73.82580027)"
4592,40.53451164,-74.20375602,"(40.53451164, -74.20375602)"
4593,40.63693982,-74.08202318,"(40.63693982, -74.08202318)"
4594,40.72773274,-73.74618214,"(40.72773274, -73.74618214)"
4595,40.81653608,-73.81357815,"(40.81653608, -73.81357815)"
4596,40.87542212,-73.85226947,"(40.87542212, -73.85226947)"
4597,40.58658416,-73.93580664,"(40.58658416, -73.93580664)"
4598,40.7374567,-73.92354957,"(40.7374567, -73.92354957)"
4599,40.76193549,-73.79082664,"(40.76193549, -73.79082664)"
4600,40.7463367,-73.91665291,"(40.7463367, -73.91665291)"
4601,40.76028739,-73.90715834,"(40.76028739, -73.90715834)"
4602,40.8469012,-73.83437689,"(40.8469012, -73.83437689)"
4603,40.74159851,-73.82033481,"(40.74159851, -73.82033481)"
4604,40.74531731,-73.9191506,"(40.74531731, -73.9191506)"
4605,40.86788628,-73.84083061,"(40.86788628, -73.84083061)"
4606,40.6211652,-74.12901469,"(40.6211652, -74.12901469)"
4607,40.74059485,-73.81410397,"(40.74059485, -73.81410397)"
4608,40.64455938,-73.98189581,"(40.64455938, -73.98189581)"
4609,40.7472382,-73.82702295,"(40.7472382, -73.82702295)"
4610,40.74738878,-73.82700082,"(40.74738878, -73.82700082)"
4611,40.64077432,-74.1155704,"(40.64077432, -74.1155704)"
4612,40.88288874,-73.85255942,"(40.88288874, -73.85255942)"
4613,40.60660286,-73.95392649,"(40.60660286, -73.95392649)"
4614,40.67346844,-73.82584006,"(40.67346844, -73.82584006)"
4615,40.8769377,-73.82982615,"(40.8769377, -73.82982615)"
4616,40.8691306,-73.83637554,"(40.8691306, -73.83637554)"
4617,40.88266939,-73.89131926,"(40.88266939, -73.89131926)"
4618,40.76653934,-73.96083478,"(40.76653934, -73.96083478)"
4619,40.51096562,-74.23065153,"(40.51096562, -74.23065153)"
4620,40.73111879,-73.85037438,"(40.73111879, -73.85037438)"
4621,40.62330992,-73.9519757,"(40.62330992, -73.9519757)"
4622,40.86317342,-73.85289079,"(40.86317342, -73.85289079)"
4623,40.75297832,-73.93603413,"(40.75297832, -73.93603413)"
4624,40.54608096,-74.13922422,"(40.54608096, -74.13922422)"
4625,40.61257024,-73.98689033,"(40.61257024, -73.98689033)"
4626,40.72783242,-73.73767893,"(40.72783242, -73.73767893)"
4627,40.72779404,-73.73763804,"(40.72779404, -73.73763804)"
4628,40.67776093,-74.01723589,"(40.67776093, -74.01723589)"
4629,40.56016141,-74.16993601,"(40.56016141, -74.16993601)"
4630,40.87130365,-73.85015768,"(40.87130365, -73.85015768)"
4631,40.60637509,-73.90421372,"(40.60637509, -73.90421372)"
4632,40.7239799,-73.85094426,"(40.7239799, -73.85094426)"
4633,40.87285082,-73.84459661,"(40.87285082, -73.84459661)"
4634,40.81948118,-73.81485983,"(40.81948118, -73.81485983)"
4635,40.61385468,-73.98619515,"(40.61385468, -73.98619515)"
4636,40.62117231,-74.12892512,"(40.62117231, -74.12892512)"
4637,40.67345128,-73.82603249,"(40.67345128, -73.82603249)"
4638,40.74733957,-73.71524941,"(40.74733957, -73.71524941)"
4639,40.61747644,-74.15327498,"(40.61747644, -74.15327498)"
4640,40.7855529,-73.95757796,"(40.7855529, -73.95757796)"
4641,40.86291336,-73.85527141,"(40.86291336, -73.85527141)"
4642,40.74050936,-73.81515278,"(40.74050936, -73.81515278)"
4643,40.54628673,-74.15862991,"(40.54628673, -74.15862991)"
4644,40.87685801,-73.82987306,"(40.87685801, -73.82987306)"
4645,40.87670114,-73.8299654,"(40.87670114, -73.8299654)"
4646,40.6064188,-73.99069629,"(40.6064188, -73.99069629)"
4647,40.58692733,-73.80394887,"(40.58692733, -73.80394887)"
4648,40.70826028,-73.89874502,"(40.70826028, -73.89874502)"
4649,40.68443957,-73.73155917,"(40.68443957, -73.73155917)"
4650,40.84505466,-73.94224072,"(40.84505466, -73.94224072)"
4651,40.83273719,-73.91899446,"(40.83273719, -73.91899446)"
4652,40.62853967,-73.9780818,"(40.62853967, -73.9780818)"
4653,40.83686109,-73.82679153,"(40.83686109, -73.82679153)"
4654,40.65224082,-73.95564476,"(40.65224082, -73.95564476)"
4655,40.68432057,-73.96743861,"(40.68432057, -73.96743861)"
4656,40.62552388,-74.0324064,"(40.62552388, -74.0324064)"
4657,40.72461574,-73.94154875,"(40.72461574, -73.94154875)"
4658,40.74747839,-73.70526121,"(40.74747839, -73.70526121)"
4659,40.62468366,-73.9485065,"(40.62468366, -73.9485065)"
4660,40.76168959,-73.79278211,"(40.76168959, -73.79278211)"
4661,40.84803385,-73.85303405,"(40.84803385, -73.85303405)"
4662,40.74075548,-73.81517464,"(40.74075548, -73.81517464)"
4663,40.6336316,-73.90354354,"(40.6336316, -73.90354354)"
4664,40.63453173,-73.90453723,"(40.63453173, -73.90453723)"
4665,40.74516673,-73.91918088,"(40.74516673, -73.91918088)"
4666,40.66240721,-73.89546024,"(40.66240721, -73.89546024)"
4667,40.84553674,-73.83521368,"(40.84553674, -73.83521368)"
4668,40.63162088,-73.90405362,"(40.63162088, -73.90405362)"
4669,40.61226018,-74.15037399,"(40.61226018, -74.15037399)"
4670,40.73147783,-73.8491743,"(40.73147783, -73.8491743)"
4671,40.86291255,-73.85521502,"(40.86291255, -73.85521502)"
4672,40.61531595,-74.13923491,"(40.61531595, -74.13923491)"
4673,40.73148086,-73.8495067,"(40.73148086, -73.8495067)"
4674,40.726384,-73.84825951,"(40.726384, -73.84825951)"
4675,40.60920616,-74.13404128,"(40.60920616, -74.13404128)"
4676,40.60448541,-73.91050521,"(40.60448541, -73.91050521)"
4677,40.50813121,-74.24440543,"(40.50813121, -74.24440543)"
4678,40.88202498,-73.91235973,"(40.88202498, -73.91235973)"
4679,40.61222723,-73.95095526,"(40.61222723, -73.95095526)"
4680,40.60762042,-73.95310159,"(40.60762042, -73.95310159)"
4681,40.76170876,-73.89223246,"(40.76170876, -73.89223246)"
4682,40.7404634,-73.81662348,"(40.7404634, -73.81662348)"
4683,40.87344088,-73.84559884,"(40.87344088, -73.84559884)"
4684,40.71322942,-73.85098268,"(40.71322942, -73.85098268)"
4685,40.67343271,-73.82592712,"(40.67343271, -73.82592712)"
4686,40.84311907,-73.91939783,"(40.84311907, -73.91939783)"
4687,40.62376433,-74.12642049,"(40.62376433, -74.12642049)"
4688,40.69045147,-73.80682488,"(40.69045147, -73.80682488)"
4689,40.55437379,-74.15555217,"(40.55437379, -74.15555217)"
4690,40.86100041,-73.8527868,"(40.86100041, -73.8527868)"
4691,40.87030009,-73.83964518,"(40.87030009, -73.83964518)"
4692,40.87820266,-73.82865394,"(40.87820266, -73.82865394)"
4693,40.6160707,-73.93444318,"(40.6160707, -73.93444318)"
4694,40.76200158,-73.79080143,"(40.76200158, -73.79080143)"
4695,40.76507427,-73.76128436,"(40.76507427, -73.76128436)"
4696,40.60552692,-73.9618822,"(40.60552692, -73.9618822)"
4697,40.60266783,-73.97333518,"(40.60266783, -73.97333518)"
4698,40.54627754,-74.20862423,"(40.54627754, -74.20862423)"
4699,40.72657366,-73.85018266,"(40.72657366, -73.85018266)"
4700,40.8356342,-73.90956102,"(40.8356342, -73.90956102)"
4701,40.69803833,-73.84162071,"(40.69803833, -73.84162071)"
4702,40.62118426,-74.12877465,"(40.62118426, -74.12877465)"
4703,40.62118989,-74.12870371,"(40.62118989, -74.12870371)"
4704,40.88255566,-73.85150937,"(40.88255566, -73.85150937)"
4705,40.63169195,-73.90413301,"(40.63169195, -73.90413301)"
4706,40.60373972,-73.96982773,"(40.60373972, -73.96982773)"
4707,40.74866489,-73.82774943,"(40.74866489, -73.82774943)"
4708,40.7473759,-73.71470655,"(40.7473759, -73.71470655)"
4709,40.74736811,-73.71482303,"(40.74736811, -73.71482303)"
4710,40.90242458,-73.86765007,"(40.90242458, -73.86765007)"
4711,40.67390866,-73.82570346,"(40.67390866, -73.82570346)"
4712,40.73151159,-73.84906148,"(40.73151159, -73.84906148)"
4713,40.69063759,-73.93964949,"(40.69063759, -73.93964949)"
4714,40.78441849,-73.95844722,"(40.78441849, -73.95844722)"
4715,40.88051045,-73.84131468,"(40.88051045, -73.84131468)"
4716,40.85101331,-73.89236723,"(40.85101331, -73.89236723)"
4717,40.53868452,-74.20509941,"(40.53868452, -74.20509941)"
4718,40.69356612,-73.81201657,"(40.69356612, -73.81201657)"
4719,40.7409105,-73.82236426,"(40.7409105, -73.82236426)"
4720,40.7861569,-73.95713602,"(40.7861569, -73.95713602)"
4721,40.78663904,-73.95678324,"(40.78663904, -73.95678324)"
4722,40.78743389,-73.95624807,"(40.78743389, -73.95624807)"
4723,40.80860906,-73.96367578,"(40.80860906, -73.96367578)"
4724,40.60309765,-73.96970482,"(40.60309765, -73.96970482)"
4725,40.84513337,-73.83485705,"(40.84513337, -73.83485705)"
4726,40.73954674,-73.80658111,"(40.73954674, -73.80658111)"
4727,40.50296434,-74.25030604,"(40.50296434, -74.25030604)"
4728,40.64344416,-74.00445309,"(40.64344416, -74.00445309)"
4729,40.75384653,-73.93752567,"(40.75384653, -73.93752567)"
4730,40.56912332,-74.11429166,"(40.56912332, -74.11429166)"
4731,40.59728145,-74.16414759,"(40.59728145, -74.16414759)"
4732,40.605704,-73.97721866,"(40.605704, -73.97721866)"
4733,40.63151548,-73.94468273,"(40.63151548, -73.94468273)"
4734,40.71673371,-73.75174941,"(40.71673371, -73.75174941)"
4735,40.72734242,-73.84795538,"(40.72734242, -73.84795538)"
4736,40.7105388,-73.84170145,"(40.7105388, -73.84170145)"
4737,40.84244727,-73.87018075,"(40.84244727, -73.87018075)"
4738,40.73002616,-73.85405055,"(40.73002616, -73.85405055)"
4739,40.83741961,-73.84850781,"(40.83741961, -73.84850781)"
4740,40.79699271,-73.93579764,"(40.79699271, -73.93579764)"
4741,40.51414329,-74.25021747,"(40.51414329, -74.25021747)"
4742,40.52099429,-74.23380141,"(40.52099429, -74.23380141)"
4743,40.61323241,-73.95517841,"(40.61323241, -73.95517841)"
4744,40.5447218,-74.15015544,"(40.5447218, -74.15015544)"
4745,40.74628832,-73.70132511,"(40.74628832, -73.70132511)"
4746,40.74632607,-73.70132923,"(40.74632607, -73.70132923)"
4747,40.65569222,-73.83601372,"(40.65569222, -73.83601372)"
4748,40.62180191,-74.13844812,"(40.62180191, -74.13844812)"
4749,40.8678326,-73.86102864,"(40.8678326, -73.86102864)"
4750,40.6025327,-73.96520601,"(40.6025327, -73.96520601)"
4751,40.73582383,-74.00685218,"(40.73582383, -74.00685218)"
4752,40.81709946,-73.82124354,"(40.81709946, -73.82124354)"
4753,40.71725121,-73.74628788,"(40.71725121, -73.74628788)"
4754,40.72435943,-73.84768183,"(40.72435943, -73.84768183)"
4755,40.86025236,-73.85486967,"(40.86025236, -73.85486967)"
4756,40.74599376,-73.9142671,"(40.74599376, -73.9142671)"
4757,40.83495844,-73.90995806,"(40.83495844, -73.90995806)"
4758,40.7500447,-73.85588133,"(40.7500447, -73.85588133)"
4759,40.7496412,-73.85723016,"(40.7496412, -73.85723016)"
4760,40.7235118,-73.86929146,"(40.7235118, -73.86929146)"
4761,40.70145063,-73.89160629,"(40.70145063, -73.89160629)"
4762,40.58676816,-73.9413397,"(40.58676816, -73.9413397)"
4763,40.72042571,-73.7449202,"(40.72042571, -73.7449202)"
4764,40.74321405,-73.81486445,"(40.74321405, -73.81486445)"
4765,40.64595709,-73.97890113,"(40.64595709, -73.97890113)"
4766,40.86553602,-73.85653452,"(40.86553602, -73.85653452)"
4767,40.78590791,-73.9573182,"(40.78590791, -73.9573182)"
4768,40.69265607,-73.812295,"(40.69265607, -73.812295)"
4769,40.78716134,-73.95640524,"(40.78716134, -73.95640524)"
4770,40.57036531,-74.11298886,"(40.57036531, -74.11298886)"
4771,40.61588336,-73.96253424,"(40.61588336, -73.96253424)"
4772,40.80743731,-73.88111037,"(40.80743731, -73.88111037)"
4773,40.74443232,-73.70297653,"(40.74443232, -73.70297653)"
4774,40.70456226,-73.95196678,"(40.70456226, -73.95196678)"
4775,40.81527876,-73.9375727,"(40.81527876, -73.9375727)"
4776,40.54646223,-74.15823609,"(40.54646223, -74.15823609)"
4777,40.78122415,-73.81690856,"(40.78122415, -73.81690856)"
4778,40.8456841,-73.94142111,"(40.8456841, -73.94142111)"
4779,40.62209672,-74.12558802,"(40.62209672, -74.12558802)"
4780,40.62747996,-74.12532011,"(40.62747996, -74.12532011)"
4781,40.5370344,-74.2023794,"(40.5370344, -74.2023794)"
4782,40.87594265,-73.85922849,"(40.87594265, -73.85922849)"
4783,40.83110882,-73.87601692,"(40.83110882, -73.87601692)"
4784,40.70283956,-73.88616873,"(40.70283956, -73.88616873)"
4785,40.72195991,-73.90045505,"(40.72195991, -73.90045505)"
4786,40.62191437,-74.0116304,"(40.62191437, -74.0116304)"
4787,40.70976959,-73.9551705,"(40.70976959, -73.9551705)"
4788,40.6216118,-74.12478774,"(40.6216118, -74.12478774)"
4789,40.51556837,-74.21067938,"(40.51556837, -74.21067938)"
4790,40.76271712,-73.80749811,"(40.76271712, -73.80749811)"
4791,40.82938084,-73.87834113,"(40.82938084, -73.87834113)"
4792,40.86004345,-73.84097952,"(40.86004345, -73.84097952)"
4793,40.77596889,-73.90577544,"(40.77596889, -73.90577544)"
4794,40.61408495,-73.98657612,"(40.61408495, -73.98657612)"
4795,40.65319535,-73.94148612,"(40.65319535, -73.94148612)"
4796,40.72875778,-73.84835323,"(40.72875778, -73.84835323)"
4797,40.64259503,-74.10874486,"(40.64259503, -74.10874486)"
4798,40.86899392,-73.83630995,"(40.86899392, -73.83630995)"
4799,40.69042816,-73.94044166,"(40.69042816, -73.94044166)"
4800,40.74114261,-73.82306107,"(40.74114261, -73.82306107)"
4801,40.78622954,-73.95712212,"(40.78622954, -73.95712212)"
4802,40.86986251,-73.84145181,"(40.86986251, -73.84145181)"
4803,40.61443551,-73.90891054,"(40.61443551, -73.90891054)"
4804,40.61464233,-73.90914015,"(40.61464233, -73.90914015)"
4805,40.87817639,-73.82877765,"(40.87817639, -73.82877765)"
4806,40.57116569,-74.11241727,"(40.57116569, -74.11241727)"
4807,40.61507633,-73.90856763,"(40.61507633, -73.90856763)"
4808,40.74735935,-73.71495389,"(40.74735935, -73.71495389)"
4809,40.61747486,-74.15321018,"(40.61747486, -74.15321018)"
4810,40.73131941,-73.84970383,"(40.73131941, -73.84970383)"
4811,40.78434585,-73.95846111,"(40.78434585, -73.95846111)"
4812,40.78506979,-73.95793143,"(40.78506979, -73.95793143)"
4813,40.78594937,-73.95732712,"(40.78594937, -73.95732712)"
4814,40.87316983,-73.8574198,"(40.87316983, -73.8574198)"
4815,40.78683727,-73.95667771,"(40.78683727, -73.95667771)"
4816,40.78727595,-73.95636181,"(40.78727595, -73.95636181)"
4817,40.57029797,-74.11304974,"(40.57029797, -74.11304974)"
4818,40.60282007,-73.96965169,"(40.60282007, -73.96965169)"
4819,40.60388747,-73.96985601,"(40.60388747, -73.96985601)"
4820,40.61533259,-73.90859486,"(40.61533259, -73.90859486)"
4821,40.74019365,-73.81582072,"(40.74019365, -73.81582072)"
4822,40.74634572,-73.91673142,"(40.74634572, -73.91673142)"
4823,40.76172276,-73.79236856,"(40.76172276, -73.79236856)"
4824,40.6126753,-73.98404573,"(40.6126753, -73.98404573)"
4825,40.68308479,-73.94563716,"(40.68308479, -73.94563716)"
4826,40.68313486,-73.94519895,"(40.68313486, -73.94519895)"
4827,40.87339365,-73.84557332,"(40.87339365, -73.84557332)"
4828,40.86906535,-73.82653129,"(40.86906535, -73.82653129)"
4829,40.74862018,-73.94072656,"(40.74862018, -73.94072656)"
4830,40.70123039,-73.81147398,"(40.70123039, -73.81147398)"
4831,40.84531901,-73.83526955,"(40.84531901, -73.83526955)"
4832,40.84507485,-73.83533349,"(40.84507485, -73.83533349)"
4833,40.59831593,-73.95623934,"(40.59831593, -73.95623934)"
4834,40.72325234,-73.74496753,"(40.72325234, -73.74496753)"
4835,40.58862789,-73.94440116,"(40.58862789, -73.94440116)"
4836,40.58897574,-73.9425712,"(40.58897574, -73.9425712)"
4837,40.67362845,-73.95022846,"(40.67362845, -73.95022846)"
4838,40.63049771,-73.94167092,"(40.63049771, -73.94167092)"
4839,40.62897454,-73.95013776,"(40.62897454, -73.95013776)"
4840,40.67985791,-73.90330945,"(40.67985791, -73.90330945)"
4841,40.86828158,-73.83513328,"(40.86828158, -73.83513328)"
4842,40.78863582,-73.81967135,"(40.78863582, -73.81967135)"
4843,40.87161616,-73.83661338,"(40.87161616, -73.83661338)"
4844,40.8731639,-73.83558085,"(40.8731639, -73.83558085)"
4845,40.7534536,-73.72070079,"(40.7534536, -73.72070079)"
4846,40.76041934,-73.90744234,"(40.76041934, -73.90744234)"
4847,40.65595132,-73.74218462,"(40.65595132, -73.74218462)"
4848,40.90267566,-73.86789618,"(40.90267566, -73.86789618)"
4849,40.63470398,-73.90472739,"(40.63470398, -73.90472739)"
4850,40.71989044,-73.75329119,"(40.71989044, -73.75329119)"
4851,40.52681332,-74.21917507,"(40.52681332, -74.21917507)"
4852,40.61515813,-73.90865712,"(40.61515813, -73.90865712)"
4853,40.7403481,-73.81411955,"(40.7403481, -73.81411955)"
4854,40.54517583,-74.21385085,"(40.54517583, -74.21385085)"
4855,40.61650567,-74.14708353,"(40.61650567, -74.14708353)"
4856,40.87762469,-73.82963665,"(40.87762469, -73.82963665)"
4857,40.78429376,-73.95853848,"(40.78429376, -73.95853848)"
4858,40.78502394,-73.95800424,"(40.78502394, -73.95800424)"
4859,40.68535425,-73.96423962,"(40.68535425, -73.96423962)"
4860,40.67538795,-74.01730519,"(40.67538795, -74.01730519)"
4861,40.86380282,-73.91758504,"(40.86380282, -73.91758504)"
4862,40.8346661,-73.81761606,"(40.8346661, -73.81761606)"
4863,40.79452597,-73.93389416,"(40.79452597, -73.93389416)"
4864,40.55116105,-74.15084691,"(40.55116105, -74.15084691)"
4865,40.65557117,-73.83420732,"(40.65557117, -73.83420732)"
4866,40.8460396,-73.81710208,"(40.8460396, -73.81710208)"
4867,40.80674235,-73.95112966,"(40.80674235, -73.95112966)"
4868,40.59679067,-73.80075106,"(40.59679067, -73.80075106)"
4869,40.6079604,-73.96496539,"(40.6079604, -73.96496539)"
4870,40.66923525,-73.74378895,"(40.66923525, -73.74378895)"
4871,40.59050773,-73.99120369,"(40.59050773, -73.99120369)"
4872,40.84473923,-73.90869313,"(40.84473923, -73.90869313)"
4873,40.61468548,-74.13866427,"(40.61468548, -74.13866427)"
4874,40.83460942,-73.84141482,"(40.83460942, -73.84141482)"
4875,40.6144019,-73.98436646,"(40.6144019, -73.98436646)"
4876,40.61230224,-74.14672361,"(40.61230224, -74.14672361)"
4877,40.78647709,-73.95694099,"(40.78647709, -73.95694099)"
4878,40.78748638,-73.95617117,"(40.78748638, -73.95617117)"
4879,40.69230236,-73.94376289,"(40.69230236, -73.94376289)"
4880,40.69221525,-73.94452531,"(40.69221525, -73.94452531)"
4881,40.56996059,-74.11335478,"(40.56996059, -74.11335478)"
4882,40.61481935,-73.98910236,"(40.61481935, -73.98910236)"
4883,40.60397493,-73.96987275,"(40.60397493, -73.96987275)"
4884,40.86461537,-73.84633153,"(40.86461537, -73.84633153)"
4885,40.86435443,-73.84633973,"(40.86435443, -73.84633973)"
4886,40.63532422,-74.11135536,"(40.63532422, -74.11135536)"
4887,40.73108399,-73.85084152,"(40.73108399, -73.85084152)"
4888,40.60894877,-74.13401771,"(40.60894877, -74.13401771)"
4889,40.76802189,-73.99290971,"(40.76802189, -73.99290971)"
4890,40.63438663,-73.90456816,"(40.63438663, -73.90456816)"
4891,40.71814078,-73.75294195,"(40.71814078, -73.75294195)"
4892,40.73201386,-73.84994513,"(40.73201386, -73.84994513)"
4893,40.7617071,-73.79256385,"(40.7617071, -73.79256385)"
4894,40.5424126,-74.21323313,"(40.5424126, -74.21323313)"
4895,40.60235795,-74.01241345,"(40.60235795, -74.01241345)"
4896,40.87157661,-73.84764449,"(40.87157661, -73.84764449)"
4897,40.63918318,-74.01421513,"(40.63918318, -74.01421513)"
4898,40.50713064,-74.24429053,"(40.50713064, -74.24429053)"
4899,40.7870034,-73.95651897,"(40.7870034, -73.95651897)"
4900,40.87220397,-73.84594682,"(40.87220397, -73.84594682)"
4901,40.61315278,-74.14920115,"(40.61315278, -74.14920115)"
4902,40.6028211,-74.00795615,"(40.6028211, -74.00795615)"
4903,40.80927712,-73.96318908,"(40.80927712, -73.96318908)"
4904,40.60324975,-73.96973394,"(40.60324975, -73.96973394)"
4905,40.60591537,-73.91253456,"(40.60591537, -73.91253456)"
4906,40.72652652,-73.84778074,"(40.72652652, -73.84778074)"
4907,40.57036757,-74.11316007,"(40.57036757, -74.11316007)"
4908,40.6935306,-73.82003354,"(40.6935306, -73.82003354)"
4909,40.60298333,-73.97329088,"(40.60298333, -73.97329088)"
4910,40.54459777,-74.20154014,"(40.54459777, -74.20154014)"
4911,40.78615287,-73.8221566,"(40.78615287, -73.8221566)"
4912,40.60358182,-73.96992357,"(40.60358182, -73.96992357)"
4913,40.74247363,-73.81827917,"(40.74247363, -73.81827917)"
4914,40.60573326,-73.9128164,"(40.60573326, -73.9128164)"
4915,40.80979918,-73.96280874,"(40.80979918, -73.96280874)"
4916,40.61243196,-73.90628712,"(40.61243196, -73.90628712)"
4917,40.74577575,-73.91918319,"(40.74577575, -73.91918319)"
4918,40.70249177,-73.88602537,"(40.70249177, -73.88602537)"
4919,40.74134297,-73.81692311,"(40.74134297, -73.81692311)"
4920,40.6894297,-73.93609896,"(40.6894297, -73.93609896)"
4921,40.74072807,-73.81706662,"(40.74072807, -73.81706662)"
4922,40.60044219,-73.97352002,"(40.60044219, -73.97352002)"
4923,40.60196967,-73.95203142,"(40.60196967, -73.95203142)"
4924,40.70686535,-73.92064629,"(40.70686535, -73.92064629)"
4925,40.63514223,-73.95320775,"(40.63514223, -73.95320775)"
4926,40.63221245,-73.90471439,"(40.63221245, -73.90471439)"
4927,40.61486805,-73.90833974,"(40.61486805, -73.90833974)"
4928,40.74937005,-73.82764952,"(40.74937005, -73.82764952)"
4929,40.54519556,-74.21368264,"(40.54519556, -74.21368264)"
4930,40.90239717,-73.86790436,"(40.90239717, -73.86790436)"
4931,40.78515299,-73.95790981,"(40.78515299, -73.95790981)"
4932,40.78692106,-73.95657827,"(40.78692106, -73.95657827)"
4933,40.61215012,-73.90775695,"(40.61215012, -73.90775695)"
4934,40.81755433,-73.81848514,"(40.81755433, -73.81848514)"
4935,40.71973791,-73.94661854,"(40.71973791, -73.94661854)"
4936,40.76227494,-73.86209716,"(40.76227494, -73.86209716)"
4937,40.61150651,-73.9084825,"(40.61150651, -73.9084825)"
4938,40.56274111,-74.10935701,"(40.56274111, -74.10935701)"
4939,40.59141077,-73.94326241,"(40.59141077, -73.94326241)"
4940,40.557588,-74.14148204,"(40.557588, -74.14148204)"
4941,40.71494702,-73.85567795,"(40.71494702, -73.85567795)"
4942,40.64691731,-73.9453344,"(40.64691731, -73.9453344)"
4943,40.62028304,-73.93180571,"(40.62028304, -73.93180571)"
4944,40.74441271,-73.71993447,"(40.74441271, -73.71993447)"
4945,40.63422845,-73.90439353,"(40.63422845, -73.90439353)"
4946,40.63388417,-73.90401343,"(40.63388417, -73.90401343)"
4947,40.69963046,-73.81397563,"(40.69963046, -73.81397563)"
4948,40.60593461,-73.9050119,"(40.60593461, -73.9050119)"
4949,40.58654714,-73.93611973,"(40.58654714, -73.93611973)"
4950,40.63185046,-73.90281409,"(40.63185046, -73.90281409)"
4951,40.61424556,-73.98191843,"(40.61424556, -73.98191843)"
4952,40.73235696,-73.72222828,"(40.73235696, -73.72222828)"
4953,40.73236446,-73.72228882,"(40.73236446, -73.72228882)"
4954,40.7873117,-73.97810833,"(40.7873117, -73.97810833)"
4955,40.63046218,-73.9701962,"(40.63046218, -73.9701962)"
4956,40.87678693,-73.8538195,"(40.87678693, -73.8538195)"
4957,40.60123674,-73.97353196,"(40.60123674, -73.97353196)"
4958,40.63126263,-73.89722486,"(40.63126263, -73.89722486)"
4959,40.78869627,-73.81998171,"(40.78869627, -73.81998171)"
4960,40.74543496,-73.91532897,"(40.74543496, -73.91532897)"
4961,40.6136859,-74.13952954,"(40.6136859, -74.13952954)"
4962,40.68977363,-73.93960117,"(40.68977363, -73.93960117)"
4963,40.63282482,-73.90389954,"(40.63282482, -73.90389954)"
4964,40.69965844,-73.8136505,"(40.69965844, -73.8136505)"
4965,40.84796585,-73.85298096,"(40.84796585, -73.85298096)"
4966,40.61543877,-74.12955386,"(40.61543877, -74.12955386)"
4967,40.78494986,-73.95801919,"(40.78494986, -73.95801919)"
4968,40.65074193,-73.95592914,"(40.65074193, -73.95592914)"
4969,40.84407029,-73.90495989,"(40.84407029, -73.90495989)"
4970,40.63067606,-73.96271525,"(40.63067606, -73.96271525)"
4971,40.75342499,-73.92891642,"(40.75342499, -73.92891642)"
4972,40.61735907,-74.14966372,"(40.61735907, -74.14966372)"
4973,40.67588036,-73.82206988,"(40.67588036, -73.82206988)"
4974,40.61849798,-74.13245785,"(40.61849798, -74.13245785)"
4975,40.60876777,-73.95409486,"(40.60876777, -73.95409486)"
4976,40.72155279,-73.90039685,"(40.72155279, -73.90039685)"
4977,40.68969659,-73.93380412,"(40.68969659, -73.93380412)"
4978,40.76728174,-73.92396897,"(40.76728174, -73.92396897)"
4979,40.60015615,-73.97355997,"(40.60015615, -73.97355997)"
4980,40.83965632,-73.90924359,"(40.83965632, -73.90924359)"
4981,40.60177566,-73.95199503,"(40.60177566, -73.95199503)"
4982,40.59541395,-74.16633291,"(40.59541395, -74.16633291)"
4983,40.70114275,-73.81143081,"(40.70114275, -73.81143081)"
4984,40.63213719,-73.90463034,"(40.63213719, -73.90463034)"
4985,40.61470057,-73.90816766,"(40.61470057, -73.90816766)"
4986,40.61635721,-74.14710454,"(40.61635721, -74.14710454)"
4987,40.87772414,-73.82964441,"(40.87772414, -73.82964441)"
4988,40.87662311,-73.8300103,"(40.87662311, -73.8300103)"
4989,40.60873361,-73.90364911,"(40.60873361, -73.90364911)"
4990,40.60582662,-73.91267191,"(40.60582662, -73.91267191)"
4991,40.72645721,-73.84801357,"(40.72645721, -73.84801357)"
4992,40.74376582,-73.89893028,"(40.74376582, -73.89893028)"
4993,40.74715996,-73.77716064,"(40.74715996, -73.77716064)"
4994,40.87082801,-73.85951102,"(40.87082801, -73.85951102)"
4995,40.71741584,-73.75308641,"(40.71741584, -73.75308641)"
4996,40.72791004,-73.73776163,"(40.72791004, -73.73776163)"
4997,40.70734171,-73.92122458,"(40.70734171, -73.92122458)"
4998,40.80897665,-73.94060024,"(40.80897665, -73.94060024)"
4999,40.76554622,-73.76129331,"(40.76554622, -73.76129331)"
5000,40.62509298,-74.15509091,"(40.62509298, -74.15509091)"
5001,40.77636285,-73.90609575,"(40.77636285, -73.90609575)"
5002,40.83363998,-73.84329449,"(40.83363998, -73.84329449)"
5003,40.81190306,-73.84624941,"(40.81190306, -73.84624941)"
5004,40.71850643,-73.74152473,"(40.71850643, -73.74152473)"
5005,40.74650197,-73.92097231,"(40.74650197, -73.92097231)"
5006,40.760243,-73.89631097,"(40.760243, -73.89631097)"
5007,40.60400347,-73.95299716,"(40.60400347, -73.95299716)"
5008,40.54634187,-74.20088543,"(40.54634187, -74.20088543)"
5009,40.73831489,-73.85201358,"(40.73831489, -73.85201358)"
5010,40.86284442,-73.85680589,"(40.86284442, -73.85680589)"
5011,40.75654838,-73.79381539,"(40.75654838, -73.79381539)"
5012,40.61560525,-73.93652608,"(40.61560525, -73.93652608)"
5013,40.74953334,-73.79879428,"(40.74953334, -73.79879428)"
5014,40.81455689,-73.89428257,"(40.81455689, -73.89428257)"
5015,40.87516855,-73.88337014,"(40.87516855, -73.88337014)"
5016,40.82227295,-73.86134062,"(40.82227295, -73.86134062)"
5017,40.83414403,-73.91838699,"(40.83414403, -73.91838699)"
5018,40.88805714,-73.82009444,"(40.88805714, -73.82009444)"
5019,40.50471072,-74.23798918,"(40.50471072, -74.23798918)"
5020,40.74848142,-73.82792568,"(40.74848142, -73.82792568)"
5021,40.88242981,-73.82383946,"(40.88242981, -73.82383946)"
5022,40.74748761,-73.7140821,"(40.74748761, -73.7140821)"
5023,40.6174705,-74.15303161,"(40.6174705, -74.15303161)"
5024,40.78543056,-73.95766747,"(40.78543056, -73.95766747)"
5025,40.74102105,-73.82269614,"(40.74102105, -73.82269614)"
5026,40.78613839,-73.95718882,"(40.78613839, -73.95718882)"
5027,40.87813101,-73.82915509,"(40.87813101, -73.82915509)"
5028,40.74974368,-73.85688758,"(40.74974368, -73.85688758)"
5029,40.60071736,-73.97534937,"(40.60071736, -73.97534937)"
5030,40.86485629,-73.84632396,"(40.86485629, -73.84632396)"
5031,40.54322532,-74.20384694,"(40.54322532, -74.20384694)"
5032,40.73940979,-73.80740278,"(40.73940979, -73.80740278)"
5033,40.75300643,-73.93070301,"(40.75300643, -73.93070301)"
5034,40.74961427,-73.85732017,"(40.74961427, -73.85732017)"
5035,40.61476312,-73.98900917,"(40.61476312, -73.98900917)"
5036,40.86441617,-73.84633779,"(40.86441617, -73.84633779)"
5037,40.5714886,-74.11212591,"(40.5714886, -74.11212591)"
5038,40.7233266,-73.73319334,"(40.7233266, -73.73319334)"
5039,40.74322257,-73.72122649,"(40.74322257, -73.72122649)"
5040,40.61872272,-74.1383991,"(40.61872272, -74.1383991)"
5041,40.65816073,-73.83513026,"(40.65816073, -73.83513026)"
5042,40.71341382,-73.85148894,"(40.71341382, -73.85148894)"
5043,40.88405253,-73.85681986,"(40.88405253, -73.85681986)"
5044,40.88413586,-73.8570797,"(40.88413586, -73.8570797)"
5045,40.55138725,-74.21193647,"(40.55138725, -74.21193647)"
5046,40.54466323,-74.21723746,"(40.54466323, -74.21723746)"
5047,40.72895555,-73.85282316,"(40.72895555, -73.85282316)"
5048,40.54907906,-74.15354616,"(40.54907906, -74.15354616)"
5049,40.54736002,-74.21704271,"(40.54736002, -74.21704271)"
5050,40.59695254,-74.16613354,"(40.59695254, -74.16613354)"
5051,40.84809728,-73.85417884,"(40.84809728, -73.85417884)"
5052,40.54336114,-74.20390207,"(40.54336114, -74.20390207)"
5053,40.54380216,-74.2040811,"(40.54380216, -74.2040811)"
5054,40.51330554,-74.23534649,"(40.51330554, -74.23534649)"
5055,40.80178133,-73.94688497,"(40.80178133, -73.94688497)"
5056,40.8354074,-73.91715801,"(40.8354074, -73.91715801)"
5057,40.61877188,-74.13758512,"(40.61877188, -74.13758512)"
5058,40.8428984,-73.87809411,"(40.8428984, -73.87809411)"
5059,40.84486437,-73.83519784,"(40.84486437, -73.83519784)"
5060,40.58685758,-73.93358509,"(40.58685758, -73.93358509)"
5061,40.74249525,-73.81834315,"(40.74249525, -73.81834315)"
5062,40.75070213,-73.77791256,"(40.75070213, -73.77791256)"
5063,40.60548973,-73.91319328,"(40.60548973, -73.91319328)"
5064,40.60648403,-73.990804,"(40.60648403, -73.990804)"
5065,40.5436042,-74.20960006,"(40.5436042, -74.20960006)"
5066,40.61028219,-73.97903678,"(40.61028219, -73.97903678)"
5067,40.8047645,-73.95034771,"(40.8047645, -73.95034771)"
5068,40.65818128,-73.83498864,"(40.65818128, -73.83498864)"
5069,40.63159689,-73.9625049,"(40.63159689, -73.9625049)"
5070,40.61421876,-74.13952921,"(40.61421876, -74.13952921)"
5071,40.60423854,-73.96425569,"(40.60423854, -73.96425569)"
5072,40.90241006,-73.86778473,"(40.90241006, -73.86778473)"
5073,40.83846642,-73.90902941,"(40.83846642, -73.90902941)"
5074,40.78454035,-73.95835806,"(40.78454035, -73.95835806)"
5075,40.86111654,-73.85172529,"(40.86111654, -73.85172529)"
5076,40.83903722,-73.84094494,"(40.83903722, -73.84094494)"
5077,40.54067049,-74.15479403,"(40.54067049, -74.15479403)"
5078,40.5405946,-74.15471919,"(40.5405946, -74.15471919)"
5079,40.73321194,-73.8470831,"(40.73321194, -73.8470831)"
5080,40.83459413,-73.91017257,"(40.83459413, -73.91017257)"
5081,40.73500977,-73.79086953,"(40.73500977, -73.79086953)"
5082,40.64124151,-74.11320541,"(40.64124151, -74.11320541)"
5083,40.5374292,-74.22264329,"(40.5374292, -74.22264329)"
5084,40.87034662,-73.8593872,"(40.87034662, -73.8593872)"
5085,40.54450731,-74.20192528,"(40.54450731, -74.20192528)"
5086,40.66263189,-73.83933746,"(40.66263189, -73.83933746)"
5087,40.60723421,-73.9119426,"(40.60723421, -73.9119426)"
5088,40.55396876,-74.1534736,"(40.55396876, -74.1534736)"
5089,40.78983069,-73.80764874,"(40.78983069, -73.80764874)"
5090,40.64988442,-73.94664897,"(40.64988442, -73.94664897)"
5091,40.84534314,-73.83288836,"(40.84534314, -73.83288836)"
5092,40.66220154,-73.8433884,"(40.66220154, -73.8433884)"
5093,40.53622135,-74.15577919,"(40.53622135, -74.15577919)"
5094,40.83510176,-73.90987367,"(40.83510176, -73.90987367)"
5095,40.60774735,-73.95707842,"(40.60774735, -73.95707842)"
5096,40.76421996,-73.87607075,"(40.76421996, -73.87607075)"
5097,40.53750721,-74.22190087,"(40.53750721, -74.22190087)"
5098,40.74732845,-73.71541551,"(40.74732845, -73.71541551)"
5099,40.87734538,-73.82963428,"(40.87734538, -73.82963428)"
5100,40.87139828,-73.84372233,"(40.87139828, -73.84372233)"
5101,40.73974958,-73.8065673,"(40.73974958, -73.8065673)"
5102,40.75625095,-73.79110157,"(40.75625095, -73.79110157)"
5103,40.83886404,-73.91069901,"(40.83886404, -73.91069901)"
5104,40.72178798,-73.90030418,"(40.72178798, -73.90030418)"
5105,40.72132906,-73.90023806,"(40.72132906, -73.90023806)"
5106,40.5385632,-74.2177399,"(40.5385632, -74.2177399)"
5107,40.8486299,-73.85483888,"(40.8486299, -73.85483888)"
5108,40.62536337,-74.1517277,"(40.62536337, -74.1517277)"
5109,40.61943864,-73.90086424,"(40.61943864, -73.90086424)"
5110,40.53628139,-74.20206398,"(40.53628139, -74.20206398)"
5111,40.60781686,-73.95415459,"(40.60781686, -73.95415459)"
5112,40.63178184,-73.9042334,"(40.63178184, -73.9042334)"
5113,40.87803677,-73.82966879,"(40.87803677, -73.82966879)"
5114,40.78579037,-73.9574042,"(40.78579037, -73.9574042)"
5115,40.78699907,-73.9565612,"(40.78699907, -73.9565612)"
5116,40.61487366,-73.90939699,"(40.61487366, -73.90939699)"
5117,40.8304082,-73.88061807,"(40.8304082, -73.88061807)"
5118,40.72901052,-73.85263757,"(40.72901052, -73.85263757)"
5119,40.6034491,-73.9697721,"(40.6034491, -73.9697721)"
5120,40.60351049,-73.96978385,"(40.60351049, -73.96978385)"
5121,40.54056828,-74.15469324,"(40.54056828, -74.15469324)"
5122,40.61275801,-74.15008051,"(40.61275801, -74.15008051)"
5123,40.61504166,-74.13930849,"(40.61504166, -74.13930849)"
5124,40.87357595,-73.85740852,"(40.87357595, -73.85740852)"
5125,40.73897584,-73.81193743,"(40.73897584, -73.81193743)"
5126,40.60313535,-73.97326953,"(40.60313535, -73.97326953)"
5127,40.60509177,-73.97628383,"(40.60509177, -73.97628383)"
5128,40.61297596,-74.15002291,"(40.61297596, -74.15002291)"
5129,40.6143586,-74.1394917,"(40.6143586, -74.1394917)"
5130,40.60601059,-73.99133598,"(40.60601059, -73.99133598)"
5131,40.61070701,-74.14967992,"(40.61070701, -74.14967992)"
5132,40.60315006,-73.96310519,"(40.60315006, -73.96310519)"
5133,40.74573812,-73.77633781,"(40.74573812, -73.77633781)"
5134,40.74095033,-73.81606428,"(40.74095033, -73.81606428)"
5135,40.61631866,-74.13189428,"(40.61631866, -74.13189428)"
5136,40.70731328,-73.94269235,"(40.70731328, -73.94269235)"
5137,40.62081431,-73.93186272,"(40.62081431, -73.93186272)"
5138,40.75341355,-73.92816258,"(40.75341355, -73.92816258)"
5139,40.70051224,-73.81086951,"(40.70051224, -73.81086951)"
5140,40.8343509,-73.90992363,"(40.8343509, -73.90992363)"
5141,40.87227747,-73.83611783,"(40.87227747, -73.83611783)"
5142,40.81498717,-73.8469718,"(40.81498717, -73.8469718)"
5143,40.60699402,-73.95185404,"(40.60699402, -73.95185404)"
5144,40.84264508,-73.8446866,"(40.84264508, -73.8446866)"
5145,40.87450424,-73.85823279,"(40.87450424, -73.85823279)"
5146,40.88438839,-73.85786722,"(40.88438839, -73.85786722)"
5147,40.87338556,-73.83568775,"(40.87338556, -73.83568775)"
5148,40.66042224,-73.83814004,"(40.66042224, -73.83814004)"
5149,40.5428167,-74.1972506,"(40.5428167, -74.1972506)"
5150,40.76422992,-73.87597635,"(40.76422992, -73.87597635)"
5151,40.69349102,-73.81197492,"(40.69349102, -73.81197492)"
5152,40.78719794,-73.95641799,"(40.78719794, -73.95641799)"
5153,40.87541421,-73.8445317,"(40.87541421, -73.8445317)"
5154,40.86698887,-73.90365948,"(40.86698887, -73.90365948)"
5155,40.65603798,-73.95437347,"(40.65603798, -73.95437347)"
5156,40.8723065,-73.83694587,"(40.8723065, -73.83694587)"
5157,40.71070272,-73.84214619,"(40.71070272, -73.84214619)"
5158,40.61663296,-73.91004427,"(40.61663296, -73.91004427)"
5159,40.62012922,-74.12555072,"(40.62012922, -74.12555072)"
5160,40.60643189,-73.95682984,"(40.60643189, -73.95682984)"
5161,40.87758728,-73.84471027,"(40.87758728, -73.84471027)"
5162,40.73127822,-73.8498415,"(40.73127822, -73.8498415)"
5163,40.87687838,-73.85832445,"(40.87687838, -73.85832445)"
5164,40.69971896,-73.84247218,"(40.69971896, -73.84247218)"
5165,40.68302906,-73.94612494,"(40.68302906, -73.94612494)"
5166,40.81079823,-73.96248256,"(40.81079823, -73.96248256)"
5167,40.74042148,-73.81649871,"(40.74042148, -73.81649871)"
5168,40.6145971,-73.90806298,"(40.6145971, -73.90806298)"
5169,40.61747758,-74.15332178,"(40.61747758, -74.15332178)"
5170,40.78768429,-73.95606776,"(40.78768429, -73.95606776)"
5171,40.61471201,-73.98892445,"(40.61471201, -73.98892445)"
5172,40.61101174,-74.13504807,"(40.61101174, -74.13504807)"
5173,40.70147085,-73.83649776,"(40.70147085, -73.83649776)"
5174,40.74971795,-73.86677804,"(40.74971795, -73.86677804)"
5175,40.8729551,-73.8502692,"(40.8729551, -73.8502692)"
5176,40.52367804,-74.22074222,"(40.52367804, -74.22074222)"
5177,40.71425538,-73.75545778,"(40.71425538, -73.75545778)"
5178,40.70296083,-73.88716206,"(40.70296083, -73.88716206)"
5179,40.5895816,-73.93490133,"(40.5895816, -73.93490133)"
5180,40.68108656,-73.81199666,"(40.68108656, -73.81199666)"
5181,40.66090741,-73.83826256,"(40.66090741, -73.83826256)"
5182,40.82697873,-73.82663188,"(40.82697873, -73.82663188)"
5183,40.54225982,-74.19701431,"(40.54225982, -74.19701431)"
5184,40.84415667,-73.90574379,"(40.84415667, -73.90574379)"
5185,40.88209098,-73.85799695,"(40.88209098, -73.85799695)"
5186,40.69976109,-73.84249301,"(40.69976109, -73.84249301)"
5187,40.70326077,-73.75982656,"(40.70326077, -73.75982656)"
5188,40.53094918,-74.18944637,"(40.53094918, -74.18944637)"
5189,40.716119,-73.75155058,"(40.716119, -73.75155058)"
5190,40.74901392,-73.82676658,"(40.74901392, -73.82676658)"
5191,40.60161651,-73.96585872,"(40.60161651, -73.96585872)"
5192,40.87154768,-73.84353613,"(40.87154768, -73.84353613)"
5193,40.87145672,-73.84350144,"(40.87145672, -73.84350144)"
5194,40.73322186,-73.84459337,"(40.73322186, -73.84459337)"
5195,40.73346768,-73.84475386,"(40.73346768, -73.84475386)"
5196,40.71301421,-73.85039182,"(40.71301421, -73.85039182)"
5197,40.6338507,-73.90378541,"(40.6338507, -73.90378541)"
5198,40.63419731,-73.90416804,"(40.63419731, -73.90416804)"
5199,40.74860594,-73.82775778,"(40.74860594, -73.82775778)"
5200,40.843663,-73.93659042,"(40.843663, -73.93659042)"
5201,40.61932615,-73.90073925,"(40.61932615, -73.90073925)"
5202,40.66208516,-73.89537667,"(40.66208516, -73.89537667)"
5203,40.61792975,-74.13271323,"(40.61792975, -74.13271323)"
5204,40.60519442,-73.96377684,"(40.60519442, -73.96377684)"
5205,40.71030788,-73.84107492,"(40.71030788, -73.84107492)"
5206,40.66033599,-73.83811826,"(40.66033599, -73.83811826)"
5207,40.60625259,-73.95679596,"(40.60625259, -73.95679596)"
5208,40.73476564,-73.78975608,"(40.73476564, -73.78975608)"
5209,40.53756196,-74.22113142,"(40.53756196, -74.22113142)"
5210,40.8768913,-73.85919588,"(40.8768913, -73.85919588)"
5211,40.84352855,-73.90536884,"(40.84352855, -73.90536884)"
5212,40.59103675,-73.93710667,"(40.59103675, -73.93710667)"
5213,40.54282322,-74.19816183,"(40.54282322, -74.19816183)"
5214,40.76164171,-73.80952977,"(40.76164171, -73.80952977)"
5215,40.87446328,-73.85809761,"(40.87446328, -73.85809761)"
5216,40.81705861,-73.93045945,"(40.81705861, -73.93045945)"
5217,40.61308507,-74.14662186,"(40.61308507, -74.14662186)"
5218,40.78676138,-73.95669372,"(40.78676138, -73.95669372)"
5219,40.78736118,-73.95626133,"(40.78736118, -73.95626133)"
5220,40.59674861,-73.98729097,"(40.59674861, -73.98729097)"
5221,40.6118773,-73.90755285,"(40.6118773, -73.90755285)"
5222,40.74244866,-73.8182053,"(40.74244866, -73.8182053)"
5223,40.83441347,-73.91010847,"(40.83441347, -73.91010847)"
5224,40.66410817,-73.84238013,"(40.66410817, -73.84238013)"
5225,40.60697653,-73.99161715,"(40.60697653, -73.99161715)"
5226,40.81509155,-73.84699575,"(40.81509155, -73.84699575)"
5227,40.72165285,-73.73955786,"(40.72165285, -73.73955786)"
5228,40.65331985,-73.74298698,"(40.65331985, -73.74298698)"
5229,40.6143461,-74.12740527,"(40.6143461, -74.12740527)"
5230,40.5512055,-74.21349864,"(40.5512055, -74.21349864)"
5231,40.55100736,-74.21366671,"(40.55100736, -74.21366671)"
5232,40.62020877,-73.95055956,"(40.62020877, -73.95055956)"
5233,40.67129651,-73.94280156,"(40.67129651, -73.94280156)"
5234,40.8824327,-73.85103267,"(40.8824327, -73.85103267)"
5235,40.67130175,-73.9428972,"(40.67130175, -73.9428972)"
5236,40.84675172,-73.85188443,"(40.84675172, -73.85188443)"
5237,40.60935159,-74.13908703,"(40.60935159, -74.13908703)"
5238,40.72223569,-73.75115507,"(40.72223569, -73.75115507)"
5239,40.75030026,-73.85725669,"(40.75030026, -73.85725669)"
5240,40.63760464,-74.11153021,"(40.63760464, -74.11153021)"
5241,40.61493423,-74.12668925,"(40.61493423, -74.12668925)"
5242,40.86753024,-73.84040611,"(40.86753024, -73.84040611)"
5243,40.7473056,-73.71575704,"(40.7473056, -73.71575704)"
5244,40.61614707,-74.12975544,"(40.61614707, -74.12975544)"
5245,40.83522709,-73.90980003,"(40.83522709, -73.90980003)"
5246,40.61487046,-73.98918708,"(40.61487046, -73.98918708)"
5247,40.62129183,-74.12741963,"(40.62129183, -74.12741963)"
5248,40.60096071,-73.97539597,"(40.60096071, -73.97539597)"
5249,40.86430723,-73.84634122,"(40.86430723, -73.84634122)"
5250,40.57137192,-74.11223119,"(40.57137192, -74.11223119)"
5251,40.7507574,-73.7777078,"(40.7507574, -73.7777078)"
5252,40.74282261,-73.76522924,"(40.74282261, -73.76522924)"
5253,40.60546274,-73.91323504,"(40.60546274, -73.91323504)"
5254,40.60662407,-73.9910352,"(40.60662407, -73.9910352)"
5255,40.67465931,-73.89181405,"(40.67465931, -73.89181405)"
5256,40.74080546,-73.82204891,"(40.74080546, -73.82204891)"
5257,40.54235485,-74.21832693,"(40.54235485, -74.21832693)"
5258,40.8359147,-73.91706617,"(40.8359147, -73.91706617)"
5259,40.5374839,-74.22212367,"(40.5374839, -74.22212367)"
5260,40.53747219,-74.22223487,"(40.53747219, -74.22223487)"
5261,40.61398056,-74.13774575,"(40.61398056, -74.13774575)"
5262,40.61478972,-74.12004517,"(40.61478972, -74.12004517)"
5263,40.60286515,-73.96883633,"(40.60286515, -73.96883633)"
5264,40.76110904,-73.89212277,"(40.76110904, -73.89212277)"
5265,40.79228768,-73.80449865,"(40.79228768, -73.80449865)"
5266,40.61334577,-74.1302271,"(40.61334577, -74.1302271)"
5267,40.50689748,-74.23474429,"(40.50689748, -74.23474429)"
5268,40.88275594,-73.85780781,"(40.88275594, -73.85780781)"
5269,40.53750077,-74.22196329,"(40.53750077, -74.22196329)"
5270,40.53748705,-74.22209373,"(40.53748705, -74.22209373)"
5271,40.60373777,-73.969953,"(40.60373777, -73.969953)"
5272,40.60367202,-73.96994059,"(40.60367202, -73.96994059)"
5273,40.63761275,-74.1114553,"(40.63761275, -74.1114553)"
5274,40.64235265,-74.00114023,"(40.64235265, -74.00114023)"
5275,40.61428134,-74.13856423,"(40.61428134, -74.13856423)"
5276,40.74564281,-73.82114183,"(40.74564281, -73.82114183)"
5277,40.62304062,-74.12489234,"(40.62304062, -74.12489234)"
5278,40.5965762,-73.80111599,"(40.5965762, -73.80111599)"
5279,40.59660216,-73.95397773,"(40.59660216, -73.95397773)"
5280,40.84354162,-73.83551816,"(40.84354162, -73.83551816)"
5281,40.74141702,-73.81435195,"(40.74141702, -73.81435195)"
5282,40.88406503,-73.85377912,"(40.88406503, -73.85377912)"
5283,40.75498675,-73.87222171,"(40.75498675, -73.87222171)"
5284,40.60370571,-73.96994695,"(40.60370571, -73.96994695)"
5285,40.53634182,-74.21719109,"(40.53634182, -74.21719109)"
5286,40.66449276,-73.8778756,"(40.66449276, -73.8778756)"
5287,40.747137,-73.83053098,"(40.747137, -73.83053098)"
5288,40.86577299,-73.8622189,"(40.86577299, -73.8622189)"
5289,40.8832084,-73.85302007,"(40.8832084, -73.85302007)"
5290,40.86931843,-73.83468225,"(40.86931843, -73.83468225)"
5291,40.60551659,-73.96559546,"(40.60551659, -73.96559546)"
5292,40.87928814,-73.85473084,"(40.87928814, -73.85473084)"
5293,40.69947323,-73.75692241,"(40.69947323, -73.75692241)"
5294,40.74460628,-73.81424893,"(40.74460628, -73.81424893)"
5295,40.68310076,-73.94549739,"(40.68310076, -73.94549739)"
5296,40.74141402,-73.81427554,"(40.74141402, -73.81427554)"
5297,40.54030404,-74.19698954,"(40.54030404, -74.19698954)"
5298,40.61100285,-74.14393226,"(40.61100285, -74.14393226)"
5299,40.53435164,-74.20194727,"(40.53435164, -74.20194727)"
5300,40.85562657,-73.91251958,"(40.85562657, -73.91251958)"
5301,40.84654319,-73.78956394,"(40.84654319, -73.78956394)"
5302,40.72865631,-73.85383349,"(40.72865631, -73.85383349)"
5303,40.74470968,-73.81551086,"(40.74470968, -73.81551086)"
5304,40.68368209,-73.83773865,"(40.68368209, -73.83773865)"
5305,40.66178105,-73.83559332,"(40.66178105, -73.83559332)"
5306,40.86904963,-73.85781134,"(40.86904963, -73.85781134)"
5307,40.53631568,-74.19502505,"(40.53631568, -74.19502505)"
5308,40.72285567,-73.73335532,"(40.72285567, -73.73335532)"
5309,40.6720076,-73.77208723,"(40.6720076, -73.77208723)"
5310,40.80725931,-73.88229697,"(40.80725931, -73.88229697)"
5311,40.65989664,-73.83800731,"(40.65989664, -73.83800731)"
5312,40.62023074,-74.12556516,"(40.62023074, -74.12556516)"
5313,40.61014504,-74.13534072,"(40.61014504, -74.13534072)"
5314,40.73119916,-73.85010575,"(40.73119916, -73.85010575)"
5315,40.70328245,-73.75974407,"(40.70328245, -73.75974407)"
5316,40.53603655,-74.19649974,"(40.53603655, -74.19649974)"
5317,40.53487496,-74.20142392,"(40.53487496, -74.20142392)"
5318,40.63671523,-73.92617909,"(40.63671523, -73.92617909)"
5319,40.61105044,-73.98908787,"(40.61105044, -73.98908787)"
5320,40.87922109,-73.85452084,"(40.87922109, -73.85452084)"
5321,40.69943955,-73.75704139,"(40.69943955, -73.75704139)"
5322,40.76390717,-73.90733113,"(40.76390717, -73.90733113)"
5323,40.87203168,-73.84146676,"(40.87203168, -73.84146676)"
5324,40.64454093,-73.94994121,"(40.64454093, -73.94994121)"
5325,40.6203823,-73.93100039,"(40.6203823, -73.93100039)"
5326,40.61395867,-74.10339645,"(40.61395867, -74.10339645)"
5327,40.61396271,-74.13757737,"(40.61396271, -74.13757737)"
5328,40.74484546,-73.82167282,"(40.74484546, -73.82167282)"
5329,40.67447574,-73.89176782,"(40.67447574, -73.89176782)"
5330,40.80659746,-73.88665967,"(40.80659746, -73.88665967)"
5331,40.80661362,-73.88655267,"(40.80661362, -73.88655267)"
5332,40.8154171,-73.84707044,"(40.8154171, -73.84707044)"
5333,40.60458622,-74.16180015,"(40.60458622, -74.16180015)"
5334,40.61480944,-74.11980524,"(40.61480944, -74.11980524)"
5335,40.88358751,-73.85261618,"(40.88358751, -73.85261618)"
5336,40.70897112,-73.75295395,"(40.70897112, -73.75295395)"
5337,40.64468649,-73.94995642,"(40.64468649, -73.94995642)"
5338,40.83853867,-73.91089187,"(40.83853867, -73.91089187)"
5339,40.74729746,-73.71587856,"(40.74729746, -73.71587856)"
5340,40.83585687,-73.91689833,"(40.83585687, -73.91689833)"
5341,40.84813223,-73.86517205,"(40.84813223, -73.86517205)"
5342,40.80512157,-73.90931418,"(40.80512157, -73.90931418)"
5343,40.54159644,-74.19789326,"(40.54159644, -74.19789326)"
5344,40.72944026,-73.85378016,"(40.72944026, -73.85378016)"
5345,40.72950881,-73.85355002,"(40.72950881, -73.85355002)"
5346,40.70924748,-73.75306879,"(40.70924748, -73.75306879)"
5347,40.74364322,-73.71170602,"(40.74364322, -73.71170602)"
5348,40.74537369,-73.82177897,"(40.74537369, -73.82177897)"
5349,40.87097277,-73.84126486,"(40.87097277, -73.84126486)"
5350,40.73420545,-73.78962521,"(40.73420545, -73.78962521)"
5351,40.53741382,-74.22278941,"(40.53741382, -74.22278941)"
5352,40.76526022,-73.88991095,"(40.76526022, -73.88991095)"
5353,40.65536332,-73.7424048,"(40.65536332, -73.7424048)"
5354,40.71607277,-73.75165587,"(40.71607277, -73.75165587)"
5355,40.83075289,-73.82614936,"(40.83075289, -73.82614936)"
5356,40.81634996,-73.84728449,"(40.81634996, -73.84728449)"
5357,40.74696191,-73.85777026,"(40.74696191, -73.85777026)"
5358,40.86978103,-73.83489261,"(40.86978103, -73.83489261)"
5359,40.61363751,-73.95230728,"(40.61363751, -73.95230728)"
5360,40.75142255,-73.94117395,"(40.75142255, -73.94117395)"
5361,40.55507637,-74.1657067,"(40.55507637, -74.1657067)"
5362,40.7463028,-73.82252337,"(40.7463028, -73.82252337)"
5363,40.52748467,-74.17711549,"(40.52748467, -74.17711549)"
5364,40.61108188,-74.104876,"(40.61108188, -74.104876)"
5365,40.75326641,-73.93119373,"(40.75326641, -73.93119373)"
5366,40.6962069,-73.78698465,"(40.6962069, -73.78698465)"
5367,40.70697068,-73.72823665,"(40.70697068, -73.72823665)"
5368,40.74710973,-73.82704183,"(40.74710973, -73.82704183)"
5369,40.77708102,-73.9062909,"(40.77708102, -73.9062909)"
5370,40.64708881,-73.94543675,"(40.64708881, -73.94543675)"
5371,40.6135488,-74.12479033,"(40.6135488, -74.12479033)"
5372,40.76038871,-73.80505663,"(40.76038871, -73.80505663)"
5373,40.64126922,-74.11299595,"(40.64126922, -74.11299595)"
5374,40.84350439,-73.90527812,"(40.84350439, -73.90527812)"
5375,40.53751618,-74.22177478,"(40.53751618, -74.22177478)"
5376,40.6652748,-73.87845476,"(40.6652748, -73.87845476)"
5377,40.87200387,-73.85853336,"(40.87200387, -73.85853336)"
5378,40.87886966,-73.85342022,"(40.87886966, -73.85342022)"
5379,40.87906932,-73.85404553,"(40.87906932, -73.85404553)"
5380,40.83150326,-73.82681332,"(40.83150326, -73.82681332)"
5381,40.64927661,-73.84042001,"(40.64927661, -73.84042001)"
5382,40.6109346,-74.14394152,"(40.6109346, -74.14394152)"
5383,40.8557247,-73.91243853,"(40.8557247, -73.91243853)"
5384,40.84577004,-73.86813351,"(40.84577004, -73.86813351)"
5385,40.73096117,-73.85090121,"(40.73096117, -73.85090121)"
5386,40.70739115,-73.94184767,"(40.70739115, -73.94184767)"
5387,40.74707328,-73.82986496,"(40.74707328, -73.82986496)"
5388,40.74562836,-73.81539664,"(40.74562836, -73.81539664)"
5389,40.60462437,-74.16201342,"(40.60462437, -74.16201342)"
5390,40.85534197,-73.91424755,"(40.85534197, -73.91424755)"
5391,40.61399824,-74.13863889,"(40.61399824, -74.13863889)"
5392,40.87779378,-73.85466679,"(40.87779378, -73.85466679)"
5393,40.57516802,-73.84847439,"(40.57516802, -73.84847439)"
5394,40.59151848,-73.93526883,"(40.59151848, -73.93526883)"
5395,40.60840956,-73.90416731,"(40.60840956, -73.90416731)"
5396,40.79446111,-73.80684673,"(40.79446111, -73.80684673)"
5397,40.74582667,-73.81514307,"(40.74582667, -73.81514307)"
5398,40.55364036,-74.21277978,"(40.55364036, -74.21277978)"
5399,40.5431212,-74.19841685,"(40.5431212, -74.19841685)"
5400,40.62827815,-73.95596603,"(40.62827815, -73.95596603)"
5401,40.61598815,-74.1226881,"(40.61598815, -74.1226881)"
5402,40.71781465,-73.75178405,"(40.71781465, -73.75178405)"
5403,40.75583141,-73.99414774,"(40.75583141, -73.99414774)"
5404,40.6115414,-74.13317358,"(40.6115414, -74.13317358)"
5405,40.71988734,-73.73931306,"(40.71988734, -73.73931306)"
5406,40.5121886,-74.23143893,"(40.5121886, -74.23143893)"
5407,40.75681906,-73.96119384,"(40.75681906, -73.96119384)"
5408,40.50672718,-74.24427568,"(40.50672718, -74.24427568)"
5409,40.54583892,-74.21252177,"(40.54583892, -74.21252177)"
5410,40.86545051,-73.8503428,"(40.86545051, -73.8503428)"
5411,40.88211601,-73.87906836,"(40.88211601, -73.87906836)"
5412,40.66297799,-73.83972465,"(40.66297799, -73.83972465)"
5413,40.538596,-74.22368352,"(40.538596, -74.22368352)"
5414,40.61847362,-74.13230188,"(40.61847362, -74.13230188)"
5415,40.71038924,-73.84129567,"(40.71038924, -73.84129567)"
5416,40.7228083,-73.86963726,"(40.7228083, -73.86963726)"
5417,40.7441397,-73.71189091,"(40.7441397, -73.71189091)"
5418,40.60419211,-74.16055703,"(40.60419211, -74.16055703)"
5419,40.5531436,-74.16769869,"(40.5531436, -74.16769869)"
5420,40.74523682,-73.9182157,"(40.74523682, -73.9182157)"
5421,40.71809148,-73.75253808,"(40.71809148, -73.75253808)"
5422,40.73136874,-73.84953896,"(40.73136874, -73.84953896)"
5423,40.66442116,-73.83955272,"(40.66442116, -73.83955272)"
5424,40.83755419,-73.8479372,"(40.83755419, -73.8479372)"
5425,40.61917393,-74.1294317,"(40.61917393, -74.1294317)"
5426,40.7824427,-73.80013577,"(40.7824427, -73.80013577)"
5427,40.72546223,-73.84796287,"(40.72546223, -73.84796287)"
5428,40.81767014,-73.81475133,"(40.81767014, -73.81475133)"
5429,40.74379559,-73.71640224,"(40.74379559, -73.71640224)"
5430,40.65729349,-73.95822375,"(40.65729349, -73.95822375)"
5431,40.53828681,-74.15850859,"(40.53828681, -74.15850859)"
5432,40.54729764,-74.19952697,"(40.54729764, -74.19952697)"
5433,40.59302855,-73.93940275,"(40.59302855, -73.93940275)"
5434,40.66016236,-73.75204415,"(40.66016236, -73.75204415)"
5435,40.73248274,-73.89037627,"(40.73248274, -73.89037627)"
5436,40.81829932,-73.82209081,"(40.81829932, -73.82209081)"
5437,40.76192723,-73.83490585,"(40.76192723, -73.83490585)"
5438,40.74743647,-73.71418508,"(40.74743647, -73.71418508)"
5439,40.78562794,-73.95756231,"(40.78562794, -73.95756231)"
5440,40.61453525,-73.90902128,"(40.61453525, -73.90902128)"
5441,40.61419949,-73.98479229,"(40.61419949, -73.98479229)"
5442,40.59681321,-73.98722397,"(40.59681321, -73.98722397)"
5443,40.57016464,-74.11317029,"(40.57016464, -74.11317029)"
5444,40.60092133,-73.97538843,"(40.60092133, -73.97538843)"
5445,40.63987599,-74.01515605,"(40.63987599, -74.01515605)"
5446,40.62761052,-73.9961311,"(40.62761052, -73.9961311)"
5447,40.83694602,-73.91098884,"(40.83694602, -73.91098884)"
5448,40.74841976,-73.96985293,"(40.74841976, -73.96985293)"
5449,40.84831936,-73.83539394,"(40.84831936, -73.83539394)"
5450,40.6041172,-74.16018668,"(40.6041172, -74.16018668)"
5451,40.55357198,-74.16733325,"(40.55357198, -74.16733325)"
5452,40.63002717,-74.10964841,"(40.63002717, -74.10964841)"
5453,40.69000612,-73.81752146,"(40.69000612, -73.81752146)"
5454,40.54007923,-74.22352143,"(40.54007923, -74.22352143)"
5455,40.70089365,-73.76302331,"(40.70089365, -73.76302331)"
5456,40.70074613,-73.76358745,"(40.70074613, -73.76358745)"
5457,40.67257922,-73.86650734,"(40.67257922, -73.86650734)"
5458,40.8753577,-73.85704508,"(40.8753577, -73.85704508)"
5459,40.61451345,-74.14044784,"(40.61451345, -74.14044784)"
5460,40.87684323,-73.84657828,"(40.87684323, -73.84657828)"
5461,40.50867129,-74.23578066,"(40.50867129, -74.23578066)"
5462,40.85803686,-73.8611138,"(40.85803686, -73.8611138)"
5463,40.85804471,-73.86080598,"(40.85804471, -73.86080598)"
5464,40.74705296,-73.82965262,"(40.74705296, -73.82965262)"
5465,40.54126102,-74.20403621,"(40.54126102, -74.20403621)"
5466,40.74520514,-73.82553226,"(40.74520514, -73.82553226)"
5467,40.61354268,-73.90705078,"(40.61354268, -73.90705078)"
5468,40.63764557,-74.11115208,"(40.63764557, -74.11115208)"
5469,40.85516308,-73.91430045,"(40.85516308, -73.91430045)"
5470,40.64930898,-73.84042803,"(40.64930898, -73.84042803)"
5471,40.76904967,-73.92229256,"(40.76904967, -73.92229256)"
5472,40.74460452,-73.81415296,"(40.74460452, -73.81415296)"
5473,40.59283948,-73.78614177,"(40.59283948, -73.78614177)"
5474,40.62733401,-74.12528621,"(40.62733401, -74.12528621)"
5475,40.61772004,-74.13894797,"(40.61772004, -74.13894797)"
5476,40.61935525,-74.10670372,"(40.61935525, -74.10670372)"
5477,40.61947368,-74.10697585,"(40.61947368, -74.10697585)"
5478,40.83238967,-73.87536282,"(40.83238967, -73.87536282)"
5479,40.72898045,-73.8527391,"(40.72898045, -73.8527391)"
5480,40.81661032,-73.85366774,"(40.81661032, -73.85366774)"
5481,40.61379492,-74.13791096,"(40.61379492, -74.13791096)"
5482,40.61110681,-74.10496758,"(40.61110681, -74.10496758)"
5483,40.74886646,-73.85948548,"(40.74886646, -73.85948548)"
5484,40.85544997,-73.91398219,"(40.85544997, -73.91398219)"
5485,40.53737421,-74.22316576,"(40.53737421, -74.22316576)"
5486,40.59564008,-74.1672935,"(40.59564008, -74.1672935)"
5487,40.83367502,-73.84186592,"(40.83367502, -73.84186592)"
5488,40.87437501,-73.8773932,"(40.87437501, -73.8773932)"
5489,40.54225091,-74.21778654,"(40.54225091, -74.21778654)"
5490,40.60440612,-74.1616152,"(40.60440612, -74.1616152)"
5491,40.86818316,-73.86350028,"(40.86818316, -73.86350028)"
5492,40.72893524,-73.85289175,"(40.72893524, -73.85289175)"
5493,40.82874995,-73.82589582,"(40.82874995, -73.82589582)"
5494,40.70403645,-73.87504713,"(40.70403645, -73.87504713)"
5495,40.74404135,-73.71451765,"(40.74404135, -73.71451765)"
5496,40.7004254,-73.80841332,"(40.7004254, -73.80841332)"
5497,40.62975256,-73.94336589,"(40.62975256, -73.94336589)"
5498,40.86273463,-73.84568697,"(40.86273463, -73.84568697)"
5499,40.61754233,-74.15415138,"(40.61754233, -74.15415138)"
5500,40.63145306,-73.90237139,"(40.63145306, -73.90237139)"
5501,40.6157214,-73.98627251,"(40.6157214, -73.98627251)"
5502,40.87632515,-73.85510375,"(40.87632515, -73.85510375)"
5503,40.74079429,-73.81761082,"(40.74079429, -73.81761082)"
5504,40.76257149,-73.79073146,"(40.76257149, -73.79073146)"
5505,40.73935971,-73.86128095,"(40.73935971, -73.86128095)"
5506,40.85812362,-73.91002484,"(40.85812362, -73.91002484)"
5507,40.61588444,-73.95152189,"(40.61588444, -73.95152189)"
5508,40.73901296,-73.81219688,"(40.73901296, -73.81219688)"
5509,40.60199109,-73.95514225,"(40.60199109, -73.95514225)"
5510,40.61038134,-74.13929451,"(40.61038134, -74.13929451)"
5511,40.87431869,-73.87743537,"(40.87431869, -73.87743537)"
5512,40.54226555,-74.21772092,"(40.54226555, -74.21772092)"
5513,40.61519473,-74.14337002,"(40.61519473, -74.14337002)"
5514,40.86098848,-73.92897898,"(40.86098848, -73.92897898)"
5515,40.74597346,-73.91806755,"(40.74597346, -73.91806755)"
5516,40.53747632,-74.22219566,"(40.53747632, -74.22219566)"
5517,40.86600572,-73.85088699,"(40.86600572, -73.85088699)"
5518,40.53046833,-74.19060209,"(40.53046833, -74.19060209)"
5519,40.69883153,-73.9351829,"(40.69883153, -73.9351829)"
5520,40.53794727,-74.16144558,"(40.53794727, -74.16144558)"
5521,40.74205502,-73.8170302,"(40.74205502, -73.8170302)"
5522,40.8115935,-73.96149649,"(40.8115935, -73.96149649)"
5523,40.81166317,-73.96144583,"(40.81166317, -73.96144583)"
5524,40.8727203,-73.83633336,"(40.8727203, -73.83633336)"
5525,40.64922765,-73.83945557,"(40.64922765, -73.83945557)"
5526,40.55613185,-74.16682235,"(40.55613185, -74.16682235)"
5527,40.62912606,-73.96396421,"(40.62912606, -73.96396421)"
5528,40.53750915,-74.22187364,"(40.53750915, -74.22187364)"
5529,40.6190558,-74.10601557,"(40.6190558, -74.10601557)"
5530,40.55510818,-74.16752016,"(40.55510818, -74.16752016)"
5531,40.5551298,-74.16752518,"(40.5551298, -74.16752518)"
5532,40.84541609,-73.89790097,"(40.84541609, -73.89790097)"
5533,40.70953034,-73.75797569,"(40.70953034, -73.75797569)"
5534,40.88292399,-73.8583259,"(40.88292399, -73.8583259)"
5535,40.84005748,-73.90982346,"(40.84005748, -73.90982346)"
5536,40.53212188,-74.22257319,"(40.53212188, -74.22257319)"
5537,40.61022088,-73.98922079,"(40.61022088, -73.98922079)"
5538,40.83967059,-73.91022589,"(40.83967059, -73.91022589)"
5539,40.74142739,-73.81516059,"(40.74142739, -73.81516059)"
5540,40.60133207,-73.97446125,"(40.60133207, -73.97446125)"
5541,40.60704983,-73.9625445,"(40.60704983, -73.9625445)"
5542,40.74498848,-73.70999126,"(40.74498848, -73.70999126)"
5543,40.87165132,-73.8415914,"(40.87165132, -73.8415914)"
5544,40.64020624,-74.11546553,"(40.64020624, -74.11546553)"
5545,40.54459015,-74.21809357,"(40.54459015, -74.21809357)"
5546,40.7645844,-73.89036929,"(40.7645844, -73.89036929)"
5547,40.74593471,-73.81519404,"(40.74593471, -73.81519404)"
5548,40.85212,-73.91722242,"(40.85212, -73.91722242)"
5549,40.60923943,-74.13907484,"(40.60923943, -74.13907484)"
5550,40.861062,-73.9290262,"(40.861062, -73.9290262)"
5551,40.61655857,-74.1277057,"(40.61655857, -74.1277057)"
5552,40.60477978,-73.97622586,"(40.60477978, -73.97622586)"
5553,40.76267456,-73.89145823,"(40.76267456, -73.89145823)"
5554,40.76267456,-73.89145823,"(40.76267456, -73.89145823)"
5555,40.72918888,-73.85462412,"(40.72918888, -73.85462412)"
5556,40.83652811,-73.84608886,"(40.83652811, -73.84608886)"
5557,40.76515195,-73.82062972,"(40.76515195, -73.82062972)"
5558,40.78746123,-73.82266947,"(40.78746123, -73.82266947)"
5559,40.87134469,-73.86690545,"(40.87134469, -73.86690545)"
5560,40.55507363,-74.16761153,"(40.55507363, -74.16761153)"
5561,40.8623939,-73.84910349,"(40.8623939, -73.84910349)"
5562,40.61841412,-74.1325854,"(40.61841412, -74.1325854)"
5563,40.71025931,-73.84095781,"(40.71025931, -73.84095781)"
5564,40.74728023,-73.71613597,"(40.74728023, -73.71613597)"
5565,40.53749102,-74.22205596,"(40.53749102, -74.22205596)"
5566,40.84769209,-73.83516749,"(40.84769209, -73.83516749)"
5567,40.8691747,-73.83461689,"(40.8691747, -73.83461689)"
5568,40.60461549,-74.16194048,"(40.60461549, -74.16194048)"
5569,40.53459172,-74.19841324,"(40.53459172, -74.19841324)"
5570,40.69941544,-73.75712658,"(40.69941544, -73.75712658)"
5571,40.65526046,-73.73915541,"(40.65526046, -73.73915541)"
5572,40.59274257,-73.78613254,"(40.59274257, -73.78613254)"
5573,40.78773313,-73.82277882,"(40.78773313, -73.82277882)"
5574,40.6114431,-74.14947736,"(40.6114431, -74.14947736)"
5575,40.80403753,-73.90579389,"(40.80403753, -73.90579389)"
5576,40.86878751,-73.8581195,"(40.86878751, -73.8581195)"
5577,40.79413546,-73.80689181,"(40.79413546, -73.80689181)"
5578,40.85214317,-73.91615298,"(40.85214317, -73.91615298)"
5579,40.72270678,-73.73329833,"(40.72270678, -73.73329833)"
5580,40.74842975,-73.81234411,"(40.74842975, -73.81234411)"
5581,40.50261671,-74.23169709,"(40.50261671, -74.23169709)"
5582,40.53734581,-74.22341262,"(40.53734581, -74.22341262)"
5583,40.53731808,-74.22356965,"(40.53731808, -74.22356965)"
5584,40.6121277,-73.94027187,"(40.6121277, -73.94027187)"
5585,40.84850176,-73.86625675,"(40.84850176, -73.86625675)"
5586,40.67312291,-73.86664256,"(40.67312291, -73.86664256)"
5587,40.75861849,-73.99605239,"(40.75861849, -73.99605239)"
5588,40.60641033,-73.97429052,"(40.60641033, -73.97429052)"
5589,40.74610408,-73.82629301,"(40.74610408, -73.82629301)"
5590,40.87713943,-73.85228029,"(40.87713943, -73.85228029)"
5591,40.75887411,-73.80531288,"(40.75887411, -73.80531288)"
5592,40.54078276,-74.22183563,"(40.54078276, -74.22183563)"
5593,40.83523764,-73.92712602,"(40.83523764, -73.92712602)"
5594,40.85986889,-73.85035786,"(40.85986889, -73.85035786)"
5595,40.61445773,-74.11966813,"(40.61445773, -74.11966813)"
5596,40.68966164,-73.80475815,"(40.68966164, -73.80475815)"
5597,40.87667157,-73.84486509,"(40.87667157, -73.84486509)"
5598,40.81022133,-73.96250118,"(40.81022133, -73.96250118)"
5599,40.84696702,-73.89412671,"(40.84696702, -73.89412671)"
5600,40.52947216,-74.22150304,"(40.52947216, -74.22150304)"
5601,40.7446131,-73.81462198,"(40.7446131, -73.81462198)"
5602,40.81709,-73.93058202,"(40.81709, -73.93058202)"
5603,40.60832125,-73.95691171,"(40.60832125, -73.95691171)"
5604,40.86855413,-73.86348826,"(40.86855413, -73.86348826)"
5605,40.86842243,-73.86349253,"(40.86842243, -73.86349253)"
5606,40.74960306,-73.85809221,"(40.74960306, -73.85809221)"
5607,40.746032,-73.81561561,"(40.746032, -73.81561561)"
5608,40.68755736,-73.84602347,"(40.68755736, -73.84602347)"
5609,40.87616273,-73.8569132,"(40.87616273, -73.8569132)"
5610,40.54446898,-74.20924005,"(40.54446898, -74.20924005)"
5611,40.55046949,-74.15966448,"(40.55046949, -74.15966448)"
5612,40.54186379,-74.19769966,"(40.54186379, -74.19769966)"
5613,40.84758539,-73.83517882,"(40.84758539, -73.83517882)"
5614,40.54402082,-74.1602854,"(40.54402082, -74.1602854)"
5615,40.73763881,-73.92351113,"(40.73763881, -73.92351113)"
5616,40.87884475,-73.85334222,"(40.87884475, -73.85334222)"
5617,40.71072665,-73.84221112,"(40.71072665, -73.84221112)"
5618,40.87915245,-73.85430585,"(40.87915245, -73.85430585)"
5619,40.83244697,-73.94924347,"(40.83244697, -73.94924347)"
5620,40.60829543,-74.06400497,"(40.60829543, -74.06400497)"
5621,40.53489324,-74.1995543,"(40.53489324, -74.1995543)"
5622,40.7286834,-73.85374204,"(40.7286834, -73.85374204)"
5623,40.74972098,-73.85815353,"(40.74972098, -73.85815353)"
5624,40.74975365,-73.85817051,"(40.74975365, -73.85817051)"
5625,40.74601564,-73.81554619,"(40.74601564, -73.81554619)"
5626,40.67443391,-73.89256766,"(40.67443391, -73.89256766)"
5627,40.83721882,-73.84744499,"(40.83721882, -73.84744499)"
5628,40.74760287,-73.82788945,"(40.74760287, -73.82788945)"
5629,40.61440988,-73.98457177,"(40.61440988, -73.98457177)"
5630,40.87155481,-73.84743848,"(40.87155481, -73.84743848)"
5631,40.61185852,-73.99059827,"(40.61185852, -73.99059827)"
5632,40.71403256,-73.7554352,"(40.71403256, -73.7554352)"
5633,40.85654873,-73.90789514,"(40.85654873, -73.90789514)"
5634,40.62002526,-74.10825495,"(40.62002526, -74.10825495)"
5635,40.62011654,-74.10846861,"(40.62011654, -74.10846861)"
5636,40.73832364,-73.81643795,"(40.73832364, -73.81643795)"
5637,40.62252319,-74.01127105,"(40.62252319, -74.01127105)"
5638,40.84225428,-73.8700177,"(40.84225428, -73.8700177)"
5639,40.86781019,-73.85847542,"(40.86781019, -73.85847542)"
5640,40.85810904,-73.85828194,"(40.85810904, -73.85828194)"
5641,40.85812137,-73.85779816,"(40.85812137, -73.85779816)"
5642,40.85812625,-73.85760668,"(40.85812625, -73.85760668)"
5643,40.6158473,-74.14154281,"(40.6158473, -74.14154281)"
5644,40.84492221,-73.83537346,"(40.84492221, -73.83537346)"
5645,40.65974031,-73.83796783,"(40.65974031, -73.83796783)"
5646,40.6067253,-73.95688529,"(40.6067253, -73.95688529)"
5647,40.83863378,-73.9108355,"(40.83863378, -73.9108355)"
5648,40.59115086,-73.93712815,"(40.59115086, -73.93712815)"
5649,40.80516875,-73.90942596,"(40.80516875, -73.90942596)"
5650,40.87242714,-73.83715759,"(40.87242714, -73.83715759)"
5651,40.80662412,-73.88648323,"(40.80662412, -73.88648323)"
5652,40.84734464,-73.83520437,"(40.84734464, -73.83520437)"
5653,40.60759537,-73.95606236,"(40.60759537, -73.95606236)"
5654,40.60299788,-73.96307689,"(40.60299788, -73.96307689)"
5655,40.81522999,-73.84702751,"(40.81522999, -73.84702751)"
5656,40.63227041,-74.12057473,"(40.63227041, -74.12057473)"
5657,40.61481415,-74.11974795,"(40.61481415, -74.11974795)"
5658,40.59331215,-73.9326453,"(40.59331215, -73.9326453)"
5659,40.53433802,-74.20199513,"(40.53433802, -74.20199513)"
5660,40.87425371,-73.85836952,"(40.87425371, -73.85836952)"
5661,40.6085428,-73.95488552,"(40.6085428, -73.95488552)"
5662,40.61092562,-74.14678332,"(40.61092562, -74.14678332)"
5663,40.59303779,-73.9325932,"(40.59303779, -73.9325932)"
5664,40.73787312,-73.788374,"(40.73787312, -73.788374)"
5665,40.54192316,-74.21742767,"(40.54192316, -74.21742767)"
5666,40.87165995,-73.84530084,"(40.87165995, -73.84530084)"
5667,40.85419322,-73.91369917,"(40.85419322, -73.91369917)"
5668,40.57255731,-73.85914369,"(40.57255731, -73.85914369)"
5669,40.72861548,-73.85397134,"(40.72861548, -73.85397134)"
5670,40.61307515,-74.13791703,"(40.61307515, -74.13791703)"
5671,40.88405296,-73.85894455,"(40.88405296, -73.85894455)"
5672,40.53755227,-74.22126755,"(40.53755227, -74.22126755)"
5673,40.70337745,-73.75938272,"(40.70337745, -73.75938272)"
5674,40.52766821,-74.17671362,"(40.52766821, -74.17671362)"
5675,40.75276448,-73.9302497,"(40.75276448, -73.9302497)"
5676,40.50887421,-74.22861959,"(40.50887421, -74.22861959)"
5677,40.87882165,-73.85326989,"(40.87882165, -73.85326989)"
5678,40.87935754,-73.85494817,"(40.87935754, -73.85494817)"
5679,40.76205839,-73.8113325,"(40.76205839, -73.8113325)"
5680,40.61357185,-73.95121107,"(40.61357185, -73.95121107)"
5681,40.5068807,-74.23486749,"(40.5068807, -74.23486749)"
5682,40.87426198,-73.85738948,"(40.87426198, -73.85738948)"
5683,40.87225884,-73.84902546,"(40.87225884, -73.84902546)"
5684,40.73682419,-73.70481952,"(40.73682419, -73.70481952)"
5685,40.66508449,-73.87831382,"(40.66508449, -73.87831382)"
5686,40.53602592,-74.21703692,"(40.53602592, -74.21703692)"
5687,40.71609115,-73.751614,"(40.71609115, -73.751614)"
5688,40.83062087,-73.82602589,"(40.83062087, -73.82602589)"
5689,40.6133773,-73.90696687,"(40.6133773, -73.90696687)"
5690,40.74693234,-73.85786898,"(40.74693234, -73.85786898)"
5691,40.75019694,-73.85760349,"(40.75019694, -73.85760349)"
5692,40.65820568,-73.95896508,"(40.65820568, -73.95896508)"
5693,40.86757672,-73.84049564,"(40.86757672, -73.84049564)"
5694,40.74625959,-73.8223946,"(40.74625959, -73.8223946)"
5695,40.83874434,-73.84501053,"(40.83874434, -73.84501053)"
5696,40.62295574,-74.12593829,"(40.62295574, -74.12593829)"
5697,40.61747972,-74.13741937,"(40.61747972, -74.13741937)"
5698,40.76468793,-73.88928116,"(40.76468793, -73.88928116)"
5699,40.7457248,-73.81424203,"(40.7457248, -73.81424203)"
5700,40.83295912,-73.87725851,"(40.83295912, -73.87725851)"
5701,40.61501943,-74.14126158,"(40.61501943, -74.14126158)"
5702,40.87677504,-73.84454662,"(40.87677504, -73.84454662)"
5703,40.83863846,-73.84485304,"(40.83863846, -73.84485304)"
5704,40.61358374,-73.98521476,"(40.61358374, -73.98521476)"
5705,40.85795474,-73.8643674,"(40.85795474, -73.8643674)"
5706,40.74460621,-73.82182138,"(40.74460621, -73.82182138)"
5707,40.71417163,-73.7555385,"(40.71417163, -73.7555385)"
5708,40.53779632,-74.20062329,"(40.53779632, -74.20062329)"
5709,40.71899368,-73.87388281,"(40.71899368, -73.87388281)"
5710,40.64900286,-73.84130536,"(40.64900286, -73.84130536)"
5711,40.53571293,-74.19438311,"(40.53571293, -74.19438311)"
5712,40.54177437,-74.20233096,"(40.54177437, -74.20233096)"
5713,40.54134861,-74.20373883,"(40.54134861, -74.20373883)"
5714,40.54984181,-74.15940716,"(40.54984181, -74.15940716)"
5715,40.78597336,-73.822994,"(40.78597336, -73.822994)"
5716,40.85805005,-73.86059642,"(40.85805005, -73.86059642)"
5717,40.82740371,-73.82968235,"(40.82740371, -73.82968235)"
5718,40.76935331,-73.9222682,"(40.76935331, -73.9222682)"
5719,40.76092592,-73.80717296,"(40.76092592, -73.80717296)"
5720,40.66217456,-73.83285301,"(40.66217456, -73.83285301)"
5721,40.57230335,-73.85991345,"(40.57230335, -73.85991345)"
5722,40.84681529,-73.78872371,"(40.84681529, -73.78872371)"
5723,40.75855397,-73.99610035,"(40.75855397, -73.99610035)"
5724,40.8808272,-73.85696705,"(40.8808272, -73.85696705)"
5725,40.90188591,-73.86850659,"(40.90188591, -73.86850659)"
5726,40.82140623,-73.93878154,"(40.82140623, -73.93878154)"
5727,40.8213126,-73.93855987,"(40.8213126, -73.93855987)"
5728,40.83541408,-73.90969021,"(40.83541408, -73.90969021)"
5729,40.59556508,-74.16697491,"(40.59556508, -74.16697491)"
5730,40.54500198,-74.2162451,"(40.54500198, -74.2162451)"
5731,40.60702003,-73.96309251,"(40.60702003, -73.96309251)"
5732,40.76553663,-73.89114552,"(40.76553663, -73.89114552)"
5733,40.87686773,-73.84650163,"(40.87686773, -73.84650163)"
5734,40.85802636,-73.86152568,"(40.85802636, -73.86152568)"
5735,40.85803165,-73.8613183,"(40.85803165, -73.8613183)"
5736,40.85807756,-73.85951759,"(40.85807756, -73.85951759)"
5737,40.85808212,-73.85933838,"(40.85808212, -73.85933838)"
5738,40.5415479,-74.19806805,"(40.5415479, -74.19806805)"
5739,40.60728238,-73.96225199,"(40.60728238, -73.96225199)"
5740,40.86636571,-73.8508753,"(40.86636571, -73.8508753)"
5741,40.74035019,-73.81016797,"(40.74035019, -73.81016797)"
5742,40.85806329,-73.86007724,"(40.85806329, -73.86007724)"
5743,40.74443577,-73.717069,"(40.74443577, -73.717069)"
5744,40.74377575,-73.7173777,"(40.74377575, -73.7173777)"
5745,40.82719249,-73.83011442,"(40.82719249, -73.83011442)"
5746,40.7383668,-74.00639269,"(40.7383668, -74.00639269)"
5747,40.76090157,-73.80704293,"(40.76090157, -73.80704293)"
5748,40.8720942,-73.8437446,"(40.8720942, -73.8437446)"
5749,40.74140992,-73.81417103,"(40.74140992, -73.81417103)"
5750,40.66571087,-73.99126174,"(40.66571087, -73.99126174)"
5751,40.54558251,-74.21143826,"(40.54558251, -74.21143826)"
5752,40.77334625,-73.92172964,"(40.77334625, -73.92172964)"
5753,40.8707368,-73.8593745,"(40.8707368, -73.8593745)"
5754,40.74607195,-73.91804774,"(40.74607195, -73.91804774)"
5755,40.61135711,-74.14950079,"(40.61135711, -74.14950079)"
5756,40.62030245,-74.12639292,"(40.62030245, -74.12639292)"
5757,40.8659245,-73.85088963,"(40.8659245, -73.85088963)"
5758,40.86576343,-73.85089486,"(40.86576343, -73.85089486)"
5759,40.61075099,-74.13505016,"(40.61075099, -74.13505016)"
5760,40.76549094,-73.89086108,"(40.76549094, -73.89086108)"
5761,40.87673314,-73.8446756,"(40.87673314, -73.8446756)"
5762,40.84868382,-73.93204308,"(40.84868382, -73.93204308)"
5763,40.7271452,-73.8486164,"(40.7271452, -73.8486164)"
5764,40.85795961,-73.86418243,"(40.85795961, -73.86418243)"
5765,40.85796452,-73.86399637,"(40.85796452, -73.86399637)"
5766,40.76452528,-73.89085943,"(40.76452528, -73.89085943)"
5767,40.86133237,-73.92919988,"(40.86133237, -73.92919988)"
5768,40.54824836,-74.13989996,"(40.54824836, -74.13989996)"
5769,40.83651157,-73.90912194,"(40.83651157, -73.90912194)"
5770,40.8660926,-73.86042796,"(40.8660926, -73.86042796)"
5771,40.86154321,-73.92918137,"(40.86154321, -73.92918137)"
5772,40.88394587,-73.87772589,"(40.88394587, -73.87772589)"
5773,40.87867176,-73.85742454,"(40.87867176, -73.85742454)"
5774,40.74894014,-73.8579447,"(40.74894014, -73.8579447)"
5775,40.74758847,-73.82709043,"(40.74758847, -73.82709043)"
5776,40.74564597,-73.91813341,"(40.74564597, -73.91813341)"
5777,40.61770126,-74.138828,"(40.61770126, -74.138828)"
5778,40.86609791,-73.850884,"(40.86609791, -73.850884)"
5779,40.76558629,-73.8915613,"(40.76558629, -73.8915613)"
5780,40.68624358,-73.84594664,"(40.68624358, -73.84594664)"
5781,40.87178767,-73.84387088,"(40.87178767, -73.84387088)"
5782,40.61480326,-74.11988044,"(40.61480326, -74.11988044)"
5783,40.85796213,-73.86408705,"(40.85796213, -73.86408705)"
5784,40.65974974,-73.83702067,"(40.65974974, -73.83702067)"
5785,40.58732282,-73.9364061,"(40.58732282, -73.9364061)"
5786,40.85816961,-73.90920166,"(40.85816961, -73.90920166)"
5787,40.84668832,-73.86843923,"(40.84668832, -73.86843923)"
5788,40.73831769,-73.81657588,"(40.73831769, -73.81657588)"
5789,40.8841249,-73.85585839,"(40.8841249, -73.85585839)"
5790,40.8843742,-73.85572545,"(40.8843742, -73.85572545)"
5791,40.87264841,-73.83885777,"(40.87264841, -73.83885777)"
5792,40.76559736,-73.89167008,"(40.76559736, -73.89167008)"
5793,40.59052596,-73.93701051,"(40.59052596, -73.93701051)"
5794,40.8580474,-73.86070048,"(40.8580474, -73.86070048)"
5795,40.74743412,-73.92616714,"(40.74743412, -73.92616714)"
5796,40.85806599,-73.85997138,"(40.85806599, -73.85997138)"
5797,40.87319223,-73.84396416,"(40.87319223, -73.84396416)"
5798,40.65817134,-73.95952407,"(40.65817134, -73.95952407)"
5799,40.85795716,-73.86427564,"(40.85795716, -73.86427564)"
5800,40.85800544,-73.86244429,"(40.85800544, -73.86244429)"
5801,40.61465159,-74.13331411,"(40.61465159, -74.13331411)"
5802,40.87200562,-73.84371081,"(40.87200562, -73.84371081)"
5803,40.87714023,-73.82802049,"(40.87714023, -73.82802049)"
5804,40.60507557,-74.16205185,"(40.60507557, -74.16205185)"
5805,40.54537243,-74.21135699,"(40.54537243, -74.21135699)"
5806,40.53569615,-74.19444325,"(40.53569615, -74.19444325)"
5807,40.82745659,-73.82957418,"(40.82745659, -73.82957418)"
5808,40.76094586,-73.80727952,"(40.76094586, -73.80727952)"
5809,40.77782667,-73.95953424,"(40.77782667, -73.95953424)"
5810,40.86114661,-73.92908055,"(40.86114661, -73.92908055)"
5811,40.85799223,-73.86294575,"(40.85799223, -73.86294575)"
5812,40.87161939,-73.84356348,"(40.87161939, -73.84356348)"
5813,40.54513207,-74.21126402,"(40.54513207, -74.21126402)"
5814,40.76539813,-73.88952684,"(40.76539813, -73.88952684)"
5815,40.62030983,-74.10892106,"(40.62030983, -74.10892106)"
5816,40.61182352,-74.13518036,"(40.61182352, -74.13518036)"
5817,40.72126932,-73.86692234,"(40.72126932, -73.86692234)"
5818,40.61161559,-74.13504322,"(40.61161559, -74.13504322)"
5819,40.6154712,-73.93892723,"(40.6154712, -73.93892723)"
5820,40.70319579,-73.95043614,"(40.70319579, -73.95043614)"
5821,40.60210347,-73.97028458,"(40.60210347, -73.97028458)"
5822,40.54387924,-74.20411239,"(40.54387924, -74.20411239)"
5823,40.54384942,-74.20281989,"(40.54384942, -74.20281989)"
5824,40.77254083,-73.91986021,"(40.77254083, -73.91986021)"
5825,40.74460946,-73.81442283,"(40.74460946, -73.81442283)"
5826,40.74603242,-73.82171775,"(40.74603242, -73.82171775)"
5827,40.90267929,-73.89635237,"(40.90267929, -73.89635237)"
5828,40.71768506,-73.75186053,"(40.71768506, -73.75186053)"
5829,40.88681108,-73.90433291,"(40.88681108, -73.90433291)"
5830,40.8582366,-73.85543895,"(40.8582366, -73.85543895)"
5831,40.63448317,-73.95308291,"(40.63448317, -73.95308291)"
5832,40.74680908,-73.85684735,"(40.74680908, -73.85684735)"
5833,40.87553681,-73.84673142,"(40.87553681, -73.84673142)"
5834,40.67647442,-73.75053949,"(40.67647442, -73.75053949)"
5835,40.73858363,-73.78735966,"(40.73858363, -73.78735966)"
5836,40.61069884,-74.13505058,"(40.61069884, -74.13505058)"
5837,40.77602759,-73.93278171,"(40.77602759, -73.93278171)"
5838,40.87675344,-73.8446131,"(40.87675344, -73.8446131)"
5839,40.65813833,-73.96006151,"(40.65813833, -73.96006151)"
5840,40.88351266,-73.85238146,"(40.88351266, -73.85238146)"
5841,40.70427627,-73.92636616,"(40.70427627, -73.92636616)"
5842,40.53453294,-74.20087694,"(40.53453294, -74.20087694)"
5843,40.53460428,-74.20068487,"(40.53460428, -74.20068487)"
5844,40.85469338,-73.91328809,"(40.85469338, -73.91328809)"
5845,40.85457789,-73.91338302,"(40.85457789, -73.91338302)"
5846,40.60445375,-73.96317069,"(40.60445375, -73.96317069)"
5847,40.77266348,-73.92003557,"(40.77266348, -73.92003557)"
5848,40.5378176,-74.2004337,"(40.5378176, -74.2004337)"
5849,40.87620289,-73.84810895,"(40.87620289, -73.84810895)"
5850,40.84555336,-73.8680561,"(40.84555336, -73.8680561)"
5851,40.62017694,-74.10861,"(40.62017694, -74.10861)"
5852,40.82965704,-73.88044156,"(40.82965704, -73.88044156)"
5853,40.66581554,-73.83883947,"(40.66581554, -73.83883947)"
5854,40.54743443,-74.1741032,"(40.54743443, -74.1741032)"
5855,40.54190779,-74.21504255,"(40.54190779, -74.21504255)"
5856,40.87394501,-73.85847162,"(40.87394501, -73.85847162)"
5857,40.60592511,-74.159595,"(40.60592511, -74.159595)"
5858,40.8575415,-73.90991898,"(40.8575415, -73.90991898)"
5859,40.62301962,-74.12423049,"(40.62301962, -74.12423049)"
5860,40.60668836,-73.97296126,"(40.60668836, -73.97296126)"
5861,40.65291046,-73.94970854,"(40.65291046, -73.94970854)"
5862,40.8366102,-73.84542209,"(40.8366102, -73.84542209)"
5863,40.8090634,-73.96334479,"(40.8090634, -73.96334479)"
5864,40.54353309,-74.21020093,"(40.54353309, -74.21020093)"
5865,40.6837737,-73.9352799,"(40.6837737, -73.9352799)"
5866,40.7644828,-73.90686905,"(40.7644828, -73.90686905)"
5867,40.71774462,-73.75166806,"(40.71774462, -73.75166806)"
5868,40.83597978,-73.90935866,"(40.83597978, -73.90935866)"
5869,40.6070565,-73.95498339,"(40.6070565, -73.95498339)"
5870,40.61829985,-74.14027588,"(40.61829985, -74.14027588)"
5871,40.69765152,-73.84176242,"(40.69765152, -73.84176242)"
5872,40.61031796,-73.90402851,"(40.61031796, -73.90402851)"
5873,40.86125753,-73.92899872,"(40.86125753, -73.92899872)"
5874,40.87682917,-73.84662227,"(40.87682917, -73.84662227)"
5875,40.72579122,-73.85494181,"(40.72579122, -73.85494181)"
5876,40.87281941,-73.85851078,"(40.87281941, -73.85851078)"
5877,40.85807067,-73.85978784,"(40.85807067, -73.85978784)"
5878,40.55932489,-74.16563036,"(40.55932489, -74.16563036)"
5879,40.64887338,-73.84127338,"(40.64887338, -73.84127338)"
5880,40.61358872,-74.12545213,"(40.61358872, -74.12545213)"
5881,40.62006016,-74.10833664,"(40.62006016, -74.10833664)"
5882,40.61459357,-74.13648686,"(40.61459357, -74.13648686)"
5883,40.53481625,-74.20139554,"(40.53481625, -74.20139554)"
5884,40.85810348,-73.85850017,"(40.85810348, -73.85850017)"
5885,40.86766827,-73.86526711,"(40.86766827, -73.86526711)"
5886,40.53558369,-74.19993114,"(40.53558369, -74.19993114)"
5887,40.61133658,-73.90506483,"(40.61133658, -73.90506483)"
5888,40.74814349,-73.85753494,"(40.74814349, -73.85753494)"
5889,40.85813375,-73.85731185,"(40.85813375, -73.85731185)"
5890,40.85302636,-73.91695076,"(40.85302636, -73.91695076)"
5891,40.66091863,-73.84139992,"(40.66091863, -73.84139992)"
5892,40.71006434,-73.84396134,"(40.71006434, -73.84396134)"
5893,40.55466946,-74.16630377,"(40.55466946, -74.16630377)"
5894,40.58632783,-73.93077473,"(40.58632783, -73.93077473)"
5895,40.67435054,-73.95193212,"(40.67435054, -73.95193212)"
5896,40.78705607,-73.82237742,"(40.78705607, -73.82237742)"
5897,40.83671829,-73.84428584,"(40.83671829, -73.84428584)"
5898,40.61472029,-74.12729581,"(40.61472029, -74.12729581)"
5899,40.88338998,-73.9116731,"(40.88338998, -73.9116731)"
5900,40.76461114,-73.89007537,"(40.76461114, -73.89007537)"
5901,40.57225381,-73.86006104,"(40.57225381, -73.86006104)"
5902,40.54954957,-74.17825116,"(40.54954957, -74.17825116)"
5903,40.54367568,-74.2027305,"(40.54367568, -74.2027305)"
5904,40.52907984,-74.22087276,"(40.52907984, -74.22087276)"
5905,40.61074365,-73.90558792,"(40.61074365, -73.90558792)"
5906,40.63363123,-73.95292153,"(40.63363123, -73.95292153)"
5907,40.71082889,-73.84352335,"(40.71082889, -73.84352335)"
5908,40.87380699,-73.85847575,"(40.87380699, -73.85847575)"
5909,40.60190617,-73.97208653,"(40.60190617, -73.97208653)"
5910,40.69563174,-73.96139016,"(40.69563174, -73.96139016)"
5911,40.86135308,-73.92905981,"(40.86135308, -73.92905981)"
5912,40.62118619,-74.01019872,"(40.62118619, -74.01019872)"
5913,40.69603142,-73.96148147,"(40.69603142, -73.96148147)"
5914,40.53053946,-74.19043615,"(40.53053946, -74.19043615)"
5915,40.59611677,-73.94682331,"(40.59611677, -73.94682331)"
5916,40.88049355,-73.876761,"(40.88049355, -73.876761)"
5917,40.75472907,-73.92595298,"(40.75472907, -73.92595298)"
5918,40.61105098,-74.13612076,"(40.61105098, -74.13612076)"
5919,40.7482874,-73.96994989,"(40.7482874, -73.96994989)"
5920,40.604512,-73.9626192,"(40.604512, -73.9626192)"
5921,40.81954358,-73.81870483,"(40.81954358, -73.81870483)"
5922,40.61084535,-74.15060412,"(40.61084535, -74.15060412)"
5923,40.74156139,-73.81989109,"(40.74156139, -73.81989109)"
5924,40.85800295,-73.86253895,"(40.85800295, -73.86253895)"
5925,40.67727212,-73.94196046,"(40.67727212, -73.94196046)"
5926,40.85838693,-73.84368388,"(40.85838693, -73.84368388)"
5927,40.615055,-73.9874812,"(40.615055, -73.9874812)"
5928,40.73757102,-73.86611972,"(40.73757102, -73.86611972)"
5929,40.87364834,-73.84571097,"(40.87364834, -73.84571097)"
5930,40.71336262,-73.85134838,"(40.71336262, -73.85134838)"
5931,40.66482488,-73.83914901,"(40.66482488, -73.83914901)"
5932,40.73077518,-73.85187241,"(40.73077518, -73.85187241)"
5933,40.86198519,-73.92946396,"(40.86198519, -73.92946396)"
5934,40.57826907,-73.93870158,"(40.57826907, -73.93870158)"
5935,40.79333567,-73.80700344,"(40.79333567, -73.80700344)"
5936,40.87831817,-73.85631687,"(40.87831817, -73.85631687)"
5937,40.76550661,-73.89095265,"(40.76550661, -73.89095265)"
5938,40.60554866,-73.91310209,"(40.60554866, -73.91310209)"
5939,40.85802422,-73.8616095,"(40.85802422, -73.8616095)"
5940,40.85807522,-73.85960936,"(40.85807522, -73.85960936)"
5941,40.54152988,-74.19813297,"(40.54152988, -74.19813297)"
5942,40.8775929,-73.82795455,"(40.8775929, -73.82795455)"
5943,40.70017644,-73.84184858,"(40.70017644, -73.84184858)"
5944,40.65011788,-73.83967498,"(40.65011788, -73.83967498)"
5945,40.5104756,-74.23575871,"(40.5104756, -74.23575871)"
5946,40.61746787,-74.1529236,"(40.61746787, -74.1529236)"
5947,40.69022997,-73.94214041,"(40.69022997, -73.94214041)"
5948,40.61243468,-74.14845389,"(40.61243468, -74.14845389)"
5949,40.81059196,-73.96416772,"(40.81059196, -73.96416772)"
5950,40.85803946,-73.86101192,"(40.85803946, -73.86101192)"
5951,40.54000197,-74.14873262,"(40.54000197, -74.14873262)"
5952,40.74440351,-73.71713006,"(40.74440351, -73.71713006)"
5953,40.72992232,-73.85215804,"(40.72992232, -73.85215804)"
5954,40.65830836,-73.95729311,"(40.65830836, -73.95729311)"
5955,40.73850235,-74.00638828,"(40.73850235, -74.00638828)"
5956,40.67304167,-73.87879846,"(40.67304167, -73.87879846)"
5957,40.88067349,-73.87670139,"(40.88067349, -73.87670139)"
5958,40.7382187,-73.78853847,"(40.7382187, -73.78853847)"
5959,40.54089942,-74.20310264,"(40.54089942, -74.20310264)"
5960,40.84224095,-73.92035594,"(40.84224095, -73.92035594)"
5961,40.82873268,-73.88022435,"(40.82873268, -73.88022435)"
5962,40.83725661,-73.92745652,"(40.83725661, -73.92745652)"
5963,40.74012959,-73.81562838,"(40.74012959, -73.81562838)"
5964,40.85811892,-73.85789427,"(40.85811892, -73.85789427)"
5965,40.86102691,-73.92885127,"(40.86102691, -73.92885127)"
5966,40.86778242,-73.85837861,"(40.86778242, -73.85837861)"
5967,40.51571058,-74.20988527,"(40.51571058, -74.20988527)"
5968,40.87130251,-73.83757435,"(40.87130251, -73.83757435)"
5969,40.58641554,-73.92997651,"(40.58641554, -73.92997651)"
5970,40.74331617,-73.70963483,"(40.74331617, -73.70963483)"
5971,40.81038223,-73.96238396,"(40.81038223, -73.96238396)"
5972,40.68649713,-73.84695109,"(40.68649713, -73.84695109)"
5973,40.85822022,-73.85563405,"(40.85822022, -73.85563405)"
5974,40.84144011,-73.84769981,"(40.84144011, -73.84769981)"
5975,40.74738607,-73.86034709,"(40.74738607, -73.86034709)"
5976,40.83598156,-73.85324134,"(40.83598156, -73.85324134)"
5977,40.553641,-74.16727437,"(40.553641, -74.16727437)"
5978,40.58635994,-73.93048252,"(40.58635994, -73.93048252)"
5979,40.58638441,-73.9302598,"(40.58638441, -73.9302598)"
5980,40.53496659,-74.19929144,"(40.53496659, -74.19929144)"
5981,40.86016519,-73.84297658,"(40.86016519, -73.84297658)"
5982,40.61377884,-74.14290238,"(40.61377884, -74.14290238)"
5983,40.54604479,-74.21161708,"(40.54604479, -74.21161708)"
5984,40.74368065,-73.70977037,"(40.74368065, -73.70977037)"
5985,40.74345615,-73.70968689,"(40.74345615, -73.70968689)"
5986,40.53467203,-74.20132582,"(40.53467203, -74.20132582)"
5987,40.87271972,-73.83864076,"(40.87271972, -73.83864076)"
5988,40.6834001,-73.93545279,"(40.6834001, -73.93545279)"
5989,40.68329385,-73.93637395,"(40.68329385, -73.93637395)"
5990,40.8581386,-73.85712145,"(40.8581386, -73.85712145)"
5991,40.82968776,-73.87745613,"(40.82968776, -73.87745613)"
5992,40.82910213,-73.87731932,"(40.82910213, -73.87731932)"
5993,40.74043443,-73.78699539,"(40.74043443, -73.78699539)"
5994,40.61106641,-74.14862342,"(40.61106641, -74.14862342)"
5995,40.53547792,-74.20023379,"(40.53547792, -74.20023379)"
5996,40.61705085,-74.12733711,"(40.61705085, -74.12733711)"
5997,40.84252053,-73.87030377,"(40.84252053, -73.87030377)"
5998,40.54472975,-74.21904972,"(40.54472975, -74.21904972)"
5999,40.87594664,-73.86013024,"(40.87594664, -73.86013024)"
6000,40.61082237,-73.90438471,"(40.61082237, -73.90438471)"
6001,40.6957921,-73.96142679,"(40.6957921, -73.96142679)"
6002,40.86117432,-73.92894551,"(40.86117432, -73.92894551)"
6003,40.62132992,-74.01004875,"(40.62132992, -74.01004875)"
6004,40.85222053,-73.91608555,"(40.85222053, -73.91608555)"
6005,40.88098653,-73.8765977,"(40.88098653, -73.8765977)"
6006,40.7314055,-73.84941606,"(40.7314055, -73.84941606)"
6007,40.83374386,-73.87567737,"(40.83374386, -73.87567737)"
6008,40.76080605,-73.80653083,"(40.76080605, -73.80653083)"
6009,40.6426236,-74.10850264,"(40.6426236, -74.10850264)"
6010,40.85806826,-73.8598825,"(40.85806826, -73.8598825)"
6011,40.74625006,-73.85794827,"(40.74625006, -73.85794827)"
6012,40.84723985,-73.83168323,"(40.84723985, -73.83168323)"
6013,40.87321541,-73.84389385,"(40.87321541, -73.84389385)"
6014,40.65832036,-73.95709768,"(40.65832036, -73.95709768)"
6015,40.61070033,-74.15064429,"(40.61070033, -74.15064429)"
6016,40.61307173,-74.12176104,"(40.61307173, -74.12176104)"
6017,40.7777591,-73.95937379,"(40.7777591, -73.95937379)"
6018,40.85798007,-73.86340675,"(40.85798007, -73.86340675)"
6019,40.85798493,-73.8632225,"(40.85798493, -73.8632225)"
6020,40.85801283,-73.86216429,"(40.85801283, -73.86216429)"
6021,40.87192732,-73.84368094,"(40.87192732, -73.84368094)"
6022,40.71726084,-73.75358747,"(40.71726084, -73.75358747)"
6023,40.53738864,-74.20209959,"(40.53738864, -74.20209959)"
6024,40.60229464,-73.95209238,"(40.60229464, -73.95209238)"
6025,40.70700032,-73.92131144,"(40.70700032, -73.92131144)"
6026,40.72724401,-73.84828522,"(40.72724401, -73.84828522)"
6027,40.61455374,-74.12727329,"(40.61455374, -74.12727329)"
6028,40.68373995,-73.94550914,"(40.68373995, -73.94550914)"
6029,40.85824417,-73.85534876,"(40.85824417, -73.85534876)"
6030,40.83169219,-73.87696463,"(40.83169219, -73.87696463)"
6031,40.86180001,-73.84172641,"(40.86180001, -73.84172641)"
6032,40.76207022,-73.8272226,"(40.76207022, -73.8272226)"
6033,40.6154883,-74.13788531,"(40.6154883, -74.13788531)"
6034,40.74626619,-73.85789456,"(40.74626619, -73.85789456)"
6035,40.86825582,-73.89401825,"(40.86825582, -73.89401825)"
6036,40.61219796,-74.12063818,"(40.61219796, -74.12063818)"
6037,40.87274566,-73.84399309,"(40.87274566, -73.84399309)"
6038,40.59066549,-73.93510698,"(40.59066549, -73.93510698)"
6039,40.61529184,-74.14751893,"(40.61529184, -74.14751893)"
6040,40.53486229,-74.19743897,"(40.53486229, -74.19743897)"
6041,40.60737,-73.95192527,"(40.60737, -73.95192527)"
6042,40.53187242,-74.21800175,"(40.53187242, -74.21800175)"
6043,40.83619256,-73.90923605,"(40.83619256, -73.90923605)"
6044,40.83644097,-73.90913563,"(40.83644097, -73.90913563)"
6045,40.57187878,-73.86144373,"(40.57187878, -73.86144373)"
6046,40.84632553,-73.86833196,"(40.84632553, -73.86833196)"
6047,40.59639455,-73.95309605,"(40.59639455, -73.95309605)"
6048,40.73884516,-73.80796671,"(40.73884516, -73.80796671)"
6049,40.86601466,-73.86042968,"(40.86601466, -73.86042968)"
6050,40.53636338,-74.19704964,"(40.53636338, -74.19704964)"
6051,40.6108875,-73.90444844,"(40.6108875, -73.90444844)"
6052,40.61027521,-73.90400782,"(40.61027521, -73.90400782)"
6053,40.6936494,-73.8200918,"(40.6936494, -73.8200918)"
6054,40.83766116,-73.91121334,"(40.83766116, -73.91121334)"
6055,40.75849376,-73.99614511,"(40.75849376, -73.99614511)"
6056,40.88531241,-73.85247502,"(40.88531241, -73.85247502)"
6057,40.87164678,-73.83951608,"(40.87164678, -73.83951608)"
6058,40.66444608,-73.8397276,"(40.66444608, -73.8397276)"
6059,40.61648593,-74.12769608,"(40.61648593, -74.12769608)"
6060,40.61104031,-74.14676801,"(40.61104031, -74.14676801)"
6061,40.73773402,-73.78830779,"(40.73773402, -73.78830779)"
6062,40.85404187,-73.91382357,"(40.85404187, -73.91382357)"
6063,40.76541921,-73.88965528,"(40.76541921, -73.88965528)"
6064,40.84274594,-73.87054598,"(40.84274594, -73.87054598)"
6065,40.58630747,-73.93096003,"(40.58630747, -73.93096003)"
6066,40.84443461,-73.90585331,"(40.84443461, -73.90585331)"
6067,40.60294624,-73.96306729,"(40.60294624, -73.96306729)"
6068,40.71865715,-73.75191831,"(40.71865715, -73.75191831)"
6069,40.73832688,-73.81686864,"(40.73832688, -73.81686864)"
6070,40.60827701,-73.95521269,"(40.60827701, -73.95521269)"
6071,40.77279431,-73.92022262,"(40.77279431, -73.92022262)"
6072,40.61558178,-74.13785988,"(40.61558178, -74.13785988)"
6073,40.69609169,-73.96894874,"(40.69609169, -73.96894874)"
6074,40.85373771,-73.90898596,"(40.85373771, -73.90898596)"
6075,40.87840053,-73.85657487,"(40.87840053, -73.85657487)"
6076,40.82920946,-73.87830141,"(40.82920946, -73.87830141)"
6077,40.86179789,-73.92949891,"(40.86179789, -73.92949891)"
6078,40.76475608,-73.88981984,"(40.76475608, -73.88981984)"
6079,40.85209259,-73.91710133,"(40.85209259, -73.91710133)"
6080,40.71910413,-73.90733794,"(40.71910413, -73.90733794)"
6081,40.69587295,-73.96144527,"(40.69587295, -73.96144527)"
6082,40.67297914,-73.87922539,"(40.67297914, -73.87922539)"
6083,40.54462241,-74.21581757,"(40.54462241, -74.21581757)"
6084,40.5303049,-74.22231922,"(40.5303049, -74.22231922)"
6085,40.73814282,-73.78850236,"(40.73814282, -73.78850236)"
6086,40.53831347,-74.22369694,"(40.53831347, -74.22369694)"
6087,40.67655379,-73.83336808,"(40.67655379, -73.83336808)"
6088,40.61494555,-74.12654594,"(40.61494555, -74.12654594)"
6089,40.76933287,-73.9222441,"(40.76933287, -73.9222441)"
6090,40.53562216,-74.21592886,"(40.53562216, -74.21592886)"
6091,40.8386763,-73.84490932,"(40.8386763, -73.84490932)"
6092,40.60440089,-74.16091161,"(40.60440089, -74.16091161)"
6093,40.72968594,-73.85295536,"(40.72968594, -73.85295536)"
6094,40.74267335,-73.81887203,"(40.74267335, -73.81887203)"
6095,40.64876009,-73.8412454,"(40.64876009, -73.8412454)"
6096,40.74401872,-73.70989609,"(40.74401872, -73.70989609)"
6097,40.73863374,-73.81611418,"(40.73863374, -73.81611418)"
6098,40.61714,-73.93279479,"(40.61714, -73.93279479)"
6099,40.68318694,-73.93730082,"(40.68318694, -73.93730082)"
6100,40.63910118,-74.0140793,"(40.63910118, -74.0140793)"
6101,40.85808827,-73.85909703,"(40.85808827, -73.85909703)"
6102,40.86144049,-73.9291157,"(40.86144049, -73.9291157)"
6103,40.60528814,-74.15979316,"(40.60528814, -74.15979316)"
6104,40.60745462,-74.15933121,"(40.60745462, -74.15933121)"
6105,40.61115501,-74.1485987,"(40.61115501, -74.1485987)"
6106,40.65814786,-73.95990632,"(40.65814786, -73.95990632)"
6107,40.68074533,-73.81318824,"(40.68074533, -73.81318824)"
6108,40.61064393,-74.15065991,"(40.61064393, -74.15065991)"
6109,40.86187955,-73.92955137,"(40.86187955, -73.92955137)"
6110,40.81884589,-73.94436036,"(40.81884589, -73.94436036)"
6111,40.87766777,-73.82795738,"(40.87766777, -73.82795738)"
6112,40.5360399,-74.21725451,"(40.5360399, -74.21725451)"
6113,40.61438127,-74.11965789,"(40.61438127, -74.11965789)"
6114,40.82924146,-73.87639144,"(40.82924146, -73.87639144)"
6115,40.68958134,-73.80463964,"(40.68958134, -73.80463964)"
6116,40.60308499,-73.96887737,"(40.60308499, -73.96887737)"
6117,40.74850941,-73.77419355,"(40.74850941, -73.77419355)"
6118,40.74336127,-73.82091131,"(40.74336127, -73.82091131)"
6119,40.58631686,-73.93087451,"(40.58631686, -73.93087451)"
6120,40.55528468,-74.16756108,"(40.55528468, -74.16756108)"
6121,40.7092722,-73.75786886,"(40.7092722, -73.75786886)"
6122,40.59007766,-73.93692611,"(40.59007766, -73.93692611)"
6123,40.53572744,-74.19433107,"(40.53572744, -74.19433107)"
6124,40.78605587,-73.82302679,"(40.78605587, -73.82302679)"
6125,40.85805269,-73.86049309,"(40.85805269, -73.86049309)"
6126,40.74382795,-73.71740005,"(40.74382795, -73.71740005)"
6127,40.61163815,-73.99082486,"(40.61163815, -73.99082486)"
6128,40.69243303,-73.81748625,"(40.69243303, -73.81748625)"
6129,40.76544295,-73.88979996,"(40.76544295, -73.88979996)"
6130,40.84538647,-73.86799648,"(40.84538647, -73.86799648)"
6131,40.62021184,-74.10869169,"(40.62021184, -74.10869169)"
6132,40.85367713,-73.9128705,"(40.85367713, -73.9128705)"
6133,40.85801037,-73.86225751,"(40.85801037, -73.86225751)"
6134,40.67728719,-73.94223157,"(40.67728719, -73.94223157)"
6135,40.66593604,-73.99172812,"(40.66593604, -73.99172812)"
6136,40.7441338,-73.71409073,"(40.7441338, -73.71409073)"
6137,40.6985549,-73.92245345,"(40.6985549, -73.92245345)"
6138,40.70039943,-73.8084594,"(40.70039943, -73.8084594)"
6139,40.8064627,-73.95216194,"(40.8064627, -73.95216194)"
6140,40.83516915,-73.92717193,"(40.83516915, -73.92717193)"
6141,40.87307001,-73.85629088,"(40.87307001, -73.85629088)"
6142,40.59055411,-73.93508585,"(40.59055411, -73.93508585)"
6143,40.87679664,-73.84448013,"(40.87679664, -73.84448013)"
6144,40.60120751,-73.97341314,"(40.60120751, -73.97341314)"
6145,40.85602528,-73.91036561,"(40.85602528, -73.91036561)"
6146,40.8545234,-73.9134278,"(40.8545234, -73.9134278)"
6147,40.8468443,-73.91014579,"(40.8468443, -73.91014579)"
6148,40.6145242,-74.13650551,"(40.6145242, -74.13650551)"
6149,40.53475598,-74.20136641,"(40.53475598, -74.20136641)"
6150,40.87268003,-73.83876154,"(40.87268003, -73.83876154)"
6151,40.85813611,-73.85721936,"(40.85813611, -73.85721936)"
6152,40.61524466,-73.93867409,"(40.61524466, -73.93867409)"
6153,40.82941129,-73.87739154,"(40.82941129, -73.87739154)"
6154,40.7403971,-73.78713152,"(40.7403971, -73.78713152)"
6155,40.53556672,-74.19998811,"(40.53556672, -74.19998811)"
6156,40.70995279,-73.84400246,"(40.70995279, -73.84400246)"
6157,40.55455686,-74.1664579,"(40.55455686, -74.1664579)"
6158,40.67435749,-73.95205941,"(40.67435749, -73.95205941)"
6159,40.67434072,-73.95175233,"(40.67434072, -73.95175233)"
6160,40.76316412,-73.9254438,"(40.76316412, -73.9254438)"
6161,40.61967016,-74.12353006,"(40.61967016, -74.12353006)"
6162,40.74265266,-73.81881066,"(40.74265266, -73.81881066)"
6163,40.85800053,-73.86263071,"(40.85800053, -73.86263071)"
6164,40.6924095,-73.81756902,"(40.6924095, -73.81756902)"
6165,40.87682885,-73.82815283,"(40.87682885, -73.82815283)"
6166,40.60497944,-74.16207486,"(40.60497944, -74.16207486)"
6167,40.74389991,-73.72055816,"(40.74389991, -73.72055816)"
6168,40.53780121,-74.2005001,"(40.53780121, -74.2005001)"
6169,40.64954775,-73.84143993,"(40.64954775, -73.84143993)"
6170,40.87611988,-73.85411355,"(40.87611988, -73.85411355)"
6171,40.87598138,-73.85367798,"(40.87598138, -73.85367798)"
6172,40.61025336,-73.95491402,"(40.61025336, -73.95491402)"
6173,40.86778028,-73.85825572,"(40.86778028, -73.85825572)"
6174,40.61261118,-74.13595115,"(40.61261118, -74.13595115)"
6175,40.55615937,-74.16792638,"(40.55615937, -74.16792638)"
6176,40.61986016,-74.10786849,"(40.61986016, -74.10786849)"
6177,40.86584493,-73.85089221,"(40.86584493, -73.85089221)"
6178,40.87865115,-73.85282559,"(40.87865115, -73.85282559)"
6179,40.85802905,-73.86142018,"(40.85802905, -73.86142018)"
6180,40.85807984,-73.85942798,"(40.85807984, -73.85942798)"
6181,40.54180144,-74.19766963,"(40.54180144, -74.19766963)"
6182,40.61519436,-74.14214312,"(40.61519436, -74.14214312)"
6183,40.61058484,-74.15067627,"(40.61058484, -74.15067627)"
6184,40.60460085,-74.16187032,"(40.60460085, -74.16187032)"
6185,40.83202066,-73.82650551,"(40.83202066, -73.82650551)"
6186,40.61235801,-74.12064988,"(40.61235801, -74.12064988)"
6187,40.5345896,-74.2007376,"(40.5345896, -74.2007376)"
6188,40.84184683,-73.86957991,"(40.84184683, -73.86957991)"
6189,40.63894637,-74.0138229,"(40.63894637, -74.0138229)"
6190,40.76167208,-73.94136273,"(40.76167208, -73.94136273)"
6191,40.85336765,-73.91508557,"(40.85336765, -73.91508557)"
6192,40.69608283,-73.96876447,"(40.69608283, -73.96876447)"
6193,40.55974808,-74.16494171,"(40.55974808, -74.16494171)"
6194,40.69232977,-73.82230475,"(40.69232977, -73.82230475)"
6195,40.87838415,-73.85652354,"(40.87838415, -73.85652354)"
6196,40.67707288,-73.75239904,"(40.67707288, -73.75239904)"
6197,40.59599784,-73.9548517,"(40.59599784, -73.9548517)"
6198,40.65192081,-73.95251285,"(40.65192081, -73.95251285)"
6199,40.73937998,-73.86119476,"(40.73937998, -73.86119476)"
6200,40.8466168,-73.86842631,"(40.8466168, -73.86842631)"
6201,40.74381535,-73.70982046,"(40.74381535, -73.70982046)"
6202,40.73832229,-73.81672226,"(40.73832229, -73.81672226)"
6203,40.88425356,-73.85578962,"(40.88425356, -73.85578962)"
6204,40.53461332,-74.20129744,"(40.53461332, -74.20129744)"
6205,40.67926788,-73.97735363,"(40.67926788, -73.97735363)"
6206,40.74822853,-73.85757995,"(40.74822853, -73.85757995)"
6207,40.85813112,-73.85741519,"(40.85813112, -73.85741519)"
6208,40.86190149,-73.92941045,"(40.86190149, -73.92941045)"
6209,40.74047214,-73.78685791,"(40.74047214, -73.78685791)"
6210,40.66086468,-73.84138661,"(40.66086468, -73.84138661)"
6211,40.54930612,-74.14109825,"(40.54930612, -74.14109825)"
6212,40.61450153,-74.14229565,"(40.61450153, -74.14229565)"
6213,40.74878001,-73.83057376,"(40.74878001, -73.83057376)"
6214,40.86935183,-73.85245225,"(40.86935183, -73.85245225)"
6215,40.61922349,-74.14414622,"(40.61922349, -74.14414622)"
6216,40.55795706,-74.16932399,"(40.55795706, -74.16932399)"
6217,40.816601,-73.81888879,"(40.816601, -73.81888879)"
6218,40.77332661,-73.92317676,"(40.77332661, -73.92317676)"
6219,40.61157959,-73.94105935,"(40.61157959, -73.94105935)"
6220,40.71832856,-73.74587981,"(40.71832856, -73.74587981)"
6221,40.49958454,-74.24464901,"(40.49958454, -74.24464901)"
6222,40.74458786,-73.85322831,"(40.74458786, -73.85322831)"
6223,40.60633232,-73.95596032,"(40.60633232, -73.95596032)"
6224,40.76323257,-73.75939607,"(40.76323257, -73.75939607)"
6225,40.88376993,-73.89440589,"(40.88376993, -73.89440589)"
6226,40.74789674,-73.82988086,"(40.74789674, -73.82988086)"
6227,40.88331226,-73.8956033,"(40.88331226, -73.8956033)"
6228,40.62768058,-73.94907659,"(40.62768058, -73.94907659)"
6229,40.77331378,-73.96244315,"(40.77331378, -73.96244315)"
6230,40.74273858,-73.7123442,"(40.74273858, -73.7123442)"
6231,40.65322227,-73.74272129,"(40.65322227, -73.74272129)"
6232,40.72074769,-73.74125706,"(40.72074769, -73.74125706)"
6233,40.6339168,-73.90659457,"(40.6339168, -73.90659457)"
6234,40.60491327,-73.9776385,"(40.60491327, -73.9776385)"
6235,40.76189955,-73.76126722,"(40.76189955, -73.76126722)"
6236,40.69550833,-73.9321412,"(40.69550833, -73.9321412)"
6237,40.75870553,-73.96556218,"(40.75870553, -73.96556218)"
6238,40.62127073,-73.94975817,"(40.62127073, -73.94975817)"
6239,40.62411038,-74.02492444,"(40.62411038, -74.02492444)"
6240,40.5548712,-74.16600782,"(40.5548712, -74.16600782)"
6241,40.88336537,-73.87864801,"(40.88336537, -73.87864801)"
6242,40.88351297,-73.87859835,"(40.88351297, -73.87859835)"
6243,40.85402667,-73.91525764,"(40.85402667, -73.91525764)"
6244,40.69065147,-73.80658911,"(40.69065147, -73.80658911)"
6245,40.61326924,-73.9511535,"(40.61326924, -73.9511535)"
6246,40.87701749,-73.8295258,"(40.87701749, -73.8295258)"
6247,40.76326407,-73.80742857,"(40.76326407, -73.80742857)"
6248,40.59950109,-73.97471561,"(40.59950109, -73.97471561)"
6249,40.74613326,-73.82597836,"(40.74613326, -73.82597836)"
6250,40.80035045,-73.95782123,"(40.80035045, -73.95782123)"
6251,40.54027084,-74.15439995,"(40.54027084, -74.15439995)"
6252,40.59596324,-74.1654095,"(40.59596324, -74.1654095)"
6253,40.60669665,-73.97288715,"(40.60669665, -73.97288715)"
6254,40.67481656,-73.82296795,"(40.67481656, -73.82296795)"
6255,40.74359225,-73.76559437,"(40.74359225, -73.76559437)"
6256,40.60086866,-73.94867928,"(40.60086866, -73.94867928)"
6257,40.62830278,-74.11490851,"(40.62830278, -74.11490851)"
6258,40.88351207,-73.85512111,"(40.88351207, -73.85512111)"
6259,40.85286979,-73.90944127,"(40.85286979, -73.90944127)"
6260,40.65808883,-73.8349718,"(40.65808883, -73.8349718)"
6261,40.60651649,-73.96423693,"(40.60651649, -73.96423693)"
6262,40.85394733,-73.91502515,"(40.85394733, -73.91502515)"
6263,40.61254994,-73.95101665,"(40.61254994, -73.95101665)"
6264,40.73870601,-74.00625545,"(40.73870601, -74.00625545)"
6265,40.54608007,-74.21163073,"(40.54608007, -74.21163073)"
6266,40.73833679,-73.81701839,"(40.73833679, -73.81701839)"
6267,40.77552954,-73.90491321,"(40.77552954, -73.90491321)"
6268,40.77500105,-73.90617534,"(40.77500105, -73.90617534)"
6269,40.54522718,-74.2162579,"(40.54522718, -74.2162579)"
6270,40.88408004,-73.89023533,"(40.88408004, -73.89023533)"
6271,40.83223561,-73.92409088,"(40.83223561, -73.92409088)"
6272,40.86035174,-73.90921477,"(40.86035174, -73.90921477)"
6273,40.63081038,-73.93154725,"(40.63081038, -73.93154725)"
6274,40.74601234,-73.91521289,"(40.74601234, -73.91521289)"
6275,40.74625901,-73.91908638,"(40.74625901, -73.91908638)"
6276,40.72597649,-73.84704765,"(40.72597649, -73.84704765)"
6277,40.71832449,-73.98276558,"(40.71832449, -73.98276558)"
6278,40.60464112,-73.96847435,"(40.60464112, -73.96847435)"
6279,40.67902048,-73.81276101,"(40.67902048, -73.81276101)"
6280,40.70216733,-73.88683721,"(40.70216733, -73.88683721)"
6281,40.81354213,-73.9622443,"(40.81354213, -73.9622443)"
6282,40.60476545,-73.96786768,"(40.60476545, -73.96786768)"
6283,40.62987371,-73.96361032,"(40.62987371, -73.96361032)"
6284,40.87282543,-73.8566266,"(40.87282543, -73.8566266)"
6285,40.64452475,-74.10850421,"(40.64452475, -74.10850421)"
6286,40.5968624,-73.93438128,"(40.5968624, -73.93438128)"
6287,40.68096622,-73.81240636,"(40.68096622, -73.81240636)"
6288,40.87688272,-73.85855955,"(40.87688272, -73.85855955)"
6289,40.61806597,-74.1313944,"(40.61806597, -74.1313944)"
6290,40.53755885,-74.22117513,"(40.53755885, -74.22117513)"
6291,40.63934497,-74.01448311,"(40.63934497, -74.01448311)"
6292,40.85811392,-73.85809045,"(40.85811392, -73.85809045)"
6293,40.5484973,-74.1728439,"(40.5484973, -74.1728439)"
6294,40.61411627,-73.98036873,"(40.61411627, -73.98036873)"
6295,40.88308757,-73.89100072,"(40.88308757, -73.89100072)"
6296,40.55953657,-74.15597207,"(40.55953657, -74.15597207)"
6297,40.88078303,-73.84994792,"(40.88078303, -73.84994792)"
6298,40.61818144,-74.14629209,"(40.61818144, -74.14629209)"
6299,40.54190661,-74.21483305,"(40.54190661, -74.21483305)"
6300,40.87719138,-73.85510702,"(40.87719138, -73.85510702)"
6301,40.61735255,-74.14960527,"(40.61735255, -74.14960527)"
6302,40.83192507,-73.87439217,"(40.83192507, -73.87439217)"
6303,40.70204655,-73.88584184,"(40.70204655, -73.88584184)"
6304,40.50295356,-74.23183748,"(40.50295356, -74.23183748)"
6305,40.88049459,-73.85559305,"(40.88049459, -73.85559305)"
6306,40.61834123,-74.13125536,"(40.61834123, -74.13125536)"
6307,40.61202614,-74.13814057,"(40.61202614, -74.13814057)"
6308,40.86119167,-73.90998714,"(40.86119167, -73.90998714)"
6309,40.54246817,-74.1981565,"(40.54246817, -74.1981565)"
6310,40.74926087,-73.94033802,"(40.74926087, -73.94033802)"
6311,40.7500928,-73.86700019,"(40.7500928, -73.86700019)"
6312,40.52365351,-74.22113657,"(40.52365351, -74.22113657)"
6313,40.61243499,-74.14670634,"(40.61243499, -74.14670634)"
6314,40.64461152,-73.94994858,"(40.64461152, -73.94994858)"
6315,40.54243532,-74.21835846,"(40.54243532, -74.21835846)"
6316,40.8066056,-73.88660582,"(40.8066056, -73.88660582)"
6317,40.84417272,-73.90677452,"(40.84417272, -73.90677452)"
6318,40.84839252,-73.93808994,"(40.84839252, -73.93808994)"
6319,40.73839544,-73.81744816,"(40.73839544, -73.81744816)"
6320,40.68323596,-73.93687589,"(40.68323596, -73.93687589)"
6321,40.70323992,-73.95048653,"(40.70323992, -73.95048653)"
6322,40.8483575,-73.93126507,"(40.8483575, -73.93126507)"
6323,40.84301698,-73.84472873,"(40.84301698, -73.84472873)"
6324,40.84690607,-73.89416326,"(40.84690607, -73.89416326)"
6325,40.54364375,-74.20926584,"(40.54364375, -74.20926584)"
6326,40.61179835,-74.14666686,"(40.61179835, -74.14666686)"
6327,40.88364715,-73.87810585,"(40.88364715, -73.87810585)"
6328,40.58629102,-73.9311097,"(40.58629102, -73.9311097)"
6329,40.854366,-73.91355717,"(40.854366, -73.91355717)"
6330,40.78699461,-73.82235285,"(40.78699461, -73.82235285)"
6331,40.66167317,-73.89526977,"(40.66167317, -73.89526977)"
6332,40.76724449,-73.92200032,"(40.76724449, -73.92200032)"
6333,40.67520634,-73.82035888,"(40.67520634, -73.82035888)"
6334,40.76354654,-73.80784109,"(40.76354654, -73.80784109)"
6335,40.87287626,-73.83544212,"(40.87287626, -73.83544212)"
6336,40.83088882,-73.87596569,"(40.83088882, -73.87596569)"
6337,40.74644171,-73.82330633,"(40.74644171, -73.82330633)"
6338,40.61763907,-74.15472462,"(40.61763907, -74.15472462)"
6339,40.54478391,-74.21722391,"(40.54478391, -74.21722391)"
6340,40.61538949,-73.90865828,"(40.61538949, -73.90865828)"
6341,40.87577309,-73.85302295,"(40.87577309, -73.85302295)"
6342,40.73059149,-73.84829288,"(40.73059149, -73.84829288)"
6343,40.74346993,-73.8212372,"(40.74346993, -73.8212372)"
6344,40.62810852,-74.11305217,"(40.62810852, -74.11305217)"
6345,40.780098,-73.84137281,"(40.780098, -73.84137281)"
6346,40.67887053,-73.81329167,"(40.67887053, -73.81329167)"
6347,40.60480224,-73.96745491,"(40.60480224, -73.96745491)"
6348,40.60200973,-73.97112958,"(40.60200973, -73.97112958)"
6349,40.62507339,-74.13288008,"(40.62507339, -74.13288008)"
6350,40.60380351,-73.9699654,"(40.60380351, -73.9699654)"
6351,40.61497098,-73.98935369,"(40.61497098, -73.98935369)"
6352,40.72958636,-73.85328965,"(40.72958636, -73.85328965)"
6353,40.8689797,-73.83791306,"(40.8689797, -73.83791306)"
6354,40.77272016,-73.9201166,"(40.77272016, -73.9201166)"
6355,40.63883573,-74.01363964,"(40.63883573, -74.01363964)"
6356,40.86091447,-73.84103433,"(40.86091447, -73.84103433)"
6357,40.74611371,-73.82640017,"(40.74611371, -73.82640017)"
6358,40.61961387,-74.10729803,"(40.61961387, -74.10729803)"
6359,40.69386922,-73.81901699,"(40.69386922, -73.81901699)"
6360,40.60759937,-73.95508538,"(40.60759937, -73.95508538)"
6361,40.8538991,-73.9081065,"(40.8538991, -73.9081065)"
6362,40.63456956,-73.95309927,"(40.63456956, -73.95309927)"
6363,40.68388824,-73.83784009,"(40.68388824, -73.83784009)"
6364,40.85969613,-73.86316794,"(40.85969613, -73.86316794)"
6365,40.54860681,-74.17202373,"(40.54860681, -74.17202373)"
6366,40.69556576,-73.96137508,"(40.69556576, -73.96137508)"
6367,40.61311427,-74.14567634,"(40.61311427, -74.14567634)"
6368,40.74288729,-73.82383484,"(40.74288729, -73.82383484)"
6369,40.83276213,-73.82670984,"(40.83276213, -73.82670984)"
6370,40.54009405,-74.15422563,"(40.54009405, -74.15422563)"
6371,40.88128173,-73.85321377,"(40.88128173, -73.85321377)"
6372,40.53970046,-74.22354318,"(40.53970046, -74.22354318)"
6373,40.62482094,-74.1175303,"(40.62482094, -74.1175303)"
6374,40.61471938,-73.98116776,"(40.61471938, -73.98116776)"
6375,40.61467236,-73.98108983,"(40.61467236, -73.98108983)"
6376,40.87792827,-73.82966033,"(40.87792827, -73.82966033)"
6377,40.87781593,-73.82965156,"(40.87781593, -73.82965156)"
6378,40.63142615,-73.89336695,"(40.63142615, -73.89336695)"
6379,40.62120878,-74.12846581,"(40.62120878, -74.12846581)"
6380,40.6158836,-73.90920908,"(40.6158836, -73.90920908)"
6381,40.61576855,-73.90908082,"(40.61576855, -73.90908082)"
6382,40.6997,-73.91679633,"(40.6997, -73.91679633)"
6383,40.87587066,-73.85332979,"(40.87587066, -73.85332979)"
6384,40.61493017,-73.98761259,"(40.61493017, -73.98761259)"
6385,40.73837586,-73.81730466,"(40.73837586, -73.81730466)"
6386,40.83612743,-73.9085473,"(40.83612743, -73.9085473)"
6387,40.60131719,-73.96580152,"(40.60131719, -73.96580152)"
6388,40.74771388,-73.70706808,"(40.74771388, -73.70706808)"
6389,40.88189919,-73.85772998,"(40.88189919, -73.85772998)"
6390,40.88202545,-73.85812686,"(40.88202545, -73.85812686)"
6391,40.76728334,-73.92208333,"(40.76728334, -73.92208333)"
6392,40.74111766,-73.81656596,"(40.74111766, -73.81656596)"
6393,40.7473747,-73.97246962,"(40.7473747, -73.97246962)"
6394,40.74743237,-73.97260709,"(40.74743237, -73.97260709)"
6395,40.88219978,-73.85833995,"(40.88219978, -73.85833995)"
6396,40.75897252,-73.96427498,"(40.75897252, -73.96427498)"
6397,40.85796698,-73.86390315,"(40.85796698, -73.86390315)"
6398,40.81568695,-73.84713236,"(40.81568695, -73.84713236)"
6399,40.53454997,-74.20126682,"(40.53454997, -74.20126682)"
6400,40.74850658,-73.85772711,"(40.74850658, -73.85772711)"
6401,40.83181356,-73.87699278,"(40.83181356, -73.87699278)"
6402,40.53555593,-74.2000243,"(40.53555593, -74.2000243)"
6403,40.76720708,-73.92192039,"(40.76720708, -73.92192039)"
6404,40.84534103,-73.83541428,"(40.84534103, -73.83541428)"
6405,40.83729386,-73.91078427,"(40.83729386, -73.91078427)"
6406,40.68003423,-73.94433807,"(40.68003423, -73.94433807)"
6407,40.71797196,-73.98364212,"(40.71797196, -73.98364212)"
6408,40.7181022,-73.98357467,"(40.7181022, -73.98357467)"
6409,40.67433476,-73.81980911,"(40.67433476, -73.81980911)"
6410,40.60245433,-73.96971084,"(40.60245433, -73.96971084)"
6411,40.61312707,-74.12075022,"(40.61312707, -74.12075022)"
6412,40.62112957,-74.1226067,"(40.62112957, -74.1226067)"
6413,40.60065159,-73.97455578,"(40.60065159, -73.97455578)"
6414,40.72682994,-73.85661074,"(40.72682994, -73.85661074)"
6415,40.73451217,-73.78705226,"(40.73451217, -73.78705226)"
6416,40.70151156,-73.89045818,"(40.70151156, -73.89045818)"
6417,40.71803836,-73.98360773,"(40.71803836, -73.98360773)"
6418,40.60259126,-73.96973667,"(40.60259126, -73.96973667)"
6419,40.59125954,-73.93714861,"(40.59125954, -73.93714861)"
6420,40.75567396,-73.96283847,"(40.75567396, -73.96283847)"
6421,40.75578353,-73.96309452,"(40.75578353, -73.96309452)"
6422,40.85320409,-73.91730127,"(40.85320409, -73.91730127)"
6423,40.69520256,-73.81556497,"(40.69520256, -73.81556497)"
6424,40.52747098,-74.17631616,"(40.52747098, -74.17631616)"
6425,40.87848608,-73.85684287,"(40.87848608, -73.85684287)"
6426,40.87860228,-73.85720687,"(40.87860228, -73.85720687)"
6427,40.62799239,-74.1276889,"(40.62799239, -74.1276889)"
6428,40.77697017,-73.90695986,"(40.77697017, -73.90695986)"
6429,40.76541873,-73.89043916,"(40.76541873, -73.89043916)"
6430,40.63150912,-73.89324203,"(40.63150912, -73.89324203)"
6431,40.71792599,-73.98366592,"(40.71792599, -73.98366592)"
6432,40.61631537,-73.90969039,"(40.61631537, -73.90969039)"
6433,40.73068796,-73.84834307,"(40.73068796, -73.84834307)"
6434,40.7252792,-73.84576575,"(40.7252792, -73.84576575)"
6435,40.83723269,-73.84331394,"(40.83723269, -73.84331394)"
6436,40.51569911,-74.20994934,"(40.51569911, -74.20994934)"
6437,40.62382646,-74.02503878,"(40.62382646, -74.02503878)"
6438,40.58644059,-73.92974844,"(40.58644059, -73.92974844)"
6439,40.87564825,-73.8573934,"(40.87564825, -73.8573934)"
6440,40.87566609,-73.85304387,"(40.87566609, -73.85304387)"
6441,40.70000481,-73.91649786,"(40.70000481, -73.91649786)"
6442,40.69338403,-73.81996166,"(40.69338403, -73.81996166)"
6443,40.85498242,-73.91160001,"(40.85498242, -73.91160001)"
6444,40.78799559,-73.81895293,"(40.78799559, -73.81895293)"
6445,40.7878913,-73.81891017,"(40.7878913, -73.81891017)"
6446,40.81172852,-73.96139831,"(40.81172852, -73.96139831)"
6447,40.87057079,-73.89179036,"(40.87057079, -73.89179036)"
6448,40.87062166,-73.8918752,"(40.87062166, -73.8918752)"
6449,40.53851631,-74.20074074,"(40.53851631, -74.20074074)"
6450,40.85576027,-73.91502689,"(40.85576027, -73.91502689)"
6451,40.83567025,-73.90880323,"(40.83567025, -73.90880323)"
6452,40.7588927,-73.99213572,"(40.7588927, -73.99213572)"
6453,40.61668285,-73.93376173,"(40.61668285, -73.93376173)"
6454,40.60170722,-73.96587606,"(40.60170722, -73.96587606)"
6455,40.74800555,-73.97173305,"(40.74800555, -73.97173305)"
6456,40.71826481,-73.7442148,"(40.71826481, -73.7442148)"
6457,40.83622728,-73.91141153,"(40.83622728, -73.91141153)"
6458,40.72150531,-73.90039007,"(40.72150531, -73.90039007)"
6459,40.61736622,-74.14972788,"(40.61736622, -74.14972788)"
6460,40.74632298,-73.82331895,"(40.74632298, -73.82331895)"
6461,40.72510677,-73.84567868,"(40.72510677, -73.84567868)"
6462,40.80415142,-73.90730236,"(40.80415142, -73.90730236)"
6463,40.64863018,-74.01174236,"(40.64863018, -74.01174236)"
6464,40.60746885,-73.97566197,"(40.60746885, -73.97566197)"
6465,40.60531134,-73.91346935,"(40.60531134, -73.91346935)"
6466,40.61466486,-73.98753559,"(40.61466486, -73.98753559)"
6467,40.63052418,-73.95774342,"(40.63052418, -73.95774342)"
6468,40.62121475,-74.12839057,"(40.62121475, -74.12839057)"
6469,40.71786215,-73.98369898,"(40.71786215, -73.98369898)"
6470,40.61631973,-74.14321928,"(40.61631973, -74.14321928)"
6471,40.59646482,-73.95136763,"(40.59646482, -73.95136763)"
6472,40.8370324,-73.84288471,"(40.8370324, -73.84288471)"
6473,40.60272981,-73.96976281,"(40.60272981, -73.96976281)"
6474,40.80834498,-73.88207995,"(40.80834498, -73.88207995)"
6475,40.67402448,-73.89165418,"(40.67402448, -73.89165418)"
6476,40.85446268,-73.91031508,"(40.85446268, -73.91031508)"
6477,40.54921261,-74.14099246,"(40.54921261, -74.14099246)"
6478,40.72847042,-73.84719972,"(40.72847042, -73.84719972)"
6479,40.68496118,-73.83527725,"(40.68496118, -73.83527725)"
6480,40.74617788,-73.91910264,"(40.74617788, -73.91910264)"
6481,40.8783488,-73.85173463,"(40.8783488, -73.85173463)"
6482,40.73616351,-73.70398297,"(40.73616351, -73.70398297)"
6483,40.78018967,-73.84479791,"(40.78018967, -73.84479791)"
6484,40.7432017,-73.75075824,"(40.7432017, -73.75075824)"
6485,40.76720375,-73.9238032,"(40.76720375, -73.9238032)"
6486,40.84312414,-73.84510211,"(40.84312414, -73.84510211)"
6487,40.6590831,-73.95474563,"(40.6590831, -73.95474563)"
6488,40.84329314,-73.84497034,"(40.84329314, -73.84497034)"
6489,40.72724394,-73.84677603,"(40.72724394, -73.84677603)"
6490,40.83673919,-73.84433001,"(40.83673919, -73.84433001)"
6491,40.54132008,-74.19889769,"(40.54132008, -74.19889769)"
6492,40.62794851,-74.12804087,"(40.62794851, -74.12804087)"
6493,40.85755592,-73.90852546,"(40.85755592, -73.90852546)"
6494,40.85786577,-73.90824493,"(40.85786577, -73.90824493)"
6495,40.62842665,-74.11387357,"(40.62842665, -74.11387357)"
6496,40.53915296,-74.22364141,"(40.53915296, -74.22364141)"
6497,40.68914682,-73.93759559,"(40.68914682, -73.93759559)"
6498,40.60509753,-73.96785645,"(40.60509753, -73.96785645)"
6499,40.88258945,-73.85956853,"(40.88258945, -73.85956853)"
6500,40.83142423,-73.87609036,"(40.83142423, -73.87609036)"
6501,40.60659598,-73.95686085,"(40.60659598, -73.95686085)"
6502,40.87812523,-73.82931526,"(40.87812523, -73.82931526)"
6503,40.62045614,-74.10926354,"(40.62045614, -74.10926354)"
6504,40.63923961,-74.0143086,"(40.63923961, -74.0143086)"
6505,40.86173284,-73.92930262,"(40.86173284, -73.92930262)"
6506,40.86075925,-73.92868014,"(40.86075925, -73.92868014)"
6507,40.51565358,-74.21020354,"(40.51565358, -74.21020354)"
6508,40.76357914,-73.92510477,"(40.76357914, -73.92510477)"
6509,40.73889111,-73.78683491,"(40.73889111, -73.78683491)"
6510,40.62873234,-73.95181703,"(40.62873234, -73.95181703)"
6511,40.83056857,-73.825783,"(40.83056857, -73.825783)"
6512,40.62826257,-74.11524447,"(40.62826257, -74.11524447)"
6513,40.62836446,-74.11439318,"(40.62836446, -74.11439318)"
6514,40.86960563,-73.85866804,"(40.86960563, -73.85866804)"
6515,40.72588656,-73.85544079,"(40.72588656, -73.85544079)"
6516,40.61627386,-74.14322542,"(40.61627386, -74.14322542)"
6517,40.61499696,-74.12497892,"(40.61499696, -74.12497892)"
6518,40.88262973,-73.85741874,"(40.88262973, -73.85741874)"
6519,40.74485291,-73.81614373,"(40.74485291, -73.81614373)"
6520,40.74889601,-73.85938597,"(40.74889601, -73.85938597)"
6521,40.74879718,-73.8597188,"(40.74879718, -73.8597188)"
6522,40.85543865,-73.91392631,"(40.85543865, -73.91392631)"
6523,40.70104403,-73.76244825,"(40.70104403, -73.76244825)"
6524,40.5539813,-74.16556823,"(40.5539813, -74.16556823)"
6525,40.51027418,-74.23631231,"(40.51027418, -74.23631231)"
6526,40.84237615,-73.84529947,"(40.84237615, -73.84529947)"
6527,40.72651602,-73.85037772,"(40.72651602, -73.85037772)"
6528,40.68204978,-73.95462761,"(40.68204978, -73.95462761)"
6529,40.69421772,-73.96106713,"(40.69421772, -73.96106713)"
6530,40.52712653,-74.17607944,"(40.52712653, -74.17607944)"
6531,40.69609688,-73.96905671,"(40.69609688, -73.96905671)"
6532,40.87843245,-73.85667487,"(40.87843245, -73.85667487)"
6533,40.75488669,-73.92628866,"(40.75488669, -73.92628866)"
6534,40.65168143,-73.95248742,"(40.65168143, -73.95248742)"
6535,40.88034839,-73.91346717,"(40.88034839, -73.91346717)"
6536,40.85610164,-73.91554104,"(40.85610164, -73.91554104)"
6537,40.84585596,-73.89853506,"(40.84585596, -73.89853506)"
6538,40.55370956,-74.16550818,"(40.55370956, -74.16550818)"
6539,40.73599515,-73.92307055,"(40.73599515, -73.92307055)"
6540,40.88078087,-73.85455623,"(40.88078087, -73.85455623)"
6541,40.61373636,-74.12716501,"(40.61373636, -74.12716501)"
6542,40.7477482,-73.70690907,"(40.7477482, -73.70690907)"
6543,40.66173941,-73.89528696,"(40.66173941, -73.89528696)"
6544,40.76662344,-73.99392982,"(40.76662344, -73.99392982)"
6545,40.84339226,-73.91276935,"(40.84339226, -73.91276935)"
6546,40.75850252,-73.99059041,"(40.75850252, -73.99059041)"
6547,40.8752019,-73.85761603,"(40.8752019, -73.85761603)"
6548,40.75588259,-73.99265428,"(40.75588259, -73.99265428)"
6549,40.84597045,-73.93585596,"(40.84597045, -73.93585596)"
6550,40.63053248,-73.9576671,"(40.63053248, -73.9576671)"
6551,40.63051643,-73.95781476,"(40.63051643, -73.95781476)"
6552,40.8344564,-73.92764969,"(40.8344564, -73.92764969)"
6553,40.59650341,-73.95127058,"(40.59650341, -73.95127058)"
6554,40.67457457,-73.8197343,"(40.67457457, -73.8197343)"
6555,40.7205964,-73.9049271,"(40.7205964, -73.9049271)"
6556,40.88279922,-73.85659374,"(40.88279922, -73.85659374)"
6557,40.5358,-74.1940709,"(40.5358, -74.1940709)"
6558,40.75593902,-73.96352782,"(40.75593902, -73.96352782)"
6559,40.73320977,-73.70573998,"(40.73320977, -73.70573998)"
6560,40.87548558,-73.85779256,"(40.87548558, -73.85779256)"
6561,40.60439043,-73.97348189,"(40.60439043, -73.97348189)"
6562,40.60000737,-73.96118543,"(40.60000737, -73.96118543)"
6563,40.6938574,-73.81733118,"(40.6938574, -73.81733118)"
6564,40.87584522,-73.84964081,"(40.87584522, -73.84964081)"
6565,40.73112993,-73.8485676,"(40.73112993, -73.8485676)"
6566,40.72970795,-73.85288144,"(40.72970795, -73.85288144)"
6567,40.70404508,-73.94841409,"(40.70404508, -73.94841409)"
6568,40.8312075,-73.87494138,"(40.8312075, -73.87494138)"
6569,40.69928788,-73.91719985,"(40.69928788, -73.91719985)"
6570,40.72516749,-73.84570934,"(40.72516749, -73.84570934)"
6571,40.69384715,-73.82018877,"(40.69384715, -73.82018877)"
6572,40.70138972,-73.88804383,"(40.70138972, -73.88804383)"
6573,40.6740854,-73.89166952,"(40.6740854, -73.89166952)"
6574,40.75583804,-73.96322192,"(40.75583804, -73.96322192)"
6575,40.7559121,-73.96346491,"(40.7559121, -73.96346491)"
6576,40.70626526,-73.9253316,"(40.70626526, -73.9253316)"
6577,40.87593914,-73.84936931,"(40.87593914, -73.84936931)"
6578,40.72728158,-73.84660133,"(40.72728158, -73.84660133)"
6579,40.82983396,-73.87749029,"(40.82983396, -73.87749029)"
6580,40.72232992,-73.90050794,"(40.72232992, -73.90050794)"
6581,40.86800116,-73.89345594,"(40.86800116, -73.89345594)"
6582,40.76200164,-73.81163837,"(40.76200164, -73.81163837)"
6583,40.85776478,-73.87089743,"(40.85776478, -73.87089743)"
6584,40.7664265,-73.96056868,"(40.7664265, -73.96056868)"
6585,40.74506993,-73.91362595,"(40.74506993, -73.91362595)"
6586,40.72676311,-73.85665283,"(40.72676311, -73.85665283)"
6587,40.60902603,-73.96232354,"(40.60902603, -73.96232354)"
6588,40.63890158,-74.11522468,"(40.63890158, -74.11522468)"
6589,40.74807999,-73.97105544,"(40.74807999, -73.97105544)"
6590,40.75591854,-73.96341003,"(40.75591854, -73.96341003)"
6591,40.69193224,-73.81874495,"(40.69193224, -73.81874495)"
6592,40.72238722,-73.90051613,"(40.72238722, -73.90051613)"
6593,40.67484834,-73.82239409,"(40.67484834, -73.82239409)"
6594,40.88262564,-73.85968264,"(40.88262564, -73.85968264)"
6595,40.70139216,-73.89040888,"(40.70139216, -73.89040888)"
6596,40.84647477,-73.83199533,"(40.84647477, -73.83199533)"
6597,40.74606942,-73.91899939,"(40.74606942, -73.91899939)"
6598,40.76698006,-73.99366948,"(40.76698006, -73.99366948)"
6599,40.61569326,-73.98602987,"(40.61569326, -73.98602987)"
6600,40.67491881,-73.82237195,"(40.67491881, -73.82237195)"
6601,40.72545523,-73.84585463,"(40.72545523, -73.84585463)"
6602,40.67441648,-73.81978362,"(40.67441648, -73.81978362)"
6603,40.59951241,-73.95076439,"(40.59951241, -73.95076439)"
6604,40.84081507,-73.90933824,"(40.84081507, -73.90933824)"
6605,40.73604618,-73.70393967,"(40.73604618, -73.70393967)"
6606,40.78019002,-73.84467082,"(40.78019002, -73.84467082)"
6607,40.75763042,-73.96060077,"(40.75763042, -73.96060077)"
6608,40.67438247,-73.89174433,"(40.67438247, -73.89174433)"
6609,40.83143153,-73.82675241,"(40.83143153, -73.82675241)"
6610,40.64936292,-73.84044141,"(40.64936292, -73.84044141)"
6611,40.75147575,-73.94129941,"(40.75147575, -73.94129941)"
6612,40.81707439,-73.93052108,"(40.81707439, -73.93052108)"
6613,40.86836535,-73.86349438,"(40.86836535, -73.86349438)"
6614,40.74610429,-73.81594277,"(40.74610429, -73.81594277)"
6615,40.74463808,-73.81520378,"(40.74463808, -73.81520378)"
6616,40.60918473,-74.1390689,"(40.60918473, -74.1390689)"
6617,40.8165552,-73.85365478,"(40.8165552, -73.85365478)"
6618,40.79419169,-73.80688403,"(40.79419169, -73.80688403)"
6619,40.53545904,-74.20030135,"(40.53545904, -74.20030135)"
6620,40.65843894,-73.95518293,"(40.65843894, -73.95518293)"
6621,40.53732638,-74.22352268,"(40.53732638, -74.22352268)"
6622,40.76656776,-73.99397047,"(40.76656776, -73.99397047)"
6623,40.74140833,-73.81711791,"(40.74140833, -73.81711791)"
6624,40.72574505,-73.84782239,"(40.72574505, -73.84782239)"
6625,40.87017615,-73.84088151,"(40.87017615, -73.84088151)"
6626,40.74740135,-73.97253314,"(40.74740135, -73.97253314)"
6627,40.74482341,-73.91545193,"(40.74482341, -73.91545193)"
6628,40.75894219,-73.96420299,"(40.75894219, -73.96420299)"
6629,40.83855573,-73.90929037,"(40.83855573, -73.90929037)"
6630,40.63157368,-73.8931448,"(40.63157368, -73.8931448)"
6631,40.8459435,-73.93579298,"(40.8459435, -73.93579298)"
6632,40.84181496,-73.83957727,"(40.84181496, -73.83957727)"
6633,40.7449208,-73.81381657,"(40.7449208, -73.81381657)"
6634,40.60454196,-73.96319469,"(40.60454196, -73.96319469)"
6635,40.61058118,-74.13931352,"(40.61058118, -74.13931352)"
6636,40.61503318,-73.98493729,"(40.61503318, -73.98493729)"
6637,40.53679438,-74.20105499,"(40.53679438, -74.20105499)"
6638,40.67552799,-73.82218058,"(40.67552799, -73.82218058)"
6639,40.88240086,-73.85897393,"(40.88240086, -73.85897393)"
6640,40.87152273,-73.84557656,"(40.87152273, -73.84557656)"
6641,40.61461028,-73.98744529,"(40.61461028, -73.98744529)"
6642,40.84590846,-73.93571112,"(40.84590846, -73.93571112)"
6643,40.54491841,-74.21662019,"(40.54491841, -74.21662019)"
6644,40.54477298,-74.21727295,"(40.54477298, -74.21727295)"
6645,40.87573216,-73.85289422,"(40.87573216, -73.85289422)"
6646,40.74640147,-73.91905784,"(40.74640147, -73.91905784)"
6647,40.85492237,-73.91137415,"(40.85492237, -73.91137415)"
6648,40.70094485,-73.76282753,"(40.70094485, -73.76282753)"
6649,40.65388443,-73.9326253,"(40.65388443, -73.9326253)"
6650,40.88242525,-73.85938357,"(40.88242525, -73.85938357)"
6651,40.84214169,-73.84473013,"(40.84214169, -73.84473013)"
6652,40.61118127,-73.99080798,"(40.61118127, -73.99080798)"
6653,40.59952407,-73.95065599,"(40.59952407, -73.95065599)"
6654,40.69859481,-73.76268585,"(40.69859481, -73.76268585)"
6655,40.80035104,-73.95787538,"(40.80035104, -73.95787538)"
6656,40.67534846,-73.82031482,"(40.67534846, -73.82031482)"
6657,40.74503042,-73.91541031,"(40.74503042, -73.91541031)"
6658,40.64879191,-73.84006146,"(40.64879191, -73.84006146)"
6659,40.81169663,-73.96359096,"(40.81169663, -73.96359096)"
6660,40.87815567,-73.82890308,"(40.87815567, -73.82890308)"
6661,40.69211558,-73.94539757,"(40.69211558, -73.94539757)"
6662,40.63168659,-73.89297479,"(40.63168659, -73.89297479)"
6663,40.7445228,-73.9268998,"(40.7445228, -73.9268998)"
6664,40.7632697,-73.79114077,"(40.7632697, -73.79114077)"
6665,40.54761849,-74.15943098,"(40.54761849, -74.15943098)"
6666,40.62991945,-74.12559286,"(40.62991945, -74.12559286)"
6667,40.7013156,-73.92288649,"(40.7013156, -73.92288649)"
6668,40.7481496,-73.70745217,"(40.7481496, -73.70745217)"
6669,40.84248368,-73.91189601,"(40.84248368, -73.91189601)"
6670,40.74379228,-73.71273665,"(40.74379228, -73.71273665)"
6671,40.61828102,-74.13059981,"(40.61828102, -74.13059981)"
6672,40.61834094,-74.12957336,"(40.61834094, -74.12957336)"
6673,40.73084051,-73.85305185,"(40.73084051, -73.85305185)"
6674,40.61603762,-73.93824566,"(40.61603762, -73.93824566)"
6675,40.74312881,-73.87773982,"(40.74312881, -73.87773982)"
6676,40.75158379,-73.71595436,"(40.75158379, -73.71595436)"
6677,40.85663033,-73.93216948,"(40.85663033, -73.93216948)"
6678,40.76189784,-73.79019831,"(40.76189784, -73.79019831)"
6679,40.66269241,-73.83891602,"(40.66269241, -73.83891602)"
6680,40.75115946,-73.71733677,"(40.75115946, -73.71733677)"
6681,40.74079392,-73.8234508,"(40.74079392, -73.8234508)"
6682,40.67648588,-73.83217679,"(40.67648588, -73.83217679)"
6683,40.83193855,-73.92137447,"(40.83193855, -73.92137447)"
6684,40.658509,-73.95405749,"(40.658509, -73.95405749)"
6685,40.54658045,-74.19987791,"(40.54658045, -74.19987791)"
6686,40.61724034,-73.9207903,"(40.61724034, -73.9207903)"
6687,40.61157973,-73.98996439,"(40.61157973, -73.98996439)"
6688,40.75857725,-73.89627573,"(40.75857725, -73.89627573)"
6689,40.59948579,-73.95101184,"(40.59948579, -73.95101184)"
6690,40.87705298,-73.8297583,"(40.87705298, -73.8297583)"
6691,40.59136007,-73.93716754,"(40.59136007, -73.93716754)"
6692,40.75581072,-73.96315807,"(40.75581072, -73.96315807)"
6693,40.75754433,-73.96066305,"(40.75754433, -73.96066305)"
6694,40.77677696,-73.90649457,"(40.77677696, -73.90649457)"
6695,40.72702733,-73.84666309,"(40.72702733, -73.84666309)"
6696,40.83845629,-73.84792191,"(40.83845629, -73.84792191)"
6697,40.75625114,-73.96389012,"(40.75625114, -73.96389012)"
6698,40.88239129,-73.85927684,"(40.88239129, -73.85927684)"
6699,40.63307495,-74.12826975,"(40.63307495, -74.12826975)"
6700,40.63291225,-74.12823626,"(40.63291225, -74.12823626)"
6701,40.76723408,-73.92386767,"(40.76723408, -73.92386767)"
6702,40.76718064,-73.92375408,"(40.76718064, -73.92375408)"
6703,40.65906069,-73.95510645,"(40.65906069, -73.95510645)"
6704,40.74716049,-73.92636944,"(40.74716049, -73.92636944)"
6705,40.75620715,-73.963786,"(40.75620715, -73.963786)"
6706,40.85926416,-73.85485155,"(40.85926416, -73.85485155)"
6707,40.86814712,-73.89377824,"(40.86814712, -73.89377824)"
6708,40.66553685,-73.9909013,"(40.66553685, -73.9909013)"
6709,40.74532056,-73.82161652,"(40.74532056, -73.82161652)"
6710,40.54470142,-74.21759416,"(40.54470142, -74.21759416)"
6711,40.60352079,-73.96883584,"(40.60352079, -73.96883584)"
6712,40.55596802,-74.16790333,"(40.55596802, -74.16790333)"
6713,40.53537317,-74.19909944,"(40.53537317, -74.19909944)"
6714,40.55566146,-74.16764843,"(40.55566146, -74.16764843)"
6715,40.63327264,-73.96181446,"(40.63327264, -73.96181446)"
6716,40.70657629,-73.92174474,"(40.70657629, -73.92174474)"
6717,40.67584903,-73.960497,"(40.67584903, -73.960497)"
6718,40.57172279,-73.86123955,"(40.57172279, -73.86123955)"
6719,40.66574409,-73.98574353,"(40.66574409, -73.98574353)"
6720,40.52816308,-74.22684684,"(40.52816308, -74.22684684)"
6721,40.82252232,-73.86220215,"(40.82252232, -73.86220215)"
6722,40.77905497,-73.96074419,"(40.77905497, -73.96074419)"
6723,40.84780278,-73.86530061,"(40.84780278, -73.86530061)"
6724,40.72483725,-73.90437689,"(40.72483725, -73.90437689)"
6725,40.54954246,-74.21064874,"(40.54954246, -74.21064874)"
6726,40.69835976,-73.73779739,"(40.69835976, -73.73779739)"
6727,40.86515876,-73.85188421,"(40.86515876, -73.85188421)"
6728,40.67296079,-73.87935071,"(40.67296079, -73.87935071)"
6729,40.88352688,-73.85593599,"(40.88352688, -73.85593599)"
6730,40.7531476,-73.92914387,"(40.7531476, -73.92914387)"
6731,40.53859988,-74.20304135,"(40.53859988, -74.20304135)"
6732,40.74782065,-73.8278588,"(40.74782065, -73.8278588)"
6733,40.83717643,-73.8473834,"(40.83717643, -73.8473834)"
6734,40.73405471,-73.78941843,"(40.73405471, -73.78941843)"
6735,40.60288835,-73.97330422,"(40.60288835, -73.97330422)"
6736,40.5389152,-74.19660662,"(40.5389152, -74.19660662)"
6737,40.81774143,-73.93837085,"(40.81774143, -73.93837085)"
6738,40.64780167,-73.90200568,"(40.64780167, -73.90200568)"
6739,40.54744566,-74.17950522,"(40.54744566, -74.17950522)"
6740,40.5360047,-74.21686722,"(40.5360047, -74.21686722)"
6741,40.85578021,-73.85769316,"(40.85578021, -73.85769316)"
6742,40.83697406,-73.84275969,"(40.83697406, -73.84275969)"
6743,40.6041654,-73.97003368,"(40.6041654, -73.97003368)"
6744,40.84274587,-73.91313138,"(40.84274587, -73.91313138)"
6745,40.85448316,-73.91038216,"(40.85448316, -73.91038216)"
6746,40.77682853,-73.90643125,"(40.77682853, -73.90643125)"
6747,40.74374487,-73.75101612,"(40.74374487, -73.75101612)"
6748,40.74395268,-73.75111479,"(40.74395268, -73.75111479)"
6749,40.5772168,-73.84965878,"(40.5772168, -73.84965878)"
6750,40.87599043,-73.84921337,"(40.87599043, -73.84921337)"
6751,40.70532758,-73.95303495,"(40.70532758, -73.95303495)"
6752,40.87319199,-73.85835871,"(40.87319199, -73.85835871)"
6753,40.87408853,-73.858306,"(40.87408853, -73.858306)"
6754,40.5080497,-74.22898633,"(40.5080497, -74.22898633)"
6755,40.73676656,-73.70420551,"(40.73676656, -73.70420551)"
6756,40.76744061,-73.92430666,"(40.76744061, -73.92430666)"
6757,40.83813742,-73.84827163,"(40.83813742, -73.84827163)"
6758,40.75618382,-73.96373078,"(40.75618382, -73.96373078)"
6759,40.74708729,-73.87238541,"(40.74708729, -73.87238541)"
6760,40.8261164,-73.82790464,"(40.8261164, -73.82790464)"
6761,40.5445192,-74.21841201,"(40.5445192, -74.21841201)"
6762,40.56849566,-74.11469095,"(40.56849566, -74.11469095)"
6763,40.55554415,-74.16762123,"(40.55554415, -74.16762123)"
6764,40.53752811,-74.22160713,"(40.53752811, -74.22160713)"
6765,40.53752046,-74.2217146,"(40.53752046, -74.2217146)"
6766,40.60334822,-73.97323964,"(40.60334822, -73.97323964)"
6767,40.53864359,-74.19758659,"(40.53864359, -74.19758659)"
6768,40.81697599,-73.81414218,"(40.81697599, -73.81414218)"
6769,40.83949108,-73.90934133,"(40.83949108, -73.90934133)"
6770,40.83957971,-73.90928891,"(40.83957971, -73.90928891)"
6771,40.86069319,-73.90910784,"(40.86069319, -73.90910784)"
6772,40.81339187,-73.96235398,"(40.81339187, -73.96235398)"
6773,40.73657078,-73.92373652,"(40.73657078, -73.92373652)"
6774,40.60850293,-73.90938313,"(40.60850293, -73.90938313)"
6775,40.75434133,-73.93037752,"(40.75434133, -73.93037752)"
6776,40.61187085,-74.13504117,"(40.61187085, -74.13504117)"
6777,40.87308846,-73.85734825,"(40.87308846, -73.85734825)"
6778,40.54515213,-74.21405285,"(40.54515213, -74.21405285)"
6779,40.75321281,-73.9290904,"(40.75321281, -73.9290904)"
6780,40.54505921,-74.20946057,"(40.54505921, -74.20946057)"
6781,40.74613798,-73.82491759,"(40.74613798, -73.82491759)"
6782,40.632736,-74.12819998,"(40.632736, -74.12819998)"
6783,40.61383461,-74.10331945,"(40.61383461, -74.10331945)"
6784,40.53543954,-74.19536333,"(40.53543954, -74.19536333)"
6785,40.5354938,-74.20168655,"(40.5354938, -74.20168655)"
6786,40.62157662,-74.12523927,"(40.62157662, -74.12523927)"
6787,40.5779828,-74.11910289,"(40.5779828, -74.11910289)"
6788,40.74632892,-73.85768579,"(40.74632892, -73.85768579)"
6789,40.53045912,-74.21756407,"(40.53045912, -74.21756407)"
6790,40.74499645,-73.70725408,"(40.74499645, -73.70725408)"
6791,40.88631214,-73.90491965,"(40.88631214, -73.90491965)"
6792,40.715357,-73.75735755,"(40.715357, -73.75735755)"
6793,40.6015728,-73.95394365,"(40.6015728, -73.95394365)"
6794,40.54962177,-74.17704147,"(40.54962177, -74.17704147)"
6795,40.72553802,-73.8462909,"(40.72553802, -73.8462909)"
6796,40.85494577,-73.91146218,"(40.85494577, -73.91146218)"
6797,40.72063935,-73.90485769,"(40.72063935, -73.90485769)"
6798,40.87051755,-73.89170155,"(40.87051755, -73.89170155)"
6799,40.74649872,-73.82310712,"(40.74649872, -73.82310712)"
6800,40.83624934,-73.8524762,"(40.83624934, -73.8524762)"
6801,40.67953943,-73.9780463,"(40.67953943, -73.9780463)"
6802,40.62006457,-74.12359995,"(40.62006457, -74.12359995)"
6803,40.78575028,-73.9574728,"(40.78575028, -73.9574728)"
6804,40.74126064,-73.82341543,"(40.74126064, -73.82341543)"
6805,40.61536974,-74.13922048,"(40.61536974, -74.13922048)"
6806,40.61477979,-73.90929277,"(40.61477979, -73.90929277)"
6807,40.6151226,-73.90967337,"(40.6151226, -73.90967337)"
6808,40.61579233,-73.98619386,"(40.61579233, -73.98619386)"
6809,40.57023696,-74.11310491,"(40.57023696, -74.11310491)"
6810,40.64880423,-73.8399765,"(40.64880423, -73.8399765)"
6811,40.81163852,-73.96363332,"(40.81163852, -73.96363332)"
6812,40.81175761,-73.9635465,"(40.81175761, -73.9635465)"
6813,40.68493871,-73.83535551,"(40.68493871, -73.83535551)"
6814,40.63063679,-73.963082,"(40.63063679, -73.963082)"
6815,40.69331923,-73.81992988,"(40.69331923, -73.81992988)"
6816,40.84188167,-73.83944906,"(40.84188167, -73.83944906)"
6817,40.80847218,-73.9637755,"(40.80847218, -73.9637755)"
6818,40.60365498,-73.96981151,"(40.60365498, -73.96981151)"
6819,40.60875715,-73.90373751,"(40.60875715, -73.90373751)"
6820,40.61219798,-73.90759966,"(40.61219798, -73.90759966)"
6821,40.54179012,-74.21761903,"(40.54179012, -74.21761903)"
6822,40.87577303,-73.85834487,"(40.87577303, -73.85834487)"
6823,40.6115936,-74.14943636,"(40.6115936, -74.14943636)"
6824,40.51026535,-74.23431697,"(40.51026535, -74.23431697)"
6825,40.50790489,-74.22970167,"(40.50790489, -74.22970167)"
6826,40.53784805,-74.20274802,"(40.53784805, -74.20274802)"
6827,40.54531421,-74.20955584,"(40.54531421, -74.20955584)"
6828,40.83709091,-73.84725915,"(40.83709091, -73.84725915)"
6829,40.66433823,-73.83846811,"(40.66433823, -73.83846811)"
6830,40.74637838,-73.82583855,"(40.74637838, -73.82583855)"
6831,40.52853275,-74.17851018,"(40.52853275, -74.17851018)"
6832,40.74634878,-73.91799206,"(40.74634878, -73.91799206)"
6833,40.53896168,-74.1964389,"(40.53896168, -74.1964389)"
6834,40.73637175,-73.70405982,"(40.73637175, -73.70405982)"
6835,40.75579905,-73.96282022,"(40.75579905, -73.96282022)"
6836,40.87596686,-73.84928504,"(40.87596686, -73.84928504)"
6837,40.74701915,-73.87223211,"(40.74701915, -73.87223211)"
6838,40.54782469,-74.17604435,"(40.54782469, -74.17604435)"
6839,40.73402306,-73.78883393,"(40.73402306, -73.78883393)"
6840,40.74741306,-73.87282617,"(40.74741306, -73.87282617)"
6841,40.53733931,-74.2022782,"(40.53733931, -74.2022782)"
6842,40.61222995,-74.12051806,"(40.61222995, -74.12051806)"
6843,40.67861167,-73.97540913,"(40.67861167, -73.97540913)"
6844,40.54456534,-74.21898425,"(40.54456534, -74.21898425)"
6845,40.54487367,-74.21910703,"(40.54487367, -74.21910703)"
6846,40.74614438,-73.85830004,"(40.74614438, -73.85830004)"
6847,40.87120075,-73.84540156,"(40.87120075, -73.84540156)"
6848,40.63046759,-73.95826415,"(40.63046759, -73.95826415)"
6849,40.6764268,-73.75038902,"(40.6764268, -73.75038902)"
6850,40.60396218,-73.96999534,"(40.60396218, -73.96999534)"
6851,40.75787235,-73.96042574,"(40.75787235, -73.96042574)"
6852,40.76167892,-73.80845618,"(40.76167892, -73.80845618)"
6853,40.76190555,-73.80842569,"(40.76190555, -73.80842569)"
6854,40.88220922,-73.85870452,"(40.88220922, -73.85870452)"
6855,40.61538426,-73.93883008,"(40.61538426, -73.93883008)"
6856,40.75835657,-73.99469303,"(40.75835657, -73.99469303)"
6857,40.66564885,-73.99113327,"(40.66564885, -73.99113327)"
6858,40.50930223,-74.2301373,"(40.50930223, -74.2301373)"
6859,40.74621319,-73.82520569,"(40.74621319, -73.82520569)"
6860,40.83437763,-73.92770248,"(40.83437763, -73.92770248)"
6861,40.63062518,-73.96319046,"(40.63062518, -73.96319046)"
6862,40.761803,-73.81225907,"(40.761803, -73.81225907)"
6863,40.59653934,-73.95118023,"(40.59653934, -73.95118023)"
6864,40.7307635,-73.84838238,"(40.7307635, -73.84838238)"
6865,40.70123554,-73.8898319,"(40.70123554, -73.8898319)"
6866,40.85553903,-73.91392704,"(40.85553903, -73.91392704)"
6867,40.74331101,-73.8207606,"(40.74331101, -73.8207606)"
6868,40.85516997,-73.91230558,"(40.85516997, -73.91230558)"
6869,40.74521004,-73.82558237,"(40.74521004, -73.82558237)"
6870,40.59023628,-73.93502555,"(40.59023628, -73.93502555)"
6871,40.73757883,-73.7526179,"(40.73757883, -73.7526179)"
6872,40.76307775,-73.80745226,"(40.76307775, -73.80745226)"
6873,40.70039733,-73.8119008,"(40.70039733, -73.8119008)"
6874,40.60402412,-73.97000703,"(40.60402412, -73.97000703)"
6875,40.60265972,-73.96974959,"(40.60265972, -73.96974959)"
6876,40.84086206,-73.90934946,"(40.84086206, -73.90934946)"
6877,40.60882883,-73.95355624,"(40.60882883, -73.95355624)"
6878,40.77386772,-73.92051965,"(40.77386772, -73.92051965)"
6879,40.7433995,-73.75198159,"(40.7433995, -73.75198159)"
6880,40.72253425,-73.74171653,"(40.72253425, -73.74171653)"
6881,40.81433226,-73.82505538,"(40.81433226, -73.82505538)"
6882,40.54166901,-74.20964525,"(40.54166901, -74.20964525)"
6883,40.61083587,-74.14964389,"(40.61083587, -74.14964389)"
6884,40.61463811,-74.13056663,"(40.61463811, -74.13056663)"
6885,40.53598516,-74.21726601,"(40.53598516, -74.21726601)"
6886,40.75548995,-73.96240847,"(40.75548995, -73.96240847)"
6887,40.73342738,-73.70582103,"(40.73342738, -73.70582103)"
6888,40.75795748,-73.96036415,"(40.75795748, -73.96036415)"
6889,40.86603271,-73.86186674,"(40.86603271, -73.86186674)"
6890,40.75575079,-73.96270601,"(40.75575079, -73.96270601)"
6891,40.66223541,-73.84315837,"(40.66223541, -73.84315837)"
6892,40.60510396,-73.96457319,"(40.60510396, -73.96457319)"
6893,40.74597618,-73.85885991,"(40.74597618, -73.85885991)"
6894,40.53104914,-74.22244718,"(40.53104914, -74.22244718)"
6895,40.53115997,-74.22242162,"(40.53115997, -74.22242162)"
6896,40.70054308,-73.81014718,"(40.70054308, -73.81014718)"
6897,40.84841219,-73.83533681,"(40.84841219, -73.83533681)"
6898,40.86921687,-73.85660083,"(40.86921687, -73.85660083)"
6899,40.61203925,-74.10005442,"(40.61203925, -74.10005442)"
6900,40.87213666,-73.83701855,"(40.87213666, -73.83701855)"
6901,40.78018931,-73.84493079,"(40.78018931, -73.84493079)"
6902,40.74311444,-73.75071682,"(40.74311444, -73.75071682)"
6903,40.65907252,-73.95491605,"(40.65907252, -73.95491605)"
6904,40.60883787,-73.95347644,"(40.60883787, -73.95347644)"
6905,40.72711739,-73.84671005,"(40.72711739, -73.84671005)"
6906,40.67917138,-73.97710746,"(40.67917138, -73.97710746)"
6907,40.75630047,-73.96400685,"(40.75630047, -73.96400685)"
6908,40.75779234,-73.8100551,"(40.75779234, -73.8100551)"
6909,40.87148528,-73.84375552,"(40.87148528, -73.84375552)"
6910,40.57130182,-74.11229444,"(40.57130182, -74.11229444)"
6911,40.75078421,-73.77760849,"(40.75078421, -73.77760849)"
6912,40.74944929,-73.85787166,"(40.74944929, -73.85787166)"
6913,40.74626729,-73.91800845,"(40.74626729, -73.91800845)"
6914,40.53555254,-74.1949582,"(40.53555254, -74.1949582)"
6915,40.87584569,-73.85121952,"(40.87584569, -73.85121952)"
6916,40.5392525,-74.22363013,"(40.5392525, -74.22363013)"
6917,40.63535073,-74.1112325,"(40.63535073, -74.1112325)"
6918,40.53535893,-74.20162316,"(40.53535893, -74.20162316)"
6919,40.75620649,-73.99120869,"(40.75620649, -73.99120869)"
6920,40.66225521,-73.84302389,"(40.66225521, -73.84302389)"
6921,40.53040586,-74.21754666,"(40.53040586, -74.21754666)"
6922,40.60275047,-73.96881493,"(40.60275047, -73.96881493)"
6923,40.5296076,-74.21994957,"(40.5296076, -74.21994957)"
6924,40.53116718,-74.22273726,"(40.53116718, -74.22273726)"
6925,40.75594721,-73.96347703,"(40.75594721, -73.96347703)"
6926,40.87037856,-73.89146973,"(40.87037856, -73.89146973)"
6927,40.76740305,-73.92422685,"(40.76740305, -73.92422685)"
6928,40.54574415,-74.21150078,"(40.54574415, -74.21150078)"
6929,40.8762806,-73.84815094,"(40.8762806, -73.84815094)"
6930,40.74389722,-73.70985091,"(40.74389722, -73.70985091)"
6931,40.73872647,-73.81605629,"(40.73872647, -73.81605629)"
6932,40.68629102,-73.84684951,"(40.68629102, -73.84684951)"
6933,40.54865116,-74.16552459,"(40.54865116, -74.16552459)"
6934,40.60586795,-74.15961278,"(40.60586795, -74.15961278)"
6935,40.66135834,-73.84150835,"(40.66135834, -73.84150835)"
6936,40.85933522,-73.92776497,"(40.85933522, -73.92776497)"
6937,40.62833073,-74.11309914,"(40.62833073, -74.11309914)"
6938,40.83031973,-73.82574197,"(40.83031973, -73.82574197)"
6939,40.83849642,-73.90911705,"(40.83849642, -73.90911705)"
6940,40.73923042,-73.80660264,"(40.73923042, -73.80660264)"
6941,40.70122649,-73.88993654,"(40.70122649, -73.88993654)"
6942,40.75562523,-73.9627246,"(40.75562523, -73.9627246)"
6943,40.67438005,-73.95669947,"(40.67438005, -73.95669947)"
6944,40.74595263,-73.82148002,"(40.74595263, -73.82148002)"
6945,40.81756244,-73.93937313,"(40.81756244, -73.93937313)"
6946,40.54350911,-74.2104036,"(40.54350911, -74.2104036)"
6947,40.68361186,-73.93524861,"(40.68361186, -73.93524861)"
6948,40.84258893,-73.84463789,"(40.84258893, -73.84463789)"
6949,40.61199922,-74.12050062,"(40.61199922, -74.12050062)"
6950,40.85160605,-73.8591082,"(40.85160605, -73.8591082)"
6951,40.73363489,-73.84706163,"(40.73363489, -73.84706163)"
6952,40.87338791,-73.85835301,"(40.87338791, -73.85835301)"
6953,40.67627419,-73.81948609,"(40.67627419, -73.81948609)"
6954,40.76414424,-73.90714075,"(40.76414424, -73.90714075)"
6955,40.81877014,-73.94030491,"(40.81877014, -73.94030491)"
6956,40.81880424,-73.94038536,"(40.81880424, -73.94038536)"
6957,40.65932107,-73.84100054,"(40.65932107, -73.84100054)"
6958,40.68388778,-73.94422355,"(40.68388778, -73.94422355)"
6959,40.85368985,-73.91330792,"(40.85368985, -73.91330792)"
6960,40.54967607,-74.17754237,"(40.54967607, -74.17754237)"
6961,40.52127073,-74.21051476,"(40.52127073, -74.21051476)"
6962,40.55364822,-74.21613303,"(40.55364822, -74.21613303)"
6963,40.80315509,-73.90736352,"(40.80315509, -73.90736352)"
6964,40.52757988,-74.176391,"(40.52757988, -74.176391)"
6965,40.61530986,-73.93874695,"(40.61530986, -73.93874695)"
6966,40.74762521,-73.87330605,"(40.74762521, -73.87330605)"
6967,40.84861017,-73.93186748,"(40.84861017, -73.93186748)"
6968,40.81889695,-73.94448173,"(40.81889695, -73.94448173)"
6969,40.68955997,-73.80542534,"(40.68955997, -73.80542534)"
6970,40.68975998,-73.80519121,"(40.68975998, -73.80519121)"
6971,40.75081213,-73.77750509,"(40.75081213, -73.77750509)"
6972,40.74350278,-73.82133569,"(40.74350278, -73.82133569)"
6973,40.65904643,-73.95533599,"(40.65904643, -73.95533599)"
6974,40.59161546,-73.93721562,"(40.59161546, -73.93721562)"
6975,40.60495727,-73.97423989,"(40.60495727, -73.97423989)"
6976,40.67837723,-73.97481343,"(40.67837723, -73.97481343)"
6977,40.74008544,-73.81992653,"(40.74008544, -73.81992653)"
6978,40.83623978,-73.85256712,"(40.83623978, -73.85256712)"
6979,40.67947032,-73.97787001,"(40.67947032, -73.97787001)"
6980,40.58840534,-73.93467816,"(40.58840534, -73.93467816)"
6981,40.74583731,-73.8237166,"(40.74583731, -73.8237166)"
6982,40.70418341,-73.94856835,"(40.70418341, -73.94856835)"
6983,40.752521,-73.93185745,"(40.752521, -73.93185745)"
6984,40.83074339,-73.87483365,"(40.83074339, -73.87483365)"
6985,40.830645,-73.87481081,"(40.830645, -73.87481081)"
6986,40.87370238,-73.85834385,"(40.87370238, -73.85834385)"
6987,40.54969738,-74.17773902,"(40.54969738, -74.17773902)"
6988,40.52762607,-74.17642275,"(40.52762607, -74.17642275)"
6989,40.52894481,-74.17848068,"(40.52894481, -74.17848068)"
6990,40.51857303,-74.20418086,"(40.51857303, -74.20418086)"
6991,40.50927425,-74.23027788,"(40.50927425, -74.23027788)"
6992,40.8659477,-73.86043115,"(40.8659477, -73.86043115)"
6993,40.85207585,-73.91702117,"(40.85207585, -73.91702117)"
6994,40.71912222,-73.90730891,"(40.71912222, -73.90730891)"
6995,40.76449901,-73.89112432,"(40.76449901, -73.89112432)"
6996,40.86066764,-73.92862157,"(40.86066764, -73.92862157)"
6997,40.6112973,-74.148559,"(40.6112973, -74.148559)"
6998,40.88108395,-73.87656543,"(40.88108395, -73.87656543)"
6999,40.75477724,-73.92605556,"(40.75477724, -73.92605556)"
7000,40.82708328,-73.82532359,"(40.82708328, -73.82532359)"
7001,40.77705352,-73.90707532,"(40.77705352, -73.90707532)"
7002,40.84581392,-73.89840542,"(40.84581392, -73.89840542)"
7003,40.85438147,-73.91568837,"(40.85438147, -73.91568837)"
7004,40.74516508,-73.8592046,"(40.74516508, -73.8592046)"
7005,40.56844041,-74.11474186,"(40.56844041, -74.11474186)"
7006,40.72522078,-73.84573625,"(40.72522078, -73.84573625)"
7007,40.80423332,-73.90744638,"(40.80423332, -73.90744638)"
7008,40.59182195,-73.93725449,"(40.59182195, -73.93725449)"
7009,40.67048557,-73.74194508,"(40.67048557, -73.74194508)"
7010,40.57704858,-73.84956134,"(40.57704858, -73.84956134)"
7011,40.64315894,-73.95124492,"(40.64315894, -73.95124492)"
7012,40.63244314,-74.1281397,"(40.63244314, -74.1281397)"
7013,40.87657932,-73.85590047,"(40.87657932, -73.85590047)"
7014,40.5356415,-74.19463923,"(40.5356415, -74.19463923)"
7015,40.87592208,-73.85145964,"(40.87592208, -73.85145964)"
7016,40.74421658,-73.72070128,"(40.74421658, -73.72070128)"
7017,40.77795226,-73.95905258,"(40.77795226, -73.95905258)"
7018,40.54391018,-74.20412495,"(40.54391018, -74.20412495)"
7019,40.53567976,-74.19450204,"(40.53567976, -74.19450204)"
7020,40.54576995,-74.21151076,"(40.54576995, -74.21151076)"
7021,40.54405127,-74.20292374,"(40.54405127, -74.20292374)"
7022,40.54374467,-74.202766,"(40.54374467, -74.202766)"
7023,40.74537817,-73.82130421,"(40.74537817, -73.82130421)"
7024,40.55985609,-74.16574649,"(40.55985609, -74.16574649)"
7025,40.560005,-74.16577905,"(40.560005, -74.16577905)"
7026,40.8355886,-73.853168,"(40.8355886, -73.853168)"
7027,40.5360316,-74.19824627,"(40.5360316, -74.19824627)"
7028,40.54239814,-74.21814146,"(40.54239814, -74.21814146)"
7029,40.69861351,-73.84203146,"(40.69861351, -73.84203146)"
7030,40.5537926,-74.21591793,"(40.5537926, -74.21591793)"
7031,40.67196854,-73.82630794,"(40.67196854, -73.82630794)"
7032,40.87231307,-73.84600612,"(40.87231307, -73.84600612)"
7033,40.60338066,-73.969759,"(40.60338066, -73.969759)"
7034,40.8765431,-73.83005625,"(40.8765431, -73.83005625)"
7035,40.62119535,-74.12863492,"(40.62119535, -74.12863492)"
7036,40.78662971,-73.82325483,"(40.78662971, -73.82325483)"
7037,40.60337751,-73.96988502,"(40.60337751, -73.96988502)"
7038,40.53776735,-74.16128058,"(40.53776735, -74.16128058)"
7039,40.74202784,-73.81694894,"(40.74202784, -73.81694894)"
7040,40.72876712,-73.84797861,"(40.72876712, -73.84797861)"
7041,40.81709849,-73.92989593,"(40.81709849, -73.92989593)"
7042,40.87431704,-73.85412882,"(40.87431704, -73.85412882)"
7043,40.58751773,-73.93371008,"(40.58751773, -73.93371008)"
7044,40.73030055,-73.85313397,"(40.73030055, -73.85313397)"
7045,40.54451912,-74.21896585,"(40.54451912, -74.21896585)"
7046,40.61732195,-74.15032035,"(40.61732195, -74.15032035)"
7047,40.53506553,-74.20151605,"(40.53506553, -74.20151605)"
7048,40.86769782,-73.86933696,"(40.86769782, -73.86933696)"
7049,40.51777345,-74.21123329,"(40.51777345, -74.21123329)"
7050,40.54965135,-74.17731436,"(40.54965135, -74.17731436)"
7051,40.6601142,-73.83628334,"(40.6601142, -73.83628334)"
7052,40.52761351,-74.17683338,"(40.52761351, -74.17683338)"
7053,40.53451286,-74.20095006,"(40.53451286, -74.20095006)"
7054,40.61770263,-74.12833767,"(40.61770263, -74.12833767)"
7055,40.76201733,-73.79187126,"(40.76201733, -73.79187126)"
7056,40.54363786,-74.20931562,"(40.54363786, -74.20931562)"
7057,40.61493872,-73.93833223,"(40.61493872, -73.93833223)"
7058,40.54253779,-74.21819486,"(40.54253779, -74.21819486)"
7059,40.74512638,-73.82472689,"(40.74512638, -73.82472689)"
7060,40.52873101,-74.17833724,"(40.52873101, -74.17833724)"
7061,40.81737568,-73.93892945,"(40.81737568, -73.93892945)"
7062,40.88117658,-73.87653475,"(40.88117658, -73.87653475)"
7063,40.74675451,-73.85846267,"(40.74675451, -73.85846267)"
7064,40.88273005,-73.87886176,"(40.88273005, -73.87886176)"
7065,40.61601613,-74.14517851,"(40.61601613, -74.14517851)"
7066,40.61235625,-74.1348695,"(40.61235625, -74.1348695)"
7067,40.53911364,-74.20686281,"(40.53911364, -74.20686281)"
7068,40.53552852,-74.19785973,"(40.53552852, -74.19785973)"
7069,40.52930605,-74.21911331,"(40.52930605, -74.21911331)"
7070,40.75974574,-73.98967419,"(40.75974574, -73.98967419)"
7071,40.74708342,-73.85477453,"(40.74708342, -73.85477453)"
7072,40.78659415,-73.95685534,"(40.78659415, -73.95685534)"
7073,40.83721558,-73.85047893,"(40.83721558, -73.85047893)"
7074,40.6330153,-74.12825747,"(40.6330153, -74.12825747)"
7075,40.83876047,-73.91581773,"(40.83876047, -73.91581773)"
7076,40.57143207,-74.11217692,"(40.57143207, -74.11217692)"
7077,40.6396361,-74.01475921,"(40.6396361, -74.01475921)"
7078,40.87138851,-73.86960344,"(40.87138851, -73.86960344)"
7079,40.74287993,-73.76525643,"(40.74287993, -73.76525643)"
7080,40.60783721,-73.97573187,"(40.60783721, -73.97573187)"
7081,40.67939756,-73.97768442,"(40.67939756, -73.97768442)"
7082,40.73896967,-73.81175068,"(40.73896967, -73.81175068)"
7083,40.81560854,-73.84711437,"(40.81560854, -73.84711437)"
7084,40.8429614,-73.84496095,"(40.8429614, -73.84496095)"
7085,40.5914932,-73.9371926,"(40.5914932, -73.9371926)"
7086,40.74888999,-73.98153661,"(40.74888999, -73.98153661)"
7087,40.54794744,-74.17596896,"(40.54794744, -74.17596896)"
7088,40.63683867,-74.11152157,"(40.63683867, -74.11152157)"
7089,40.58703416,-73.93361853,"(40.58703416, -73.93361853)"
7090,40.66558323,-73.83891206,"(40.66558323, -73.83891206)"
7091,40.61652252,-74.14723475,"(40.61652252, -74.14723475)"
7092,40.61618485,-74.1472778,"(40.61618485, -74.1472778)"
7093,40.53976711,-74.20711766,"(40.53976711, -74.20711766)"
7094,40.73081196,-73.85141211,"(40.73081196, -73.85141211)"
7095,40.61078454,-73.98846037,"(40.61078454, -73.98846037)"
7096,40.63768568,-74.00417953,"(40.63768568, -74.00417953)"
7097,40.66481984,-73.87921853,"(40.66481984, -73.87921853)"
7098,40.83303736,-73.88014832,"(40.83303736, -73.88014832)"
7099,40.84236035,-73.8446964,"(40.84236035, -73.8446964)"
7100,40.75084445,-73.77738536,"(40.75084445, -73.77738536)"
7101,40.8095211,-73.96301134,"(40.8095211, -73.96301134)"
7102,40.5436164,-74.20949695,"(40.5436164, -74.20949695)"
7103,40.61237312,-74.14659033,"(40.61237312, -74.14659033)"
7104,40.74314427,-73.75370508,"(40.74314427, -73.75370508)"
7105,40.74879991,-73.98132208,"(40.74879991, -73.98132208)"
7106,40.60610133,-73.97445832,"(40.60610133, -73.97445832)"
7107,40.67845336,-73.97500688,"(40.67845336, -73.97500688)"
7108,40.87443594,-73.85450149,"(40.87443594, -73.85450149)"
7109,40.53767338,-74.20106848,"(40.53767338, -74.20106848)"
7110,40.74024507,-73.82039717,"(40.74024507, -73.82039717)"
7111,40.74032611,-73.82063611,"(40.74032611, -73.82063611)"
7112,40.69498128,-73.81545596,"(40.69498128, -73.81545596)"
7113,40.53627385,-74.19517584,"(40.53627385, -74.19517584)"
7114,40.7455192,-73.82269168,"(40.7455192, -73.82269168)"
7115,40.52888908,-74.17844161,"(40.52888908, -74.17844161)"
7116,40.51844822,-74.20413273,"(40.51844822, -74.20413273)"
7117,40.51847402,-74.20414268,"(40.51847402, -74.20414268)"
7118,40.84874459,-73.93028795,"(40.84874459, -73.93028795)"
7119,40.87100296,-73.8683143,"(40.87100296, -73.8683143)"
7120,40.51189867,-74.23471832,"(40.51189867, -74.23471832)"
7121,40.53889381,-74.21055946,"(40.53889381, -74.21055946)"
7122,40.53986539,-74.14844824,"(40.53986539, -74.14844824)"
7123,40.60438619,-73.91210568,"(40.60438619, -73.91210568)"
7124,40.73497821,-73.8648718,"(40.73497821, -73.8648718)"
7125,40.52687254,-74.17606055,"(40.52687254, -74.17606055)"
7126,40.53868631,-74.19776474,"(40.53868631, -74.19776474)"
7127,40.69492423,-73.81542786,"(40.69492423, -73.81542786)"
7128,40.74210215,-73.81358305,"(40.74210215, -73.81358305)"
7129,40.76501315,-73.888167,"(40.76501315, -73.888167)"
7130,40.61032363,-74.13598579,"(40.61032363, -74.13598579)"
7131,40.74602062,-73.81638768,"(40.74602062, -73.81638768)"
7132,40.87290039,-73.83807871,"(40.87290039, -73.83807871)"
7133,40.61143265,-73.98952672,"(40.61143265, -73.98952672)"
7134,40.66435168,-73.87887121,"(40.66435168, -73.87887121)"
7135,40.66423219,-73.87878257,"(40.66423219, -73.87878257)"
7136,40.76257613,-73.89201791,"(40.76257613, -73.89201791)"
7137,40.83166875,-73.87629767,"(40.83166875, -73.87629767)"
7138,40.63465466,-73.90363816,"(40.63465466, -73.90363816)"
7139,40.61184081,-74.09993105,"(40.61184081, -74.09993105)"
7140,40.53634707,-74.19710848,"(40.53634707, -74.19710848)"
7141,40.74537518,-73.87912553,"(40.74537518, -73.87912553)"
7142,40.54964564,-74.17478668,"(40.54964564, -74.17478668)"
7143,40.66960524,-73.87040293,"(40.66960524, -73.87040293)"
7144,40.54953946,-74.17477349,"(40.54953946, -74.17477349)"
7145,40.76280837,-73.80748651,"(40.76280837, -73.80748651)"
7146,40.7412846,-73.8131145,"(40.7412846, -73.8131145)"
7147,40.60407814,-73.96989251,"(40.60407814, -73.96989251)"
7148,40.75979441,-73.89757136,"(40.75979441, -73.89757136)"
7149,40.70248704,-73.88696809,"(40.70248704, -73.88696809)"
7150,40.70207368,-73.88666578,"(40.70207368, -73.88666578)"
7151,40.85546546,-73.90889008,"(40.85546546, -73.90889008)"
7152,40.50950413,-74.22855769,"(40.50950413, -74.22855769)"
7153,40.86820745,-73.89391144,"(40.86820745, -73.89391144)"
7154,40.55972397,-74.16571761,"(40.55972397, -74.16571761)"
7155,40.53772436,-74.2062752,"(40.53772436, -74.2062752)"
7156,40.67928962,-73.97740908,"(40.67928962, -73.97740908)"
7157,40.50952479,-74.22819452,"(40.50952479, -74.22819452)"
7158,40.53110321,-74.22243471,"(40.53110321, -74.22243471)"
7159,40.69109248,-73.81870812,"(40.69109248, -73.81870812)"
7160,40.86763095,-73.86933206,"(40.86763095, -73.86933206)"
7161,40.62271097,-74.12259885,"(40.62271097, -74.12259885)"
7162,40.84713771,-73.78677287,"(40.84713771, -73.78677287)"
7163,40.61125582,-73.90491694,"(40.61125582, -73.90491694)"
7164,40.69854816,-73.84199873,"(40.69854816, -73.84199873)"
7165,40.78192404,-73.9474459,"(40.78192404, -73.9474459)"
7166,40.72209293,-73.86874604,"(40.72209293, -73.86874604)"
7167,40.74924451,-73.82673386,"(40.74924451, -73.82673386)"
7168,40.74601389,-73.85873437,"(40.74601389, -73.85873437)"
7169,40.60442365,-73.97378707,"(40.60442365, -73.97378707)"
7170,40.54357092,-74.20267661,"(40.54357092, -74.20267661)"
7171,40.53126,-74.22239856,"(40.53126, -74.22239856)"
7172,40.74532345,-73.82133779,"(40.74532345, -73.82133779)"
7173,40.54188948,-74.21654609,"(40.54188948, -74.21654609)"
7174,40.53606516,-74.19812522,"(40.53606516, -74.19812522)"
7175,40.6982945,-73.84187172,"(40.6982945, -73.84187172)"
7176,40.52127905,-74.21045313,"(40.52127905, -74.21045313)"
7177,40.52128822,-74.21038513,"(40.52128822, -74.21038513)"
7178,40.55357406,-74.21623474,"(40.55357406, -74.21623474)"
7179,40.85875177,-73.83618736,"(40.85875177, -73.83618736)"
7180,40.55353783,-74.21628442,"(40.55353783, -74.21628442)"
7181,40.50211309,-74.23344479,"(40.50211309, -74.23344479)"
7182,40.64416598,-73.98290659,"(40.64416598, -73.98290659)"
7183,40.6494558,-73.84033479,"(40.6494558, -73.84033479)"
7184,40.53164438,-74.22285674,"(40.53164438, -74.22285674)"
7185,40.87025728,-73.83515345,"(40.87025728, -73.83515345)"
7186,40.87053895,-73.83609139,"(40.87053895, -73.83609139)"
7187,40.80422402,-73.91108346,"(40.80422402, -73.91108346)"
7188,40.74715077,-73.83067493,"(40.74715077, -73.83067493)"
7189,40.53624064,-74.19529553,"(40.53624064, -74.19529553)"
7190,40.74553778,-73.82274717,"(40.74553778, -73.82274717)"
7191,40.50196424,-74.23339175,"(40.50196424, -74.23339175)"
7192,40.50204528,-74.23342063,"(40.50204528, -74.23342063)"
7193,40.52885231,-74.17841633,"(40.52885231, -74.17841633)"
7194,40.61309398,-74.13502885,"(40.61309398, -74.13502885)"
7195,40.52855848,-74.17844001,"(40.52855848, -74.17844001)"
7196,40.53556008,-74.19493117,"(40.53556008, -74.19493117)"
7197,40.54400017,-74.20289745,"(40.54400017, -74.20289745)"
7198,40.74272145,-73.82102848,"(40.74272145, -73.82102848)"
7199,40.56006619,-74.16579243,"(40.56006619, -74.16579243)"
7200,40.53133973,-74.22278046,"(40.53133973, -74.22278046)"
7201,40.61198964,-74.10002358,"(40.61198964, -74.10002358)"
7202,40.69607595,-73.96862122,"(40.69607595, -73.96862122)"
7203,40.53640707,-74.19689208,"(40.53640707, -74.19689208)"
7204,40.54965475,-74.17734572,"(40.54965475, -74.17734572)"
7205,40.5425984,-74.21821804,"(40.5425984, -74.21821804)"
7206,40.52129888,-74.21030614,"(40.52129888, -74.21030614)"
7207,40.53567862,-74.19952026,"(40.53567862, -74.19952026)"
7208,40.52907372,-74.17856958,"(40.52907372, -74.17856958)"
7209,40.7472563,-73.85418528,"(40.7472563, -73.85418528)"
7210,40.71990998,-74.01202402,"(40.71990998, -74.01202402)"
7211,40.63344022,-74.10876889,"(40.63344022, -74.10876889)"
7212,40.7541959,-73.93605698,"(40.7541959, -73.93605698)"
7213,40.63362024,-74.01506044,"(40.63362024, -74.01506044)"
7214,40.84144659,-73.92198312,"(40.84144659, -73.92198312)"
7215,40.65350706,-73.92289622,"(40.65350706, -73.92289622)"
7216,40.69328557,-73.94070388,"(40.69328557, -73.94070388)"
7217,40.88646032,-73.86105693,"(40.88646032, -73.86105693)"
7218,40.54895187,-74.21435137,"(40.54895187, -74.21435137)"
7219,40.63673476,-73.95654446,"(40.63673476, -73.95654446)"
7220,40.62690588,-74.12601971,"(40.62690588, -74.12601971)"
7221,40.67856478,-73.97528999,"(40.67856478, -73.97528999)"
7222,40.66464936,-73.87799157,"(40.66464936, -73.87799157)"
7223,40.66484254,-73.87813463,"(40.66484254, -73.87813463)"
7224,40.66209929,-73.83567238,"(40.66209929, -73.83567238)"
7225,40.8674927,-73.86161619,"(40.8674927, -73.86161619)"
7226,40.86096034,-73.85068591,"(40.86096034, -73.85068591)"
7227,40.71741525,-73.98385268,"(40.71741525, -73.98385268)"
7228,40.63124252,-73.90363101,"(40.63124252, -73.90363101)"
7229,40.61239264,-73.90596371,"(40.61239264, -73.90596371)"
7230,40.87283453,-73.84730547,"(40.87283453, -73.84730547)"
7231,40.87363911,-73.84774172,"(40.87363911, -73.84774172)"
7232,40.69616691,-73.78713131,"(40.69616691, -73.78713131)"
7233,40.5420133,-74.19793901,"(40.5420133, -74.19793901)"
7234,40.73693251,-73.70426676,"(40.73693251, -73.70426676)"
7235,40.74617725,-73.85819061,"(40.74617725, -73.85819061)"
7236,40.53050972,-74.21758061,"(40.53050972, -74.21758061)"
7237,40.54892995,-74.21744909,"(40.54892995, -74.21744909)"
7238,40.50956703,-74.22825214,"(40.50956703, -74.22825214)"
7239,40.50953937,-74.22838651,"(40.50953937, -74.22838651)"
7240,40.74532149,-73.82572033,"(40.74532149, -73.82572033)"
7241,40.88650927,-73.90468275,"(40.88650927, -73.90468275)"
7242,40.84510185,-73.83547597,"(40.84510185, -73.83547597)"
7243,40.61215587,-74.14580522,"(40.61215587, -74.14580522)"
7244,40.74568824,-73.82943865,"(40.74568824, -73.82943865)"
7245,40.52900431,-74.17852115,"(40.52900431, -74.17852115)"
7246,40.54962648,-74.17708494,"(40.54962648, -74.17708494)"
7247,40.54964718,-74.17727589,"(40.54964718, -74.17727589)"
7248,40.53652485,-74.19427107,"(40.53652485, -74.19427107)"
7249,40.61498426,-74.14081736,"(40.61498426, -74.14081736)"
7250,40.5421082,-74.21545286,"(40.5421082, -74.21545286)"
7251,40.54212165,-74.21530931,"(40.54212165, -74.21530931)"
7252,40.83075945,-73.8786606,"(40.83075945, -73.8786606)"
7253,40.53495403,-74.19521466,"(40.53495403, -74.19521466)"
7254,40.62546889,-74.1327174,"(40.62546889, -74.1327174)"
7255,40.81391025,-73.96187712,"(40.81391025, -73.96187712)"
7256,40.53560582,-74.19758111,"(40.53560582, -74.19758111)"
7257,40.67054173,-73.74060354,"(40.67054173, -73.74060354)"
7258,40.72117906,-73.97957635,"(40.72117906, -73.97957635)"
7259,40.54500518,-74.21121494,"(40.54500518, -74.21121494)"
7260,40.87242422,-73.83618925,"(40.87242422, -73.83618925)"
7261,40.53767368,-74.20645776,"(40.53767368, -74.20645776)"
7262,40.60802646,-73.90457413,"(40.60802646, -73.90457413)"
7263,40.84360478,-73.83467058,"(40.84360478, -73.83467058)"
7264,40.66519256,-73.87839385,"(40.66519256, -73.87839385)"
7265,40.63928019,-74.0143758,"(40.63928019, -74.0143758)"
7266,40.73032005,-73.85306883,"(40.73032005, -73.85306883)"
7267,40.63187777,-74.12817406,"(40.63187777, -74.12817406)"
7268,40.63202903,-74.12820995,"(40.63202903, -74.12820995)"
7269,40.61370056,-74.13871996,"(40.61370056, -74.13871996)"
7270,40.63149337,-73.90391119,"(40.63149337, -73.90391119)"
7271,40.69935866,-73.8421431,"(40.69935866, -73.8421431)"
7272,40.51784616,-74.21083634,"(40.51784616, -74.21083634)"
7273,40.70262837,-73.79548884,"(40.70262837, -73.79548884)"
7274,40.84684843,-73.78812779,"(40.84684843, -73.78812779)"
7275,40.5426532,-74.218239,"(40.5426532, -74.218239)"
7276,40.52717223,-74.17611084,"(40.52717223, -74.17611084)"
7277,40.52707646,-74.17604502,"(40.52707646, -74.17604502)"
7278,40.74703682,-73.82948396,"(40.74703682, -73.82948396)"
7279,40.61637597,-74.14512959,"(40.61637597, -74.14512959)"
7280,40.74850315,-73.81313559,"(40.74850315, -73.81313559)"
7281,40.53563617,-74.19747116,"(40.53563617, -74.19747116)"
7282,40.68391432,-73.83696329,"(40.68391432, -73.83696329)"
7283,40.61229681,-74.12052311,"(40.61229681, -74.12052311)"
7284,40.76425996,-73.92454858,"(40.76425996, -73.92454858)"
7285,40.52508188,-74.22114312,"(40.52508188, -74.22114312)"
7286,40.5031124,-74.23190456,"(40.5031124, -74.23190456)"
7287,40.87082787,-73.86831094,"(40.87082787, -73.86831094)"
7288,40.53887752,-74.21070541,"(40.53887752, -74.21070541)"
7289,40.69252176,-73.82162717,"(40.69252176, -73.82162717)"
7290,40.75343592,-73.81092064,"(40.75343592, -73.81092064)"
7291,40.80443134,-73.94955909,"(40.80443134, -73.94955909)"
7292,40.63392971,-74.1088569,"(40.63392971, -74.1088569)"
7293,40.74775471,-73.81179595,"(40.74775471, -73.81179595)"
7294,40.76165402,-73.76394664,"(40.76165402, -73.76394664)"
7295,40.8751846,-73.84755871,"(40.8751846, -73.84755871)"
7296,40.55054853,-74.14483836,"(40.55054853, -74.14483836)"
7297,40.7590272,-73.89828796,"(40.7590272, -73.89828796)"
7298,40.72974798,-73.85274706,"(40.72974798, -73.85274706)"
7299,40.53546171,-74.19809967,"(40.53546171, -74.19809967)"
7300,40.51181003,-74.23468907,"(40.51181003, -74.23468907)"
7301,40.53094217,-74.22231936,"(40.53094217, -74.22231936)"
7302,40.5388668,-74.21080153,"(40.5388668, -74.21080153)"
7303,40.53890215,-74.2104847,"(40.53890215, -74.2104847)"
7304,40.60335901,-73.95889616,"(40.60335901, -73.95889616)"
7305,40.54891071,-74.17828189,"(40.54891071, -74.17828189)"
7306,40.66202465,-73.84167268,"(40.66202465, -73.84167268)"
7307,40.52687729,-74.17624102,"(40.52687729, -74.17624102)"
7308,40.6044253,-73.96416688,"(40.6044253, -73.96416688)"
7309,40.53748537,-74.1971935,"(40.53748537, -74.1971935)"
7310,40.74595678,-73.85961312,"(40.74595678, -73.85961312)"
7311,40.6162886,-74.14514147,"(40.6162886, -74.14514147)"
7312,40.6179668,-74.13696779,"(40.6179668, -74.13696779)"
7313,40.74840526,-73.81330067,"(40.74840526, -73.81330067)"
7314,40.50305858,-74.23188184,"(40.50305858, -74.23188184)"
7315,40.53554207,-74.19781106,"(40.53554207, -74.19781106)"
7316,40.53567792,-74.19731995,"(40.53567792, -74.19731995)"
7317,40.87106279,-73.86831545,"(40.87106279, -73.86831545)"
7318,40.5310855,-74.22228675,"(40.5310855, -74.22228675)"
7319,40.5784383,-74.12106123,"(40.5784383, -74.12106123)"
7320,40.53542374,-74.20042769,"(40.53542374, -74.20042769)"
7321,40.73586812,-73.86532996,"(40.73586812, -73.86532996)"
7322,40.52688592,-74.17656888,"(40.52688592, -74.17656888)"
7323,40.6836114,-73.83681478,"(40.6836114, -73.83681478)"
7324,40.54209449,-74.21559928,"(40.54209449, -74.21559928)"
7325,40.52787232,-74.17658165,"(40.52787232, -74.17658165)"
7326,40.74114259,-73.81312365,"(40.74114259, -73.81312365)"
7327,40.87068352,-73.86830818,"(40.87068352, -73.86830818)"
7328,40.83857892,-73.91534579,"(40.83857892, -73.91534579)"
7329,40.53677817,-74.21709944,"(40.53677817, -74.21709944)"
7330,40.62772231,-73.99601579,"(40.62772231, -73.99601579)"
7331,40.75350282,-73.92832355,"(40.75350282, -73.92832355)"
7332,40.60621148,-73.99035401,"(40.60621148, -73.99035401)"
7333,40.87330268,-73.83661681,"(40.87330268, -73.83661681)"
7334,40.74304768,-73.75366046,"(40.74304768, -73.75366046)"
7335,40.74875852,-73.9812235,"(40.74875852, -73.9812235)"
7336,40.87521571,-73.84655837,"(40.87521571, -73.84655837)"
7337,40.88659499,-73.90458011,"(40.88659499, -73.90458011)"
7338,40.87015355,-73.83590476,"(40.87015355, -73.83590476)"
7339,40.50116867,-74.24410799,"(40.50116867, -74.24410799)"
7340,40.61286414,-74.09998197,"(40.61286414, -74.09998197)"
7341,40.83863592,-73.91549413,"(40.83863592, -73.91549413)"
7342,40.63967142,-74.01481764,"(40.63967142, -74.01481764)"
7343,40.75346206,-73.92825006,"(40.75346206, -73.92825006)"
7344,40.75276876,-73.92960463,"(40.75276876, -73.92960463)"
7345,40.60627535,-73.99045946,"(40.60627535, -73.99045946)"
7346,40.65788626,-73.83705607,"(40.65788626, -73.83705607)"
7347,40.68369006,-73.93526373,"(40.68369006, -73.93526373)"
7348,40.60754217,-73.90552586,"(40.60754217, -73.90552586)"
7349,40.60774738,-73.90501473,"(40.60774738, -73.90501473)"
7350,40.60791118,-73.90473312,"(40.60791118, -73.90473312)"
7351,40.60738532,-73.90637621,"(40.60738532, -73.90637621)"
7352,40.86053208,-73.9285349,"(40.86053208, -73.9285349)"
7353,40.54479123,-74.21587859,"(40.54479123, -74.21587859)"
7354,40.5446584,-74.21583057,"(40.5446584, -74.21583057)"
7355,40.61688677,-74.14394687,"(40.61688677, -74.14394687)"
7356,40.7771244,-73.9071735,"(40.7771244, -73.9071735)"
7357,40.78819841,-73.8190361,"(40.78819841, -73.8190361)"
7358,40.68045731,-73.81336534,"(40.68045731, -73.81336534)"
7359,40.54163787,-74.20275673,"(40.54163787, -74.20275673)"
7360,40.77662454,-73.84390615,"(40.77662454, -73.84390615)"
7361,40.61299407,-74.13502985,"(40.61299407, -74.13502985)"
7362,40.53532772,-74.19849148,"(40.53532772, -74.19849148)"
7363,40.73768827,-73.75253587,"(40.73768827, -73.75253587)"
7364,40.54734738,-74.22005955,"(40.54734738, -74.22005955)"
7365,40.53723345,-74.19707197,"(40.53723345, -74.19707197)"
7366,40.83538545,-73.9273393,"(40.83538545, -73.9273393)"
7367,40.63323494,-74.12830269,"(40.63323494, -74.12830269)"
7368,40.84534722,-73.83425588,"(40.84534722, -73.83425588)"
7369,40.83028464,-73.87663502,"(40.83028464, -73.87663502)"
7370,40.6760918,-73.77979723,"(40.6760918, -73.77979723)"
7371,40.902455,-73.89640492,"(40.902455, -73.89640492)"
7372,40.85428683,-73.91362224,"(40.85428683, -73.91362224)"
7373,40.84582228,-73.89851863,"(40.84582228, -73.89851863)"
7374,40.86944045,-73.85659192,"(40.86944045, -73.85659192)"
7375,40.7317161,-73.85094426,"(40.7317161, -73.85094426)"
7376,40.63889011,-74.01372971,"(40.63889011, -74.01372971)"
7377,40.82947345,-73.87740607,"(40.82947345, -73.87740607)"
7378,40.75481127,-73.92612804,"(40.75481127, -73.92612804)"
7379,40.75493514,-73.92639185,"(40.75493514, -73.92639185)"
7380,40.65176815,-73.95249664,"(40.65176815, -73.95249664)"
7381,40.6168753,-74.1438654,"(40.6168753, -74.1438654)"
7382,40.61250056,-74.14993017,"(40.61250056, -74.14993017)"
7383,40.53547413,-74.19523932,"(40.53547413, -74.19523932)"
7384,40.53747897,-74.22371569,"(40.53747897, -74.22371569)"
7385,40.53764146,-74.22371522,"(40.53764146, -74.22371522)"
7386,40.85540646,-73.90697866,"(40.85540646, -73.90697866)"
7387,40.74975976,-73.85683384,"(40.74975976, -73.85683384)"
7388,40.80913784,-73.96329055,"(40.80913784, -73.96329055)"
7389,40.74211116,-73.81719801,"(40.74211116, -73.81719801)"
7390,40.74206873,-73.81707116,"(40.74206873, -73.81707116)"
7391,40.88327786,-73.85131486,"(40.88327786, -73.85131486)"
7392,40.66896282,-73.74171499,"(40.66896282, -73.74171499)"
7393,40.60813768,-73.90443077,"(40.60813768, -73.90443077)"
7394,40.8743834,-73.85433682,"(40.8743834, -73.85433682)"
7395,40.74036412,-73.82074817,"(40.74036412, -73.82074817)"
7396,40.66495156,-73.87821537,"(40.66495156, -73.87821537)"
7397,40.61858944,-74.15031252,"(40.61858944, -74.15031252)"
7398,40.74531392,-73.81666379,"(40.74531392, -73.81666379)"
7399,40.84345564,-73.84490192,"(40.84345564, -73.84490192)"
7400,40.63218535,-74.12129752,"(40.63218535, -74.12129752)"
7401,40.60159364,-73.95278122,"(40.60159364, -73.95278122)"
7402,40.61168863,-73.90615559,"(40.61168863, -73.90615559)"
7403,40.8596984,-73.86302481,"(40.8596984, -73.86302481)"
7404,40.61364672,-74.14560474,"(40.61364672, -74.14560474)"
7405,40.86146608,-73.92928577,"(40.86146608, -73.92928577)"
7406,40.54105495,-74.20400633,"(40.54105495, -74.20400633)"
7407,40.53736149,-74.22371603,"(40.53736149, -74.22371603)"
7408,40.84573956,-73.89817606,"(40.84573956, -73.89817606)"
7409,40.60963825,-73.90559346,"(40.60963825, -73.90559346)"
7410,40.61446883,-74.14188366,"(40.61446883, -74.14188366)"
7411,40.85846063,-73.9086578,"(40.85846063, -73.9086578)"
7412,40.85855703,-73.91044549,"(40.85855703, -73.91044549)"
7413,40.61444304,-73.90766813,"(40.61444304, -73.90766813)"
7414,40.74949611,-73.85771515,"(40.74949611, -73.85771515)"
7415,40.53929954,-74.22362481,"(40.53929954, -74.22362481)"
7416,40.6622474,-73.84307698,"(40.6622474, -73.84307698)"
7417,40.62156238,-74.12542203,"(40.62156238, -74.12542203)"
7418,40.54360925,-74.20955739,"(40.54360925, -74.20955739)"
7419,40.61129488,-73.90498531,"(40.61129488, -73.90498531)"
7420,40.70694415,-73.92455901,"(40.70694415, -73.92455901)"
7421,40.85550741,-73.90897053,"(40.85550741, -73.90897053)"
7422,40.53112404,-74.22272646,"(40.53112404, -74.22272646)"
7423,40.88646215,-73.90473918,"(40.88646215, -73.90473918)"
7424,40.7648522,-73.92474055,"(40.7648522, -73.92474055)"
7425,40.61189042,-74.09996189,"(40.61189042, -74.09996189)"
7426,40.53633225,-74.1971619,"(40.53633225, -74.1971619)"
7427,40.73799935,-73.75079445,"(40.73799935, -73.75079445)"
7428,40.74662199,-73.77972583,"(40.74662199, -73.77972583)"
7429,40.61364356,-74.12715203,"(40.61364356, -74.12715203)"
7430,40.86999657,-73.85765277,"(40.86999657, -73.85765277)"
7431,40.61330662,-74.14000641,"(40.61330662, -74.14000641)"
7432,40.87051253,-73.83800669,"(40.87051253, -73.83800669)"
7433,40.69496353,-73.81344918,"(40.69496353, -73.81344918)"
7434,40.53781535,-74.21789003,"(40.53781535, -74.21789003)"
7435,40.74519408,-73.70914547,"(40.74519408, -73.70914547)"
7436,40.74464198,-73.72089215,"(40.74464198, -73.72089215)"
7437,40.64859744,-74.01168814,"(40.64859744, -74.01168814)"
7438,40.60751775,-73.97567125,"(40.60751775, -73.97567125)"
7439,40.84285711,-73.8448705,"(40.84285711, -73.8448705)"
7440,40.69172849,-73.80899332,"(40.69172849, -73.80899332)"
7441,40.54379577,-74.20279229,"(40.54379577, -74.20279229)"
7442,40.60320836,-73.96890039,"(40.60320836, -73.96890039)"
7443,40.55991186,-74.16575869,"(40.55991186, -74.16575869)"
7444,40.53143139,-74.22280342,"(40.53143139, -74.22280342)"
7445,40.84678751,-73.78841311,"(40.84678751, -73.78841311)"
7446,40.53600797,-74.19833148,"(40.53600797, -74.19833148)"
7447,40.54967228,-74.17750746,"(40.54967228, -74.17750746)"
7448,40.54248299,-74.2181739,"(40.54248299, -74.2181739)"
7449,40.80285819,-73.90685384,"(40.80285819, -73.90685384)"
7450,40.51841294,-74.20411912,"(40.51841294, -74.20411912)"
7451,40.53448758,-74.20104213,"(40.53448758, -74.20104213)"
7452,40.86979861,-73.83536909,"(40.86979861, -73.83536909)"
7453,40.7177136,-73.75176831,"(40.7177136, -73.75176831)"
7454,40.60632091,-73.96452378,"(40.60632091, -73.96452378)"
7455,40.84236188,-73.87013332,"(40.84236188, -73.87013332)"
7456,40.5305934,-74.19032167,"(40.5305934, -74.19032167)"
7457,40.67320531,-73.73569082,"(40.67320531, -73.73569082)"
7458,40.8618247,-73.92936135,"(40.8618247, -73.92936135)"
7459,40.88365937,-73.8777735,"(40.88365937, -73.8777735)"
7460,40.66109397,-73.84144316,"(40.66109397, -73.84144316)"
7461,40.61076278,-74.13612261,"(40.61076278, -74.13612261)"
7462,40.85798243,-73.86331715,"(40.85798243, -73.86331715)"
7463,40.75019494,-73.97334965,"(40.75019494, -73.97334965)"
7464,40.61121145,-74.13518555,"(40.61121145, -74.13518555)"
7465,40.60651689,-73.95488202,"(40.60651689, -73.95488202)"
7466,40.60566185,-73.97437441,"(40.60566185, -73.97437441)"
7467,40.59121966,-73.93521213,"(40.59121966, -73.93521213)"
7468,40.73004455,-73.85398911,"(40.73004455, -73.85398911)"
7469,40.6644377,-73.83926999,"(40.6644377, -73.83926999)"
7470,40.88330002,-73.85171464,"(40.88330002, -73.85171464)"
7471,40.61540645,-74.14748194,"(40.61540645, -74.14748194)"
7472,40.61074632,-74.13598277,"(40.61074632, -74.13598277)"
7473,40.69919342,-73.84232184,"(40.69919342, -73.84232184)"
7474,40.74617293,-73.81624199,"(40.74617293, -73.81624199)"
7475,40.61216445,-73.90505971,"(40.61216445, -73.90505971)"
7476,40.83876736,-73.84758074,"(40.83876736, -73.84758074)"
7477,40.64137773,-74.11220488,"(40.64137773, -74.11220488)"
7478,40.69276293,-73.81156695,"(40.69276293, -73.81156695)"
7479,40.63207707,-74.12806435,"(40.63207707, -74.12806435)"
7480,40.53465255,-74.19819419,"(40.53465255, -74.19819419)"
7481,40.86644715,-73.86925595,"(40.86644715, -73.86925595)"
7482,40.61171987,-73.90638346,"(40.61171987, -73.90638346)"
7483,40.54362202,-74.2027029,"(40.54362202, -74.2027029)"
7484,40.87560112,-73.8546358,"(40.87560112, -73.8546358)"
7485,40.56017286,-74.16581575,"(40.56017286, -74.16581575)"
7486,40.53180884,-74.22289792,"(40.53180884, -74.22289792)"
7487,40.51774578,-74.21138437,"(40.51774578, -74.21138437)"
7488,40.7018174,-73.79491137,"(40.7018174, -73.79491137)"
7489,40.70172082,-73.79484275,"(40.70172082, -73.79484275)"
7490,40.54188399,-74.21660538,"(40.54188399, -74.21660538)"
7491,40.61190037,-74.13517971,"(40.61190037, -74.13517971)"
7492,40.53790164,-74.20251281,"(40.53790164, -74.20251281)"
7493,40.53533602,-74.19908175,"(40.53533602, -74.19908175)"
7494,40.54521601,-74.20951915,"(40.54521601, -74.20951915)"
7495,40.63227773,-74.12810565,"(40.63227773, -74.12810565)"
7496,40.81637612,-73.8495898,"(40.81637612, -73.8495898)"
7497,40.87025401,-73.84091897,"(40.87025401, -73.84091897)"
7498,40.53878549,-74.19707463,"(40.53878549, -74.19707463)"
7499,40.53881679,-74.19696168,"(40.53881679, -74.19696168)"
7500,40.68325479,-73.93671262,"(40.68325479, -73.93671262)"
7501,40.5420802,-74.19780391,"(40.5420802, -74.19780391)"
7502,40.67931463,-73.97747287,"(40.67931463, -73.97747287)"
7503,40.73390253,-73.78927237,"(40.73390253, -73.78927237)"
7504,40.53129659,-74.22276966,"(40.53129659, -74.22276966)"
7505,40.62400961,-74.01420605,"(40.62400961, -74.01420605)"
7506,40.86793556,-73.866521,"(40.86793556, -73.866521)"
7507,40.85876766,-73.84087835,"(40.85876766, -73.84087835)"
7508,40.87575223,-73.85101605,"(40.87575223, -73.85101605)"
7509,40.83418464,-73.8727734,"(40.83418464, -73.8727734)"
7510,40.69485689,-73.81539469,"(40.69485689, -73.81539469)"
7511,40.83038063,-73.85392328,"(40.83038063, -73.85392328)"
7512,40.6136986,-74.14559776,"(40.6136986, -74.14559776)"
7513,40.61146628,-73.90534767,"(40.61146628, -73.90534767)"
7514,40.66515065,-73.83904722,"(40.66515065, -73.83904722)"
7515,40.74594275,-73.81641811,"(40.74594275, -73.81641811)"
7516,40.612277,-73.90541334,"(40.612277, -73.90541334)"
7517,40.611242,-73.98921304,"(40.611242, -73.98921304)"
7518,40.76254142,-73.89234978,"(40.76254142, -73.89234978)"
7519,40.76256446,-73.89212948,"(40.76256446, -73.89212948)"
7520,40.7374841,-73.92653169,"(40.7374841, -73.92653169)"
7521,40.87543768,-73.85729498,"(40.87543768, -73.85729498)"
7522,40.62097235,-74.12346922,"(40.62097235, -74.12346922)"
7523,40.61385168,-74.14338649,"(40.61385168, -74.14338649)"
7524,40.72688964,-73.84690992,"(40.72688964, -73.84690992)"
7525,40.8745399,-73.84822533,"(40.8745399, -73.84822533)"
7526,40.7451588,-73.91835695,"(40.7451588, -73.91835695)"
7527,40.54530902,-74.2136998,"(40.54530902, -74.2136998)"
7528,40.50952629,-74.22845005,"(40.50952629, -74.22845005)"
7529,40.53125076,-74.22275819,"(40.53125076, -74.22275819)"
7530,40.7103156,-73.84382275,"(40.7103156, -73.84382275)"
7531,40.74170965,-73.81308438,"(40.74170965, -73.81308438)"
7532,40.81888435,-73.94057434,"(40.81888435, -73.94057434)"
7533,40.72752551,-73.84734171,"(40.72752551, -73.84734171)"
7534,40.52517469,-74.22126919,"(40.52517469, -74.22126919)"
7535,40.8489995,-73.93010177,"(40.8489995, -73.93010177)"
7536,40.87079439,-73.8683103,"(40.87079439, -73.8683103)"
7537,40.87073017,-73.86830907,"(40.87073017, -73.86830907)"
7538,40.51176532,-74.23467431,"(40.51176532, -74.23467431)"
7539,40.54894272,-74.17825402,"(40.54894272, -74.17825402)"
7540,40.66210558,-73.84169264,"(40.66210558, -73.84169264)"
7541,40.60439053,-73.96416027,"(40.60439053, -73.96416027)"
7542,40.74794278,-73.813033,"(40.74794278, -73.813033)"
7543,40.53743591,-74.19716964,"(40.53743591, -74.19716964)"
7544,40.54383888,-74.21182796,"(40.54383888, -74.21182796)"
7545,40.63953285,-74.0147943,"(40.63953285, -74.0147943)"
7546,40.87310691,-73.85565233,"(40.87310691, -73.85565233)"
7547,40.88263261,-73.85175195,"(40.88263261, -73.85175195)"
7548,40.54465556,-74.2178,"(40.54465556, -74.2178)"
7549,40.75288978,-73.92935529,"(40.75288978, -73.92935529)"
7550,40.8787983,-73.85224153,"(40.8787983, -73.85224153)"
7551,40.66439309,-73.84039684,"(40.66439309, -73.84039684)"
7552,40.76487437,-73.98822814,"(40.76487437, -73.98822814)"
7553,40.77785465,-73.95912405,"(40.77785465, -73.95912405)"
7554,40.8554204,-73.90880366,"(40.8554204, -73.90880366)"
7555,40.73399731,-73.78892759,"(40.73399731, -73.78892759)"
7556,40.60625728,-73.97744562,"(40.60625728, -73.97744562)"
7557,40.64951513,-73.84034955,"(40.64951513, -73.84034955)"
7558,40.54229505,-74.20921478,"(40.54229505, -74.20921478)"
7559,40.54241409,-74.20924143,"(40.54241409, -74.20924143)"
7560,40.84979228,-73.86449842,"(40.84979228, -73.86449842)"
7561,40.53558136,-74.2172045,"(40.53558136, -74.2172045)"
7562,40.77865142,-73.84177117,"(40.77865142, -73.84177117)"
7563,40.53612337,-74.21707502,"(40.53612337, -74.21707502)"
7564,40.83740733,-73.84908415,"(40.83740733, -73.84908415)"
7565,40.6341774,-73.95403504,"(40.6341774, -73.95403504)"
7566,40.54764643,-74.20069127,"(40.54764643, -74.20069127)"
7567,40.53607037,-74.14838804,"(40.53607037, -74.14838804)"
7568,40.5499165,-74.17487879,"(40.5499165, -74.17487879)"
7569,40.6832806,-73.8375411,"(40.6832806, -73.8375411)"
7570,40.88257621,-73.85360393,"(40.88257621, -73.85360393)"
7571,40.53752607,-74.21773363,"(40.53752607, -74.21773363)"
7572,40.83379444,-73.87077322,"(40.83379444, -73.87077322)"
7573,40.7604261,-73.96406454,"(40.7604261, -73.96406454)"
7574,40.53862916,-74.19763866,"(40.53862916, -74.19763866)"
7575,40.53880179,-74.19701579,"(40.53880179, -74.19701579)"
7576,40.5389495,-74.19648286,"(40.5389495, -74.19648286)"
7577,40.54094054,-74.2039603,"(40.54094054, -74.2039603)"
7578,40.53730194,-74.20241352,"(40.53730194, -74.20241352)"
7579,40.53499239,-74.20148069,"(40.53499239, -74.20148069)"
7580,40.5319706,-74.22293842,"(40.5319706, -74.22293842)"
7581,40.70162425,-73.79477414,"(40.70162425, -73.79477414)"
7582,40.76481108,-73.92465515,"(40.76481108, -73.92465515)"
7583,40.8698895,-73.83577689,"(40.8698895, -73.83577689)"
7584,40.52727408,-74.17618084,"(40.52727408, -74.17618084)"
7585,40.76396851,-73.92478668,"(40.76396851, -73.92478668)"
7586,40.8189356,-73.83803526,"(40.8189356, -73.83803526)"
7587,40.83179431,-73.8753623,"(40.83179431, -73.8753623)"
7588,40.71837917,-73.74279901,"(40.71837917, -73.74279901)"
7589,40.63061965,-73.8965072,"(40.63061965, -73.8965072)"
7590,40.72424134,-73.90303206,"(40.72424134, -73.90303206)"
7591,40.86017375,-73.90876777,"(40.86017375, -73.90876777)"
7592,40.88028215,-73.85267038,"(40.88028215, -73.85267038)"
7593,40.65134334,-73.95519577,"(40.65134334, -73.95519577)"
7594,40.75349486,-73.92885912,"(40.75349486, -73.92885912)"
7595,40.70594098,-73.87291542,"(40.70594098, -73.87291542)"
7596,40.87584038,-73.85890975,"(40.87584038, -73.85890975)"
7597,40.74120411,-73.81883169,"(40.74120411, -73.81883169)"
7598,40.80419634,-73.9110194,"(40.80419634, -73.9110194)"
7599,40.87427213,-73.84378175,"(40.87427213, -73.84378175)"
7600,40.72885432,-73.84802862,"(40.72885432, -73.84802862)"
7601,40.67450542,-73.82551829,"(40.67450542, -73.82551829)"
7602,40.61550611,-74.1275628,"(40.61550611, -74.1275628)"
7603,40.78446675,-73.95837266,"(40.78446675, -73.95837266)"
7604,40.74119348,-73.82321379,"(40.74119348, -73.82321379)"
7605,40.66348746,-73.84523872,"(40.66348746, -73.84523872)"
7606,40.6138088,-74.14919645,"(40.6138088, -74.14919645)"
7607,40.72558698,-73.84612625,"(40.72558698, -73.84612625)"
7608,40.60347206,-73.96990286,"(40.60347206, -73.96990286)"
7609,40.8688829,-73.85675339,"(40.8688829, -73.85675339)"
7610,40.51564612,-74.21024521,"(40.51564612, -74.21024521)"
7611,40.55368426,-74.21608361,"(40.55368426, -74.21608361)"
7612,40.86977357,-73.83572075,"(40.86977357, -73.83572075)"
7613,40.53609509,-74.2019754,"(40.53609509, -74.2019754)"
7614,40.74569526,-73.8295106,"(40.74569526, -73.8295106)"
7615,40.74555636,-73.82280266,"(40.74555636, -73.82280266)"
7616,40.54212701,-74.21525217,"(40.54212701, -74.21525217)"
7617,40.71732662,-73.74018609,"(40.71732662, -73.74018609)"
7618,40.8368858,-73.84463978,"(40.8368858, -73.84463978)"
7619,40.53501236,-74.19502128,"(40.53501236, -74.19502128)"
7620,40.53910868,-74.20673636,"(40.53910868, -74.20673636)"
7621,40.6129831,-74.13502996,"(40.6129831, -74.13502996)"
7622,40.51126146,-74.23450804,"(40.51126146, -74.23450804)"
7623,40.86266133,-73.90861017,"(40.86266133, -73.90861017)"
7624,40.70152767,-73.79470552,"(40.70152767, -73.79470552)"
7625,40.84715866,-73.78667475,"(40.84715866, -73.78667475)"
7626,40.61180065,-74.10537006,"(40.61180065, -74.10537006)"
7627,40.51562913,-74.2103401,"(40.51562913, -74.2103401)"
7628,40.80295838,-73.90702583,"(40.80295838, -73.90702583)"
7629,40.80869215,-73.96361525,"(40.80869215, -73.96361525)"
7630,40.81586272,-73.8494693,"(40.81586272, -73.8494693)"
7631,40.60295587,-73.96967769,"(40.60295587, -73.96967769)"
7632,40.60379458,-73.96983823,"(40.60379458, -73.96983823)"
7633,40.72641541,-73.84815401,"(40.72641541, -73.84815401)"
7634,40.72667774,-73.84727272,"(40.72667774, -73.84727272)"
7635,40.81740224,-73.88948488,"(40.81740224, -73.88948488)"
7636,40.60578029,-73.91274361,"(40.60578029, -73.91274361)"
7637,40.80971417,-73.96287068,"(40.80971417, -73.96287068)"
7638,40.6201097,-74.12569489,"(40.6201097, -74.12569489)"
7639,40.87401298,-73.84590806,"(40.87401298, -73.84590806)"
7640,40.88159662,-73.87639561,"(40.88159662, -73.87639561)"
7641,40.74984273,-73.97420037,"(40.74984273, -73.97420037)"
7642,40.61121567,-74.13611971,"(40.61121567, -74.13611971)"
7643,40.84583656,-73.89847523,"(40.84583656, -73.89847523)"
7644,40.63886423,-74.10874405,"(40.63886423, -74.10874405)"
7645,40.88345743,-73.87794867,"(40.88345743, -73.87794867)"
7646,40.7369362,-73.92287966,"(40.7369362, -73.92287966)"
7647,40.61638407,-73.93422718,"(40.61638407, -73.93422718)"
7648,40.84515862,-73.93570305,"(40.84515862, -73.93570305)"
7649,40.75618662,-73.99116127,"(40.75618662, -73.99116127)"
7650,40.83407709,-73.87165034,"(40.83407709, -73.87165034)"
7651,40.61199095,-74.13517894,"(40.61199095, -74.13517894)"
7652,40.54965768,-74.17737279,"(40.54965768, -74.17737279)"
7653,40.53570294,-74.19943156,"(40.53570294, -74.19943156)"
7654,40.55472217,-74.16622655,"(40.55472217, -74.16622655)"
7655,40.52794491,-74.17663258,"(40.52794491, -74.17663258)"
7656,40.53496957,-74.19516314,"(40.53496957, -74.19516314)"
7657,40.62554223,-74.13268724,"(40.62554223, -74.13268724)"
7658,40.72932019,-73.8487031,"(40.72932019, -73.8487031)"
7659,40.50303246,-74.2318708,"(40.50303246, -74.2318708)"
7660,40.88368126,-73.87818513,"(40.88368126, -73.87818513)"
7661,40.54324164,-74.19955651,"(40.54324164, -74.19955651)"
7662,40.76448198,-73.89129614,"(40.76448198, -73.89129614)"
7663,40.64197079,-74.11248298,"(40.64197079, -74.11248298)"
7664,40.86815115,-73.85771612,"(40.86815115, -73.85771612)"
7665,40.83266987,-73.8807808,"(40.83266987, -73.8807808)"
7666,40.61228147,-74.14578833,"(40.61228147, -74.14578833)"
7667,40.74560944,-73.82296121,"(40.74560944, -73.82296121)"
7668,40.81740508,-73.93899929,"(40.81740508, -73.93899929)"
7669,40.53188309,-74.21800512,"(40.53188309, -74.21800512)"
7670,40.61607947,-74.1451699,"(40.61607947, -74.1451699)"
7671,40.51093514,-74.23440035,"(40.51093514, -74.23440035)"
7672,40.53571527,-74.19718463,"(40.53571527, -74.19718463)"
7673,40.67038338,-73.74070344,"(40.67038338, -73.74070344)"
7674,40.50538323,-74.25311739,"(40.50538323, -74.25311739)"
7675,40.67091873,-73.82663666,"(40.67091873, -73.82663666)"
7676,40.54952499,-74.22112485,"(40.54952499, -74.22112485)"
7677,40.59422795,-74.16403899,"(40.59422795, -74.16403899)"
7678,40.53554021,-74.21722656,"(40.53554021, -74.21722656)"
7679,40.53769538,-74.16121458,"(40.53769538, -74.16121458)"
7680,40.87315438,-73.83654463,"(40.87315438, -73.83654463)"
7681,40.87286397,-73.83640328,"(40.87286397, -73.83640328)"
7682,40.60823722,-73.90433004,"(40.60823722, -73.90433004)"
7683,40.74605443,-73.85859944,"(40.74605443, -73.85859944)"
7684,40.61341251,-74.13879903,"(40.61341251, -74.13879903)"
7685,40.62983973,-73.9639202,"(40.62983973, -73.9639202)"
7686,40.72608546,-74.00274047,"(40.72608546, -74.00274047)"
7687,40.80196733,-73.93953241,"(40.80196733, -73.93953241)"
7688,40.75441743,-73.93585199,"(40.75441743, -73.93585199)"
7689,40.79695757,-73.93571425,"(40.79695757, -73.93571425)"
7690,40.68886706,-73.95401788,"(40.68886706, -73.95401788)"
7691,40.72414515,-74.00329466,"(40.72414515, -74.00329466)"
7692,40.85806642,-73.90998849,"(40.85806642, -73.90998849)"
7693,40.78632966,-73.82202194,"(40.78632966, -73.82202194)"
7694,40.73040737,-73.85019047,"(40.73040737, -73.85019047)"
7695,40.72281775,-73.74192372,"(40.72281775, -73.74192372)"
7696,40.86036485,-73.90532526,"(40.86036485, -73.90532526)"
7697,40.74495699,-73.9144751,"(40.74495699, -73.9144751)"
7698,40.66559408,-73.83698281,"(40.66559408, -73.83698281)"
7699,40.83833861,-73.84805097,"(40.83833861, -73.84805097)"
7700,40.6134044,-73.98244631,"(40.6134044, -73.98244631)"
7701,40.61167293,-73.90605981,"(40.61167293, -73.90605981)"
7702,40.87148963,-73.8585476,"(40.87148963, -73.8585476)"
7703,40.87141121,-73.83762702,"(40.87141121, -73.83762702)"
7704,40.66225665,-73.84172989,"(40.66225665, -73.84172989)"
7705,40.72073427,-73.97852315,"(40.72073427, -73.97852315)"
7706,40.76505193,-73.88839604,"(40.76505193, -73.88839604)"
7707,40.70819287,-73.92289277,"(40.70819287, -73.92289277)"
7708,40.81576429,-73.84715011,"(40.81576429, -73.84715011)"
7709,40.60520265,-73.97630443,"(40.60520265, -73.97630443)"
7710,40.54351542,-74.21035026,"(40.54351542, -74.21035026)"
7711,40.83897005,-73.9096495,"(40.83897005, -73.9096495)"
7712,40.6058824,-73.97441652,"(40.6058824, -73.97441652)"
7713,40.73359957,-73.84717907,"(40.73359957, -73.84717907)"
7714,40.87445423,-73.85455883,"(40.87445423, -73.85455883)"
7715,40.7402046,-73.82027786,"(40.7402046, -73.82027786)"
7716,40.58741993,-73.93369157,"(40.58741993, -73.93369157)"
7717,40.66570606,-73.83887368,"(40.66570606, -73.83887368)"
7718,40.86735934,-73.86162034,"(40.86735934, -73.86162034)"
7719,40.6287893,-73.95128839,"(40.6287893, -73.95128839)"
7720,40.65228496,-73.95255153,"(40.65228496, -73.95255153)"
7721,40.61672359,-74.13671067,"(40.61672359, -74.13671067)"
7722,40.71736179,-73.9836768,"(40.71736179, -73.9836768)"
7723,40.68972824,-73.93999294,"(40.68972824, -73.93999294)"
7724,40.83386264,-73.87788487,"(40.83386264, -73.87788487)"
7725,40.73713917,-73.75595942,"(40.73713917, -73.75595942)"
7726,40.73709254,-73.75622302,"(40.73709254, -73.75622302)"
7727,40.61121936,-74.13925652,"(40.61121936, -74.13925652)"
7728,40.75611854,-73.99099877,"(40.75611854, -73.99099877)"
7729,40.61741447,-74.13199601,"(40.61741447, -74.13199601)"
7730,40.76040765,-73.96402063,"(40.76040765, -73.96402063)"
7731,40.61495603,-74.12641339,"(40.61495603, -74.12641339)"
7732,40.81513903,-73.82215973,"(40.81513903, -73.82215973)"
7733,40.81783567,-73.94002223,"(40.81783567, -73.94002223)"
7734,40.54928581,-74.21781429,"(40.54928581, -74.21781429)"
7735,40.83705796,-73.84506025,"(40.83705796, -73.84506025)"
7736,40.87577536,-73.86926658,"(40.87577536, -73.86926658)"
7737,40.61349519,-74.12669591,"(40.61349519, -74.12669591)"
7738,40.54986197,-74.1748521,"(40.54986197, -74.1748521)"
7739,40.68323382,-73.83751808,"(40.68323382, -73.83751808)"
7740,40.67438917,-73.95263978,"(40.67438917, -73.95263978)"
7741,40.74632452,-73.92100797,"(40.74632452, -73.92100797)"
7742,40.7015784,-73.88581194,"(40.7015784, -73.88581194)"
7743,40.57248725,-73.8608086,"(40.57248725, -73.8608086)"
7744,40.62877209,-73.9514482,"(40.62877209, -73.9514482)"
7745,40.59668024,-73.9549786,"(40.59668024, -73.9549786)"
7746,40.65207293,-73.95252901,"(40.65207293, -73.95252901)"
7747,40.61635958,-74.13680903,"(40.61635958, -74.13680903)"
7748,40.85473311,-73.91430771,"(40.85473311, -73.91430771)"
7749,40.85797523,-73.86359028,"(40.85797523, -73.86359028)"
7750,40.7768906,-73.90684964,"(40.7768906, -73.90684964)"
7751,40.76543717,-73.89054693,"(40.76543717, -73.89054693)"
7752,40.52123388,-74.21078784,"(40.52123388, -74.21078784)"
7753,40.66480829,-73.9867234,"(40.66480829, -73.9867234)"
7754,40.83638541,-73.84361229,"(40.83638541, -73.84361229)"
7755,40.86918713,-73.83726745,"(40.86918713, -73.83726745)"
7756,40.86308247,-73.85717535,"(40.86308247, -73.85717535)"
7757,40.85562588,-73.91572646,"(40.85562588, -73.91572646)"
7758,40.55042587,-74.15945679,"(40.55042587, -74.15945679)"
7759,40.62306866,-73.9234844,"(40.62306866, -73.9234844)"
7760,40.54664208,-74.15828465,"(40.54664208, -74.15828465)"
7761,40.54667118,-74.15822792,"(40.54667118, -74.15822792)"
7762,40.54712649,-74.21978946,"(40.54712649, -74.21978946)"
7763,40.62579949,-74.11084929,"(40.62579949, -74.11084929)"
7764,40.57546499,-74.11268069,"(40.57546499, -74.11268069)"
7765,40.87317124,-73.85930375,"(40.87317124, -73.85930375)"
7766,40.63210159,-74.11279111,"(40.63210159, -74.11279111)"
7767,40.88811696,-73.90509243,"(40.88811696, -73.90509243)"
7768,40.73592193,-74.00682726,"(40.73592193, -74.00682726)"
7769,40.75000429,-73.85567234,"(40.75000429, -73.85567234)"
7770,40.74521452,-73.82562819,"(40.74521452, -73.82562819)"
7771,40.74717469,-73.83092487,"(40.74717469, -73.83092487)"
7772,40.7471677,-73.83085182,"(40.7471677, -73.83085182)"
7773,40.60655861,-74.15939791,"(40.60655861, -74.15939791)"
7774,40.50217136,-74.23346555,"(40.50217136, -74.23346555)"
7775,40.52876752,-74.17836058,"(40.52876752, -74.17836058)"
7776,40.81893022,-73.94068256,"(40.81893022, -73.94068256)"
7777,40.7820751,-73.94780722,"(40.7820751, -73.94780722)"
7778,40.7275684,-73.84719795,"(40.7275684, -73.84719795)"
7779,40.77793628,-73.95979449,"(40.77793628, -73.95979449)"
7780,40.53088808,-74.22233166,"(40.53088808, -74.22233166)"
7781,40.52687969,-74.17633233,"(40.52687969, -74.17633233)"
7782,40.53866052,-74.19775243,"(40.53866052, -74.19775243)"
7783,40.67204335,-73.94479774,"(40.67204335, -73.94479774)"
7784,40.73266071,-74.00563763,"(40.73266071, -74.00563763)"
7785,40.7589217,-73.80590227,"(40.7589217, -73.80590227)"
7786,40.74509714,-73.91953343,"(40.74509714, -73.91953343)"
7787,40.57128322,-73.86025895,"(40.57128322, -73.86025895)"
7788,40.57177886,-73.85955921,"(40.57177886, -73.85955921)"
7789,40.67559855,-73.94193832,"(40.67559855, -73.94193832)"
7790,40.7037084,-73.75629528,"(40.7037084, -73.75629528)"
7791,40.78743401,-73.82154789,"(40.78743401, -73.82154789)"
7792,40.60597624,-73.99313763,"(40.60597624, -73.99313763)"
7793,40.57197605,-73.86047269,"(40.57197605, -73.86047269)"
7794,40.62342614,-73.95444824,"(40.62342614, -73.95444824)"
7795,40.60358167,-74.00402652,"(40.60358167, -74.00402652)"
7796,40.69809085,-73.93640105,"(40.69809085, -73.93640105)"
7797,40.74358449,-73.8235854,"(40.74358449, -73.8235854)"
7798,40.84605944,-73.89636066,"(40.84605944, -73.89636066)"
7799,40.63846198,-74.10866963,"(40.63846198, -74.10866963)"
7800,40.85789699,-73.86961656,"(40.85789699, -73.86961656)"
7801,40.63291223,-73.89924038,"(40.63291223, -73.89924038)"
7802,40.59610522,-73.80065094,"(40.59610522, -73.80065094)"
7803,40.69306052,-73.81477548,"(40.69306052, -73.81477548)"
7804,40.78795903,-73.82273988,"(40.78795903, -73.82273988)"
7805,40.6488154,-73.84030567,"(40.6488154, -73.84030567)"
7806,40.81755898,-73.9413079,"(40.81755898, -73.9413079)"
7807,40.66825633,-73.77520079,"(40.66825633, -73.77520079)"
7808,40.86159869,-73.85326333,"(40.86159869, -73.85326333)"
7809,40.60733276,-73.9736809,"(40.60733276, -73.9736809)"
7810,40.66550596,-73.8370103,"(40.66550596, -73.8370103)"
7811,40.85395349,-73.91388185,"(40.85395349, -73.91388185)"
7812,40.88078582,-73.87666419,"(40.88078582, -73.87666419)"
7813,40.87199515,-73.85665463,"(40.87199515, -73.85665463)"
7814,40.5383985,-74.2236929,"(40.5383985, -74.2236929)"
7815,40.67430882,-73.82557929,"(40.67430882, -73.82557929)"
7816,40.6741058,-73.82564229,"(40.6741058, -73.82564229)"
7817,40.83746839,-73.84781037,"(40.83746839, -73.84781037)"
7818,40.80419286,-73.90737524,"(40.80419286, -73.90737524)"
7819,40.76425647,-73.87572462,"(40.76425647, -73.87572462)"
7820,40.70126533,-73.88948717,"(40.70126533, -73.88948717)"
7821,40.87673281,-73.85723866,"(40.87673281, -73.85723866)"
7822,40.87672637,-73.85712072,"(40.87672637, -73.85712072)"
7823,40.87447224,-73.84563166,"(40.87447224, -73.84563166)"
7824,40.86970224,-73.837578,"(40.86970224, -73.837578)"
7825,40.54002399,-74.14855172,"(40.54002399, -74.14855172)"
7826,40.87046515,-73.89161415,"(40.87046515, -73.89161415)"
7827,40.72738401,-73.84684906,"(40.72738401, -73.84684906)"
7828,40.58793538,-73.934589,"(40.58793538, -73.934589)"
7829,40.74783267,-73.87377533,"(40.74783267, -73.87377533)"
7830,40.67629528,-73.81961362,"(40.67629528, -73.81961362)"
7831,40.87186016,-73.85665919,"(40.87186016, -73.85665919)"
7832,40.74226997,-73.81304741,"(40.74226997, -73.81304741)"
7833,40.85778122,-73.91003134,"(40.85778122, -73.91003134)"
7834,40.66536827,-73.99055212,"(40.66536827, -73.99055212)"
7835,40.66545146,-73.99072443,"(40.66545146, -73.99072443)"
7836,40.71939234,-73.75420129,"(40.71939234, -73.75420129)"
7837,40.84394397,-73.83462579,"(40.84394397, -73.83462579)"
7838,40.58722704,-73.93365505,"(40.58722704, -73.93365505)"
7839,40.66474595,-73.8780631,"(40.66474595, -73.8780631)"
7840,40.53983585,-74.14838674,"(40.53983585, -74.14838674)"
7841,40.73022125,-73.85339887,"(40.73022125, -73.85339887)"
7842,40.65041304,-73.83999524,"(40.65041304, -73.83999524)"
7843,40.74512155,-73.81674942,"(40.74512155, -73.81674942)"
7844,40.67936288,-73.97759595,"(40.67936288, -73.97759595)"
7845,40.84174081,-73.83971979,"(40.84174081, -73.83971979)"
7846,40.81116635,-73.9618071,"(40.81116635, -73.9618071)"
7847,40.70636029,-73.92522346,"(40.70636029, -73.92522346)"
7848,40.74598255,-73.82156917,"(40.74598255, -73.82156917)"
7849,40.69856029,-73.83827179,"(40.69856029, -73.83827179)"
7850,40.61432645,-73.98106363,"(40.61432645, -73.98106363)"
7851,40.86758158,-73.86446223,"(40.86758158, -73.86446223)"
7852,40.66492358,-73.98662763,"(40.66492358, -73.98662763)"
7853,40.74521426,-73.70905172,"(40.74521426, -73.70905172)"
7854,40.70046862,-73.8101102,"(40.70046862, -73.8101102)"
7855,40.86712871,-73.86926082,"(40.86712871, -73.86926082)"
7856,40.53790484,-74.20519002,"(40.53790484, -74.20519002)"
7857,40.8029721,-73.91447054,"(40.8029721, -73.91447054)"
7858,40.85571911,-73.91569043,"(40.85571911, -73.91569043)"
7859,40.74753831,-73.87310949,"(40.74753831, -73.87310949)"
7860,40.68372374,-73.93527024,"(40.68372374, -73.93527024)"
7861,40.62050096,-74.1336431,"(40.62050096, -74.1336431)"
7862,40.81833202,-73.93927133,"(40.81833202, -73.93927133)"
7863,40.85689979,-73.90947819,"(40.85689979, -73.90947819)"
7864,40.85472869,-73.91311293,"(40.85472869, -73.91311293)"
7865,40.56735982,-74.11590561,"(40.56735982, -74.11590561)"
7866,40.62988685,-73.96349051,"(40.62988685, -73.96349051)"
7867,40.74585744,-73.81641567,"(40.74585744, -73.81641567)"
7868,40.74570806,-73.8165098,"(40.74570806, -73.8165098)"
7869,40.74491451,-73.81642085,"(40.74491451, -73.81642085)"
7870,40.66465064,-73.87909301,"(40.66465064, -73.87909301)"
7871,40.8648002,-73.84712733,"(40.8648002, -73.84712733)"
7872,40.73740074,-73.75437144,"(40.73740074, -73.75437144)"
7873,40.7560577,-73.96343231,"(40.7560577, -73.96343231)"
7874,40.70146938,-73.88713486,"(40.70146938, -73.88713486)"
7875,40.61356209,-74.11954814,"(40.61356209, -74.11954814)"
7876,40.74718215,-73.87230386,"(40.74718215, -73.87230386)"
7877,40.88183337,-73.87814007,"(40.88183337, -73.87814007)"
7878,40.84564984,-73.89798678,"(40.84564984, -73.89798678)"
7879,40.61263547,-74.14990789,"(40.61263547, -74.14990789)"
7880,40.67912235,-73.82830101,"(40.67912235, -73.82830101)"
7881,40.53830707,-74.2177925,"(40.53830707, -74.2177925)"
7882,40.5382732,-74.21783026,"(40.5382732, -74.21783026)"
7883,40.84169768,-73.83980267,"(40.84169768, -73.83980267)"
7884,40.81567628,-73.84942554,"(40.81567628, -73.84942554)"
7885,40.83808427,-73.84832991,"(40.83808427, -73.84832991)"
7886,40.81961845,-73.88776365,"(40.81961845, -73.88776365)"
7887,40.70424222,-73.94863393,"(40.70424222, -73.94863393)"
7888,40.75239706,-73.93195761,"(40.75239706, -73.93195761)"
7889,40.74732601,-73.82919141,"(40.74732601, -73.82919141)"
7890,40.83158954,-73.82688656,"(40.83158954, -73.82688656)"
7891,40.78202484,-73.94768699,"(40.78202484, -73.94768699)"
7892,40.74262378,-73.70230612,"(40.74262378, -73.70230612)"
7893,40.704605,-73.95201432,"(40.704605, -73.95201432)"
7894,40.54650422,-74.15855338,"(40.54650422, -74.15855338)"
7895,40.82895533,-73.89080741,"(40.82895533, -73.89080741)"
7896,40.74236474,-73.91881148,"(40.74236474, -73.91881148)"
7897,40.7268609,-73.74026572,"(40.7268609, -73.74026572)"
7898,40.6558136,-73.83604374,"(40.6558136, -73.83604374)"
7899,40.54910116,-74.17481363,"(40.54910116, -74.17481363)"
7900,40.74894569,-73.94104529,"(40.74894569, -73.94104529)"
7901,40.61264165,-74.09973617,"(40.61264165, -74.09973617)"
7902,40.61249755,-74.09958051,"(40.61249755, -74.09958051)"
7903,40.59652265,-73.96388969,"(40.59652265, -73.96388969)"
7904,40.61348563,-74.1195379,"(40.61348563, -74.1195379)"
7905,40.77664625,-73.84244547,"(40.77664625, -73.84244547)"
7906,40.65903856,-73.9554628,"(40.65903856, -73.9554628)"
7907,40.84370768,-73.9091596,"(40.84370768, -73.9091596)"
7908,40.87456662,-73.85819874,"(40.87456662, -73.85819874)"
7909,40.87455781,-73.85488351,"(40.87455781, -73.85488351)"
7910,40.66538382,-73.8785355,"(40.66538382, -73.8785355)"
7911,40.6173037,-74.15012805,"(40.6173037, -74.15012805)"
7912,40.7504671,-73.77512188,"(40.7504671, -73.77512188)"
7913,40.87237489,-73.85664181,"(40.87237489, -73.85664181)"
7914,40.69214107,-73.81121951,"(40.69214107, -73.81121951)"
7915,40.83084002,-73.88058786,"(40.83084002, -73.88058786)"
7916,40.868621,-73.84012732,"(40.868621, -73.84012732)"
7917,40.74379906,-73.71827732,"(40.74379906, -73.71827732)"
7918,40.66046721,-73.84233934,"(40.66046721, -73.84233934)"
7919,40.73781612,-73.92730159,"(40.73781612, -73.92730159)"
7920,40.53631801,-74.1972133,"(40.53631801, -74.1972133)"
7921,40.53627779,-74.19735835,"(40.53627779, -74.19735835)"
7922,40.85969034,-73.86353298,"(40.85969034, -73.86353298)"
7923,40.73066166,-73.8485405,"(40.73066166, -73.8485405)"
7924,40.66548394,-73.99079171,"(40.66548394, -73.99079171)"
7925,40.74389705,-73.71809175,"(40.74389705, -73.71809175)"
7926,40.80766926,-73.96532636,"(40.80766926, -73.96532636)"
7927,40.6767199,-73.75130478,"(40.6767199, -73.75130478)"
7928,40.75526288,-73.92679836,"(40.75526288, -73.92679836)"
7929,40.61387526,-74.13790106,"(40.61387526, -74.13790106)"
7930,40.72149724,-73.98065099,"(40.72149724, -73.98065099)"
7931,40.8482157,-73.89692077,"(40.8482157, -73.89692077)"
7932,40.53129537,-74.21783246,"(40.53129537, -74.21783246)"
7933,40.74601978,-73.91392111,"(40.74601978, -73.91392111)"
7934,40.73431806,-73.78854867,"(40.73431806, -73.78854867)"
7935,40.744788,-73.87600687,"(40.744788, -73.87600687)"
7936,40.75611742,-73.96357366,"(40.75611742, -73.96357366)"
7937,40.61364947,-74.11955985,"(40.61364947, -74.11955985)"
7938,40.83012926,-73.8746911,"(40.83012926, -73.8746911)"
7939,40.84848131,-73.93156027,"(40.84848131, -73.93156027)"
7940,40.81873617,-73.94022477,"(40.81873617, -73.94022477)"
7941,40.85760077,-73.90996371,"(40.85760077, -73.90996371)"
7942,40.74376744,-73.7183372,"(40.74376744, -73.7183372)"
7943,40.84963878,-73.93176395,"(40.84963878, -73.93176395)"
7944,40.74825893,-73.87317893,"(40.74825893, -73.87317893)"
7945,40.76747382,-73.92437727,"(40.76747382, -73.92437727)"
7946,40.74777681,-73.87364896,"(40.74777681, -73.87364896)"
7947,40.83053147,-73.87478446,"(40.83053147, -73.87478446)"
7948,40.85707323,-73.90993238,"(40.85707323, -73.90993238)"
7949,40.66541883,-73.99065684,"(40.66541883, -73.99065684)"
7950,40.85463039,-73.91319362,"(40.85463039, -73.91319362)"
7951,40.74383006,-73.71821863,"(40.74383006, -73.71821863)"
7952,40.77391143,-73.96153292,"(40.77391143, -73.96153292)"
7953,40.87599331,-73.85637943,"(40.87599331, -73.85637943)"
7954,40.67626683,-73.82073572,"(40.67626683, -73.82073572)"
7955,40.8319971,-73.87703536,"(40.8319971, -73.87703536)"
7956,40.87324173,-73.85849264,"(40.87324173, -73.85849264)"
7957,40.85859629,-73.91068578,"(40.85859629, -73.91068578)"
7958,40.61405087,-74.11961363,"(40.61405087, -74.11961363)"
7959,40.72916885,-73.84777274,"(40.72916885, -73.84777274)"
7960,40.81838418,-73.93939437,"(40.81838418, -73.93939437)"
7961,40.85486332,-73.91300242,"(40.85486332, -73.91300242)"
7962,40.61151041,-73.90545721,"(40.61151041, -73.90545721)"
7963,40.80782017,-73.96568463,"(40.80782017, -73.96568463)"
7964,40.67683382,-73.75166424,"(40.67683382, -73.75166424)"
7965,40.88436812,-73.87768974,"(40.88436812, -73.87768974)"
7966,40.61505479,-74.14010938,"(40.61505479, -74.14010938)"
7967,40.87565325,-73.85755992,"(40.87565325, -73.85755992)"
7968,40.60469153,-73.96838801,"(40.60469153, -73.96838801)"
7969,40.67429411,-73.95089868,"(40.67429411, -73.95089868)"
7970,40.86095873,-73.85058218,"(40.86095873, -73.85058218)"
7971,40.61641051,-74.14724903,"(40.61641051, -74.14724903)"
7972,40.74562912,-73.81654064,"(40.74562912, -73.81654064)"
7973,40.61237403,-73.90584806,"(40.61237403, -73.90584806)"
7974,40.62261548,-74.01142419,"(40.62261548, -74.01142419)"
7975,40.73073127,-73.85168367,"(40.73073127, -73.85168367)"
7976,40.63482423,-73.9038269,"(40.63482423, -73.9038269)"
7977,40.81733923,-73.93884286,"(40.81733923, -73.93884286)"
7978,40.86807597,-73.89362112,"(40.86807597, -73.89362112)"
7979,40.68598751,-73.87878998,"(40.68598751, -73.87878998)"
7980,40.72928218,-73.84783164,"(40.72928218, -73.84783164)"
7981,40.705254,-73.95295157,"(40.705254, -73.95295157)"
7982,40.87182482,-73.84210169,"(40.87182482, -73.84210169)"
7983,40.71923275,-73.75457378,"(40.71923275, -73.75457378)"
7984,40.86909254,-73.86253516,"(40.86909254, -73.86253516)"
7985,40.53029666,-74.21751096,"(40.53029666, -74.21751096)"
7986,40.61850595,-74.1389367,"(40.61850595, -74.1389367)"
7987,40.70415184,-73.95068668,"(40.70415184, -73.95068668)"
7988,40.66038617,-73.84291346,"(40.66038617, -73.84291346)"
7989,40.50931628,-74.23006665,"(40.50931628, -74.23006665)"
7990,40.83230696,-73.87534361,"(40.83230696, -73.87534361)"
7991,40.84979874,-73.93164819,"(40.84979874, -73.93164819)"
7992,40.74109881,-73.81619748,"(40.74109881, -73.81619748)"
7993,40.74488371,-73.81628229,"(40.74488371, -73.81628229)"
7994,40.83356894,-73.87739996,"(40.83356894, -73.87739996)"
7995,40.72104593,-73.90304654,"(40.72104593, -73.90304654)"
7996,40.61135734,-74.14732525,"(40.61135734, -74.14732525)"
7997,40.85644552,-73.91527619,"(40.85644552, -73.91527619)"
7998,40.7016186,-73.88648021,"(40.7016186, -73.88648021)"
7999,40.83347541,-73.87737827,"(40.83347541, -73.87737827)"
8000,40.57243525,-73.85894206,"(40.57243525, -73.85894206)"
8001,40.61433303,-74.14252634,"(40.61433303, -74.14252634)"
8002,40.83030983,-73.87473301,"(40.83030983, -73.87473301)"
8003,40.83001844,-73.87466538,"(40.83001844, -73.87466538)"
8004,40.72771367,-73.84701745,"(40.72771367, -73.84701745)"
8005,40.88175919,-73.85395252,"(40.88175919, -73.85395252)"
8006,40.60397133,-73.96325791,"(40.60397133, -73.96325791)"
8007,40.69367956,-73.81756191,"(40.69367956, -73.81756191)"
8008,40.69373494,-73.81736774,"(40.69373494, -73.81736774)"
8009,40.61476918,-74.140381,"(40.61476918, -74.140381)"
8010,40.53630376,-74.19726469,"(40.53630376, -74.19726469)"
8011,40.54271223,-74.21826157,"(40.54271223, -74.21826157)"
8012,40.53193914,-74.21802276,"(40.53193914, -74.21802276)"
8013,40.83682135,-73.84450361,"(40.83682135, -73.84450361)"
8014,40.81397897,-73.96182716,"(40.81397897, -73.96182716)"
8015,40.61600434,-74.13982318,"(40.61600434, -74.13982318)"
8016,40.84371277,-73.90925478,"(40.84371277, -73.90925478)"
8017,40.81673137,-73.85369621,"(40.81673137, -73.85369621)"
8018,40.83490568,-73.85304056,"(40.83490568, -73.85304056)"
8019,40.87711904,-73.85231974,"(40.87711904, -73.85231974)"
8020,40.74803645,-73.76675601,"(40.74803645, -73.76675601)"
8021,40.78711279,-73.82240009,"(40.78711279, -73.82240009)"
8022,40.75059123,-73.77831784,"(40.75059123, -73.77831784)"
8023,40.66832552,-73.87734377,"(40.66832552, -73.87734377)"
8024,40.7428903,-73.87744487,"(40.7428903, -73.87744487)"
8025,40.86040081,-73.84726817,"(40.86040081, -73.84726817)"
8026,40.65720732,-73.959716,"(40.65720732, -73.959716)"
8027,40.86733643,-73.86927606,"(40.86733643, -73.86927606)"
8028,40.86308133,-73.85710812,"(40.86308133, -73.85710812)"
8029,40.87370479,-73.86217107,"(40.87370479, -73.86217107)"
8030,40.85554582,-73.9157574,"(40.85554582, -73.9157574)"
8031,40.86075429,-73.91061207,"(40.86075429, -73.91061207)"
8032,40.74248356,-73.95245921,"(40.74248356, -73.95245921)"
8033,40.82846211,-73.8256507,"(40.82846211, -73.8256507)"
8034,40.64706827,-73.94593656,"(40.64706827, -73.94593656)"
8035,40.67881138,-73.82814783,"(40.67881138, -73.82814783)"
8036,40.74597931,-73.91357876,"(40.74597931, -73.91357876)"
8037,40.74590374,-73.85958535,"(40.74590374, -73.85958535)"
8038,40.87183539,-73.83960726,"(40.87183539, -73.83960726)"
8039,40.65919161,-73.8409684,"(40.65919161, -73.8409684)"
8040,40.55139747,-74.16499752,"(40.55139747, -74.16499752)"
8041,40.68387687,-73.94431839,"(40.68387687, -73.94431839)"
8042,40.68316169,-73.9375197,"(40.68316169, -73.9375197)"
8043,40.80757349,-73.94698411,"(40.80757349, -73.94698411)"
8044,40.6762103,-73.82039252,"(40.6762103, -73.82039252)"
8045,40.74984554,-73.8582183,"(40.74984554, -73.8582183)"
8046,40.67338122,-73.9505389,"(40.67338122, -73.9505389)"
8047,40.59936296,-73.95086009,"(40.59936296, -73.95086009)"
8048,40.72090171,-73.97891963,"(40.72090171, -73.97891963)"
8049,40.75431929,-73.92977456,"(40.75431929, -73.92977456)"
8050,40.69381305,-73.81748341,"(40.69381305, -73.81748341)"
8051,40.75583372,-73.96290226,"(40.75583372, -73.96290226)"
8052,40.74714851,-73.87252313,"(40.74714851, -73.87252313)"
8053,40.8310564,-73.87490631,"(40.8310564, -73.87490631)"
8054,40.87178077,-73.83958085,"(40.87178077, -73.83958085)"
8055,40.76850436,-73.92146178,"(40.76850436, -73.92146178)"
8056,40.87133834,-73.86666478,"(40.87133834, -73.86666478)"
8057,40.85369404,-73.91338291,"(40.85369404, -73.91338291)"
8058,40.81432945,-73.93064411,"(40.81432945, -73.93064411)"
8059,40.74474186,-73.81564888,"(40.74474186, -73.81564888)"
8060,40.61585816,-74.14168618,"(40.61585816, -74.14168618)"
8061,40.81621638,-73.85357509,"(40.81621638, -73.85357509)"
8062,40.60549833,-73.97434319,"(40.60549833, -73.97434319)"
8063,40.59110829,-73.935191,"(40.59110829, -73.935191)"
8064,40.74012613,-73.8200465,"(40.74012613, -73.8200465)"
8065,40.74989651,-73.77485119,"(40.74989651, -73.77485119)"
8066,40.74209312,-73.8133524,"(40.74209312, -73.8133524)"
8067,40.53741591,-74.2020008,"(40.53741591, -74.2020008)"
8068,40.676687,-73.75120093,"(40.676687, -73.75120093)"
8069,40.67680745,-73.75158103,"(40.67680745, -73.75158103)"
8070,40.75529249,-73.92686171,"(40.75529249, -73.92686171)"
8071,40.74486831,-73.81621301,"(40.74486831, -73.81621301)"
8072,40.7411432,-73.91965406,"(40.7411432, -73.91965406)"
8073,40.83155451,-73.94710965,"(40.83155451, -73.94710965)"
8074,40.86024595,-73.84097306,"(40.86024595, -73.84097306)"
8075,40.74547126,-73.81660232,"(40.74547126, -73.81660232)"
8076,40.53979422,-74.20701957,"(40.53979422, -74.20701957)"
8077,40.66496801,-73.87932846,"(40.66496801, -73.87932846)"
8078,40.7374932,-73.75375756,"(40.7374932, -73.75375756)"
8079,40.74544428,-73.91734912,"(40.74544428, -73.91734912)"
8080,40.6394497,-74.10761121,"(40.6394497, -74.10761121)"
8081,40.8722009,-73.85852791,"(40.8722009, -73.85852791)"
8082,40.61486609,-74.14035567,"(40.61486609, -74.14035567)"
8083,40.61305147,-74.14568478,"(40.61305147, -74.14568478)"
8084,40.64189211,-74.11246715,"(40.64189211, -74.11246715)"
8085,40.67356931,-73.95203206,"(40.67356931, -73.95203206)"
8086,40.61133859,-74.13663622,"(40.61133859, -74.13663622)"
8087,40.84175156,-73.84324884,"(40.84175156, -73.84324884)"
8088,40.74523499,-73.81669463,"(40.74523499, -73.81669463)"
8089,40.86494288,-73.84712291,"(40.86494288, -73.84712291)"
8090,40.62264922,-74.12995288,"(40.62264922, -74.12995288)"
8091,40.73592703,-73.78745024,"(40.73592703, -73.78745024)"
8092,40.86960938,-73.83853145,"(40.86960938, -73.83853145)"
8093,40.72334942,-73.86988767,"(40.72334942, -73.86988767)"
8094,40.84642891,-73.8351257,"(40.84642891, -73.8351257)"
8095,40.88197795,-73.85764059,"(40.88197795, -73.85764059)"
8096,40.6329714,-73.9028118,"(40.6329714, -73.9028118)"
8097,40.69984277,-73.84168244,"(40.69984277, -73.84168244)"
8098,40.61601037,-73.90935039,"(40.61601037, -73.90935039)"
8099,40.69939848,-73.91709156,"(40.69939848, -73.91709156)"
8100,40.69377026,-73.82015107,"(40.69377026, -73.82015107)"
8101,40.81828668,-73.93916438,"(40.81828668, -73.93916438)"
8102,40.87177891,-73.84224256,"(40.87177891, -73.84224256)"
8103,40.77381513,-73.961603,"(40.77381513, -73.961603)"
8104,40.77404833,-73.9614333,"(40.77404833, -73.9614333)"
8105,40.75235496,-73.9266237,"(40.75235496, -73.9266237)"
8106,40.61163859,-73.90590057,"(40.61163859, -73.90590057)"
8107,40.81403502,-73.93080288,"(40.81403502, -73.93080288)"
8108,40.74372969,-73.82486608,"(40.74372969, -73.82486608)"
8109,40.67344741,-73.95177922,"(40.67344741, -73.95177922)"
8110,40.85262472,-73.91573321,"(40.85262472, -73.91573321)"
8111,40.53604349,-74.20195086,"(40.53604349, -74.20195086)"
8112,40.73751022,-73.92640343,"(40.73751022, -73.92640343)"
8113,40.60390038,-73.95270376,"(40.60390038, -73.95270376)"
8114,40.72941864,-73.85385273,"(40.72941864, -73.85385273)"
8115,40.74728726,-73.87254162,"(40.74728726, -73.87254162)"
8116,40.84840978,-73.93138973,"(40.84840978, -73.93138973)"
8117,40.58649815,-73.92922461,"(40.58649815, -73.92922461)"
8118,40.67492327,-73.82249739,"(40.67492327, -73.82249739)"
8119,40.61076828,-73.95256954,"(40.61076828, -73.95256954)"
8120,40.50928824,-74.23020759,"(40.50928824, -74.23020759)"
8121,40.83261834,-73.87541594,"(40.83261834, -73.87541594)"
8122,40.63405068,-73.95300098,"(40.63405068, -73.95300098)"
8123,40.74452233,-73.8145953,"(40.74452233, -73.8145953)"
8124,40.74372038,-73.82476868,"(40.74372038, -73.82476868)"
8125,40.86197823,-73.84172653,"(40.86197823, -73.84172653)"
8126,40.53625172,-74.19745235,"(40.53625172, -74.19745235)"
8127,40.69171626,-73.94778449,"(40.69171626, -73.94778449)"
8128,40.83196746,-73.88085112,"(40.83196746, -73.88085112)"
8129,40.58647466,-73.92943842,"(40.58647466, -73.92943842)"
8130,40.85744289,-73.90993681,"(40.85744289, -73.90993681)"
8131,40.74373425,-73.71840005,"(40.74373425, -73.71840005)"
8132,40.87298307,-73.8462192,"(40.87298307, -73.8462192)"
8133,40.65925364,-73.8409838,"(40.65925364, -73.8409838)"
8134,40.69365413,-73.81765106,"(40.69365413, -73.81765106)"
8135,40.87225194,-73.85852649,"(40.87225194, -73.85852649)"
8136,40.53652834,-74.20195158,"(40.53652834, -74.20195158)"
8137,40.67619811,-73.82031852,"(40.67619811, -73.82031852)"
8138,40.83373044,-73.87785728,"(40.83373044, -73.87785728)"
8139,40.85240134,-73.91592793,"(40.85240134, -73.91592793)"
8140,40.85445616,-73.91333664,"(40.85445616, -73.91333664)"
8141,40.83316706,-73.84225106,"(40.83316706, -73.84225106)"
8142,40.74386355,-73.71815519,"(40.74386355, -73.71815519)"
8143,40.84958562,-73.93180242,"(40.84958562, -73.93180242)"
8144,40.84970926,-73.93171295,"(40.84970926, -73.93171295)"
8145,40.80762454,-73.96522021,"(40.80762454, -73.96522021)"
8146,40.83192763,-73.87701924,"(40.83192763, -73.87701924)"
8147,40.83212766,-73.87706564,"(40.83212766, -73.87706564)"
8148,40.70955326,-73.8441121,"(40.70955326, -73.8441121)"
8149,40.75920452,-73.82584118,"(40.75920452, -73.82584118)"
8150,40.61540743,-74.14001718,"(40.61540743, -74.14001718)"
8151,40.67350048,-73.95075223,"(40.67350048, -73.95075223)"
8152,40.74292699,-73.72054591,"(40.74292699, -73.72054591)"
8153,40.5362656,-74.19740231,"(40.5362656, -74.19740231)"
8154,40.65906104,-73.8411469,"(40.65906104, -73.8411469)"
8155,40.60680111,-74.15932246,"(40.60680111, -74.15932246)"
8156,40.83240912,-73.86979579,"(40.83240912, -73.86979579)"
8157,40.88221015,-73.87903668,"(40.88221015, -73.87903668)"
8158,40.61095272,-74.10212727,"(40.61095272, -74.10212727)"
8159,40.85624243,-73.90998107,"(40.85624243, -73.90998107)"
8160,40.67476015,-73.89171248,"(40.67476015, -73.89171248)"
8161,40.86990767,-73.85687784,"(40.86990767, -73.85687784)"
8162,40.80637478,-73.9658833,"(40.80637478, -73.9658833)"
8163,40.73834731,-73.78693363,"(40.73834731, -73.78693363)"
8164,40.84188835,-73.86905218,"(40.84188835, -73.86905218)"
8165,40.54001937,-74.14854193,"(40.54001937, -74.14854193)"
8166,40.8733021,-73.85849083,"(40.8733021, -73.85849083)"
8167,40.61499291,-74.14092824,"(40.61499291, -74.14092824)"
8168,40.74535664,-73.82220614,"(40.74535664, -73.82220614)"
8169,40.85570348,-73.9095628,"(40.85570348, -73.9095628)"
8170,40.83239062,-73.86993826,"(40.83239062, -73.86993826)"
8171,40.67467338,-73.89169041,"(40.67467338, -73.89169041)"
8172,40.88138754,-73.85711874,"(40.88138754, -73.85711874)"
8173,40.6907125,-73.94544778,"(40.6907125, -73.94544778)"
8174,40.69467051,-73.81448325,"(40.69467051, -73.81448325)"
8175,40.74869643,-73.98107563,"(40.74869643, -73.98107563)"
8176,40.67074331,-73.95715808,"(40.67074331, -73.95715808)"
8177,40.8002645,-73.95818652,"(40.8002645, -73.95818652)"
8178,40.84218696,-73.84484006,"(40.84218696, -73.84484006)"
8179,40.8823979,-73.87897352,"(40.8823979, -73.87897352)"
8180,40.85436667,-73.91442204,"(40.85436667, -73.91442204)"
8181,40.74814294,-73.85975474,"(40.74814294, -73.85975474)"
8182,40.86055765,-73.8409631,"(40.86055765, -73.8409631)"
8183,40.71473676,-73.75255583,"(40.71473676, -73.75255583)"
8184,40.86032168,-73.84097064,"(40.86032168, -73.84097064)"
8185,40.77806543,-73.96010116,"(40.77806543, -73.96010116)"
8186,40.8614967,-73.83985278,"(40.8614967, -73.83985278)"
8187,40.85459422,-73.91435104,"(40.85459422, -73.91435104)"
8188,40.73940057,-73.8611072,"(40.73940057, -73.8611072)"
8189,40.85475931,-73.91076947,"(40.85475931, -73.91076947)"
8190,40.87725995,-73.85331785,"(40.87725995, -73.85331785)"
8191,40.73793717,-73.75113901,"(40.73793717, -73.75113901)"
8192,40.59536267,-73.95675277,"(40.59536267, -73.95675277)"
8193,40.85591034,-73.90652104,"(40.85591034, -73.90652104)"
8194,40.81149885,-73.96156532,"(40.81149885, -73.96156532)"
8195,40.67453211,-73.95664398,"(40.67453211, -73.95664398)"
8196,40.87589599,-73.84949884,"(40.87589599, -73.84949884)"
8197,40.74720972,-73.87266086,"(40.74720972, -73.87266086)"
8198,40.72735359,-73.84663862,"(40.72735359, -73.84663862)"
8199,40.54745834,-74.17636054,"(40.54745834, -74.17636054)"
8200,40.66217741,-73.83679376,"(40.66217741, -73.83679376)"
8201,40.83183289,-73.88081963,"(40.83183289, -73.88081963)"
8202,40.5869598,-73.93653457,"(40.5869598, -73.93653457)"
8203,40.87231285,-73.8585248,"(40.87231285, -73.8585248)"
8204,40.67625139,-73.82064199,"(40.67625139, -73.82064199)"
8205,40.69815215,-73.84180044,"(40.69815215, -73.84180044)"
8206,40.67413642,-73.89249198,"(40.67413642, -73.89249198)"
8207,40.85495812,-73.9129246,"(40.85495812, -73.9129246)"
8208,40.53748467,-74.20175183,"(40.53748467, -74.20175183)"
8209,40.68970055,-73.80526078,"(40.68970055, -73.80526078)"
8210,40.66041268,-73.84272563,"(40.66041268, -73.84272563)"
8211,40.8445623,-73.89386215,"(40.8445623, -73.89386215)"
8212,40.84675521,-73.86845132,"(40.84675521, -73.86845132)"
8213,40.75522579,-73.92671903,"(40.75522579, -73.92671903)"
8214,40.82960182,-73.87743605,"(40.82960182, -73.87743605)"
8215,40.72070813,-73.90295251,"(40.72070813, -73.90295251)"
8216,40.88421295,-73.87769952,"(40.88421295, -73.87769952)"
8217,40.57826476,-73.93886348,"(40.57826476, -73.93886348)"
8218,40.57827291,-73.93855696,"(40.57827291, -73.93855696)"
8219,40.85372238,-73.90880533,"(40.85372238, -73.90880533)"
8220,40.83237725,-73.8700412,"(40.83237725, -73.8700412)"
8221,40.61094521,-74.10190779,"(40.61094521, -74.10190779)"
8222,40.67458284,-73.89166738,"(40.67458284, -73.89166738)"
8223,40.61475929,-74.14769079,"(40.61475929, -74.14769079)"
8224,40.54243432,-74.20172891,"(40.54243432, -74.20172891)"
8225,40.62266203,-74.12979165,"(40.62266203, -74.12979165)"
8226,40.80452496,-73.91302818,"(40.80452496, -73.91302818)"
8227,40.85031029,-73.84449205,"(40.85031029, -73.84449205)"
8228,40.71424237,-73.75292886,"(40.71424237, -73.75292886)"
8229,40.855829,-73.90659491,"(40.855829, -73.90659491)"
8230,40.6758162,-73.7524534,"(40.6758162, -73.7524534)"
8231,40.83186522,-73.87987496,"(40.83186522, -73.87987496)"
8232,40.8327456,-73.91959217,"(40.8327456, -73.91959217)"
8233,40.83824244,-73.84815644,"(40.83824244, -73.84815644)"
8234,40.70433911,-73.94874198,"(40.70433911, -73.94874198)"
8235,40.73829436,-74.00639505,"(40.73829436, -74.00639505)"
8236,40.74723884,-73.8724321,"(40.74723884, -73.8724321)"
8237,40.90253506,-73.86797439,"(40.90253506, -73.86797439)"
8238,40.716516,-73.74995757,"(40.716516, -73.74995757)"
8239,40.7053758,-73.9530896,"(40.7053758, -73.9530896)"
8240,40.75244131,-73.940125,"(40.75244131, -73.940125)"
8241,40.86848993,-73.84006361,"(40.86848993, -73.84006361)"
8242,40.56649969,-74.11699008,"(40.56649969, -74.11699008)"
8243,40.84118383,-73.84757218,"(40.84118383, -73.84757218)"
8244,40.613502,-74.1456242,"(40.613502, -74.1456242)"
8245,40.63753371,-74.11219085,"(40.63753371, -74.11219085)"
8246,40.87256805,-73.85851774,"(40.87256805, -73.85851774)"
8247,40.87239353,-73.85852257,"(40.87239353, -73.85852257)"
8248,40.87154835,-73.85854598,"(40.87154835, -73.85854598)"
8249,40.63751681,-74.11234783,"(40.63751681, -74.11234783)"
8250,40.71939928,-73.90686434,"(40.71939928, -73.90686434)"
8251,40.81639201,-73.85361639,"(40.81639201, -73.85361639)"
8252,40.83475948,-73.85301327,"(40.83475948, -73.85301327)"
8253,40.75866511,-73.82557917,"(40.75866511, -73.82557917)"
8254,40.8337071,-73.87726427,"(40.8337071, -73.87726427)"
8255,40.83242393,-73.86968181,"(40.83242393, -73.86968181)"
8256,40.84769966,-73.93911711,"(40.84769966, -73.93911711)"
8257,40.61094866,-74.10200853,"(40.61094866, -74.10200853)"
8258,40.68047335,-73.81414597,"(40.68047335, -73.81414597)"
8259,40.6144581,-74.13946501,"(40.6144581, -74.13946501)"
8260,40.8464604,-73.78995455,"(40.8464604, -73.78995455)"
8261,40.86070861,-73.91068428,"(40.86070861, -73.91068428)"
8262,40.61459421,-74.14042674,"(40.61459421, -74.14042674)"
8263,40.83144621,-73.82503576,"(40.83144621, -73.82503576)"
8264,40.84975311,-73.93126907,"(40.84975311, -73.93126907)"
8265,40.87335039,-73.85848939,"(40.87335039, -73.85848939)"
8266,40.5362356,-74.19751051,"(40.5362356, -74.19751051)"
8267,40.75913784,-73.82580879,"(40.75913784, -73.82580879)"
8268,40.72139152,-73.98007945,"(40.72139152, -73.98007945)"
8269,40.7453124,-73.82207402,"(40.7453124, -73.82207402)"
8270,40.81269724,-73.96286106,"(40.81269724, -73.96286106)"
8271,40.88328479,-73.87867512,"(40.88328479, -73.87867512)"
8272,40.61095629,-74.10223161,"(40.61095629, -74.10223161)"
8273,40.74238731,-73.81303992,"(40.74238731, -73.81303992)"
8274,40.59813472,-73.95018356,"(40.59813472, -73.95018356)"
8275,40.87810854,-73.82821812,"(40.87810854, -73.82821812)"
8276,40.53678428,-74.20505355,"(40.53678428, -74.20505355)"
8277,40.88120279,-73.87639801,"(40.88120279, -73.87639801)"
8278,40.83240926,-73.88000183,"(40.83240926, -73.88000183)"
8279,40.8324982,-73.87919584,"(40.8324982, -73.87919584)"
8280,40.61066524,-74.13519019,"(40.61066524, -74.13519019)"
8281,40.77307448,-73.98019465,"(40.77307448, -73.98019465)"
8282,40.71428407,-73.75330279,"(40.71428407, -73.75330279)"
8283,40.86886809,-73.85957433,"(40.86886809, -73.85957433)"
8284,40.87311546,-73.85923103,"(40.87311546, -73.85923103)"
8285,40.7230886,-73.90645917,"(40.7230886, -73.90645917)"
8286,40.74377381,-73.82532726,"(40.74377381, -73.82532726)"
8287,40.67343436,-73.95153468,"(40.67343436, -73.95153468)"
8288,40.55081815,-74.139262,"(40.55081815, -74.139262)"
8289,40.72086921,-73.97884267,"(40.72086921, -73.97884267)"
8290,40.87651563,-73.85296794,"(40.87651563, -73.85296794)"
8291,40.85406221,-73.91451703,"(40.85406221, -73.91451703)"
8292,40.85593589,-73.91014942,"(40.85593589, -73.91014942)"
8293,40.72747873,-73.84670342,"(40.72747873, -73.84670342)"
8294,40.66260295,-73.84181326,"(40.66260295, -73.84181326)"
8295,40.86271808,-73.85199147,"(40.86271808, -73.85199147)"
8296,40.85460261,-73.91535556,"(40.85460261, -73.91535556)"
8297,40.87220205,-73.85520114,"(40.87220205, -73.85520114)"
8298,40.74855554,-73.98074009,"(40.74855554, -73.98074009)"
8299,40.72124593,-73.97973469,"(40.72124593, -73.97973469)"
8300,40.72130181,-73.98079479,"(40.72130181, -73.98079479)"
8301,40.611392,-74.14754387,"(40.611392, -74.14754387)"
8302,40.74111172,-73.91937346,"(40.74111172, -73.91937346)"
8303,40.60142605,-73.95503505,"(40.60142605, -73.95503505)"
8304,40.61653705,-74.14510769,"(40.61653705, -74.14510769)"
8305,40.8549457,-73.91424138,"(40.8549457, -73.91424138)"
8306,40.86729566,-73.86742978,"(40.86729566, -73.86742978)"
8307,40.85474602,-73.91072586,"(40.85474602, -73.91072586)"
8308,40.85374638,-73.90818626,"(40.85374638, -73.90818626)"
8309,40.86777903,-73.85818343,"(40.86777903, -73.85818343)"
8310,40.87764778,-73.82818842,"(40.87764778, -73.82818842)"
8311,40.80643418,-73.96602417,"(40.80643418, -73.96602417)"
8312,40.74768984,-73.87402029,"(40.74768984, -73.87402029)"
8313,40.73803192,-73.75062215,"(40.73803192, -73.75062215)"
8314,40.72098803,-73.86752634,"(40.72098803, -73.86752634)"
8315,40.55208691,-74.21194039,"(40.55208691, -74.21194039)"
8316,40.77788761,-73.96164165,"(40.77788761, -73.96164165)"
8317,40.74250557,-73.71284437,"(40.74250557, -73.71284437)"
8318,40.67790284,-73.97935219,"(40.67790284, -73.97935219)"
8319,40.76129731,-73.99332036,"(40.76129731, -73.99332036)"
8320,40.54644484,-74.20117334,"(40.54644484, -74.20117334)"
8321,40.55423288,-74.15234394,"(40.55423288, -74.15234394)"
8322,40.54263305,-74.20941652,"(40.54263305, -74.20941652)"
8323,40.66269468,-73.73924148,"(40.66269468, -73.73924148)"
8324,40.549388,-74.17490867,"(40.549388, -74.17490867)"
8325,40.60826741,-73.97711375,"(40.60826741, -73.97711375)"
8326,40.84782134,-73.8921979,"(40.84782134, -73.8921979)"
8327,40.8503478,-73.84459263,"(40.8503478, -73.84459263)"
8328,40.88258795,-73.85696966,"(40.88258795, -73.85696966)"
8329,40.85798986,-73.86303535,"(40.85798986, -73.86303535)"
8330,40.81843872,-73.94339259,"(40.81843872, -73.94339259)"
8331,40.6611811,-73.84337224,"(40.6611811, -73.84337224)"
8332,40.71566016,-73.75748332,"(40.71566016, -73.75748332)"
8333,40.53784497,-74.20032279,"(40.53784497, -74.20032279)"
8334,40.85855824,-73.84196245,"(40.85855824, -73.84196245)"
8335,40.61174118,-74.13518106,"(40.61174118, -74.13518106)"
8336,40.68619029,-73.84679987,"(40.68619029, -73.84679987)"
8337,40.61280128,-73.90673216,"(40.61280128, -73.90673216)"
8338,40.84546975,-73.83133673,"(40.84546975, -73.83133673)"
8339,40.59946727,-73.94993157,"(40.59946727, -73.94993157)"
8340,40.60665982,-73.97321639,"(40.60665982, -73.97321639)"
8341,40.85798733,-73.86313145,"(40.85798733, -73.86313145)"
8342,40.87197046,-73.85665546,"(40.87197046, -73.85665546)"
8343,40.86806961,-73.85852687,"(40.86806961, -73.85852687)"
8344,40.86797906,-73.85852973,"(40.86797906, -73.85852973)"
8345,40.62025077,-74.10878281,"(40.62025077, -74.10878281)"
8346,40.54875588,-74.21737829,"(40.54875588, -74.21737829)"
8347,40.85811642,-73.85799254,"(40.85811642, -73.85799254)"
8348,40.54848755,-74.17291692,"(40.54848755, -74.17291692)"
8349,40.66507601,-73.83714442,"(40.66507601, -73.83714442)"
8350,40.81426551,-73.93067724,"(40.81426551, -73.93067724)"
8351,40.67392165,-73.89243734,"(40.67392165, -73.89243734)"
8352,40.88409975,-73.87770813,"(40.88409975, -73.87770813)"
8353,40.61145348,-74.14793175,"(40.61145348, -74.14793175)"
8354,40.76622494,-73.87466764,"(40.76622494, -73.87466764)"
8355,40.85614105,-73.91003657,"(40.85614105, -73.91003657)"
8356,40.85085508,-73.92887966,"(40.85085508, -73.92887966)"
8357,40.68952544,-73.94176694,"(40.68952544, -73.94176694)"
8358,40.86089472,-73.84714477,"(40.86089472, -73.84714477)"
8359,40.74990128,-73.97265338,"(40.74990128, -73.97265338)"
8360,40.74049801,-73.81672647,"(40.74049801, -73.81672647)"
8361,40.85814355,-73.85692743,"(40.85814355, -73.85692743)"
8362,40.87044909,-73.86624971,"(40.87044909, -73.86624971)"
8363,40.61838889,-74.13038447,"(40.61838889, -74.13038447)"
8364,40.74372449,-73.82481165,"(40.74372449, -73.82481165)"
8365,40.83486111,-73.85303224,"(40.83486111, -73.85303224)"
8366,40.61144007,-74.14784712,"(40.61144007, -74.14784712)"
8367,40.77662921,-73.84404394,"(40.77662921, -73.84404394)"
8368,40.74297352,-73.72039743,"(40.74297352, -73.72039743)"
8369,40.73769816,-73.92349861,"(40.73769816, -73.92349861)"
8370,40.65832861,-73.95696332,"(40.65832861, -73.95696332)"
8371,40.61325178,-74.13884274,"(40.61325178, -74.13884274)"
8372,40.82708762,-73.83032894,"(40.82708762, -73.83032894)"
8373,40.61078627,-74.15062048,"(40.61078627, -74.15062048)"
8374,40.69227737,-73.81753016,"(40.69227737, -73.81753016)"
8375,40.73676972,-73.70494234,"(40.73676972, -73.70494234)"
8376,40.86039028,-73.84096845,"(40.86039028, -73.84096845)"
8377,40.85825934,-73.84276279,"(40.85825934, -73.84276279)"
8378,40.85093236,-73.92880152,"(40.85093236, -73.92880152)"
8379,40.86998711,-73.85680542,"(40.86998711, -73.85680542)"
8380,40.85447283,-73.91539619,"(40.85447283, -73.91539619)"
8381,40.86681277,-73.86744712,"(40.86681277, -73.86744712)"
8382,40.60443291,-74.16106514,"(40.60443291, -74.16106514)"
8383,40.87177045,-73.84362111,"(40.87177045, -73.84362111)"
8384,40.76537474,-73.88938427,"(40.76537474, -73.88938427)"
8385,40.8464699,-73.86838354,"(40.8464699, -73.86838354)"
8386,40.858398,-73.84196745,"(40.858398, -73.84196745)"
8387,40.84220282,-73.8699624,"(40.84220282, -73.8699624)"
8388,40.85812372,-73.85770567,"(40.85812372, -73.85770567)"
8389,40.6712104,-73.94402783,"(40.6712104, -73.94402783)"
8390,40.78009961,-73.84092472,"(40.78009961, -73.84092472)"
8391,40.85512731,-73.91418472,"(40.85512731, -73.91418472)"
8392,40.61623419,-73.9344604,"(40.61623419, -73.9344604)"
8393,40.68309415,-73.94460866,"(40.68309415, -73.94460866)"
8394,40.80731812,-73.94665286,"(40.80731812, -73.94665286)"
8395,40.62919973,-73.94530189,"(40.62919973, -73.94530189)"
8396,40.50933034,-74.22999601,"(40.50933034, -74.22999601)"
8397,40.84699478,-73.78744233,"(40.84699478, -73.78744233)"
8398,40.67612749,-73.81988019,"(40.67612749, -73.81988019)"
8399,40.88405636,-73.85589551,"(40.88405636, -73.85589551)"
8400,40.8099082,-73.96272932,"(40.8099082, -73.96272932)"
8401,40.87261569,-73.83895732,"(40.87261569, -73.83895732)"
8402,40.85727982,-73.90992446,"(40.85727982, -73.90992446)"
8403,40.85718837,-73.90992482,"(40.85718837, -73.90992482)"
8404,40.76078827,-73.80643733,"(40.76078827, -73.80643733)"
8405,40.8536492,-73.9126743,"(40.8536492, -73.9126743)"
8406,40.65414985,-73.95629417,"(40.65414985, -73.95629417)"
8407,40.65436979,-73.95631783,"(40.65436979, -73.95631783)"
8408,40.74373415,-73.82491263,"(40.74373415, -73.82491263)"
8409,40.8525286,-73.915817,"(40.8525286, -73.915817)"
8410,40.85420269,-73.9144732,"(40.85420269, -73.9144732)"
8411,40.85560407,-73.91033181,"(40.85560407, -73.91033181)"
8412,40.54196961,-74.2150654,"(40.54196961, -74.2150654)"
8413,40.60675357,-74.15933725,"(40.60675357, -74.15933725)"
8414,40.74847142,-73.86072163,"(40.74847142, -73.86072163)"
8415,40.85490255,-73.907816,"(40.85490255, -73.907816)"
8416,40.60391503,-73.95256063,"(40.60391503, -73.95256063)"
8417,40.61141044,-74.14766024,"(40.61141044, -74.14766024)"
8418,40.85960736,-73.85888961,"(40.85960736, -73.85888961)"
8419,40.83641971,-73.84598209,"(40.83641971, -73.84598209)"
8420,40.54864917,-74.16554166,"(40.54864917, -74.16554166)"
8421,40.61374504,-74.11957265,"(40.61374504, -74.11957265)"
8422,40.61554157,-74.14840662,"(40.61554157, -74.14840662)"
8423,40.61664649,-74.13252659,"(40.61664649, -74.13252659)"
8424,40.87005396,-73.86626151,"(40.87005396, -73.86626151)"
8425,40.86889085,-73.83737468,"(40.86889085, -73.83737468)"
8426,40.54798335,-74.13959758,"(40.54798335, -74.13959758)"
8427,40.62825486,-74.1130831,"(40.62825486, -74.1130831)"
8428,40.53428255,-74.20131091,"(40.53428255, -74.20131091)"
8429,40.87811204,-73.82798886,"(40.87811204, -73.82798886)"
8430,40.83209096,-73.87910056,"(40.83209096, -73.87910056)"
8431,40.70391341,-73.95105514,"(40.70391341, -73.95105514)"
8432,40.77317527,-73.98043323,"(40.77317527, -73.98043323)"
8433,40.8305317,-73.92369616,"(40.8305317, -73.92369616)"
8434,40.69497024,-73.81302238,"(40.69497024, -73.81302238)"
8435,40.54864659,-74.16556371,"(40.54864659, -74.16556371)"
8436,40.62151954,-74.12388911,"(40.62151954, -74.12388911)"
8437,40.61394983,-74.11960009,"(40.61394983, -74.11960009)"
8438,40.54942873,-74.14123694,"(40.54942873, -74.14123694)"
8439,40.87155701,-73.83769767,"(40.87155701, -73.83769767)"
8440,40.55495641,-74.16588276,"(40.55495641, -74.16588276)"
8441,40.77661684,-73.84367963,"(40.77661684, -73.84367963)"
8442,40.81577972,-73.93875865,"(40.81577972, -73.93875865)"
8443,40.74313354,-73.82023727,"(40.74313354, -73.82023727)"
8444,40.59610981,-73.95487252,"(40.59610981, -73.95487252)"
8445,40.67121737,-73.94415729,"(40.67121737, -73.94415729)"
8446,40.8537429,-73.90826927,"(40.8537429, -73.90826927)"
8447,40.74742139,-73.8742274,"(40.74742139, -73.8742274)"
8448,40.69454567,-73.81491703,"(40.69454567, -73.81491703)"
8449,40.73724371,-73.75536803,"(40.73724371, -73.75536803)"
8450,40.71026819,-73.84385041,"(40.71026819, -73.84385041)"
8451,40.88305077,-73.87875386,"(40.88305077, -73.87875386)"
8452,40.61450665,-74.14236013,"(40.61450665, -74.14236013)"
8453,40.6105886,-74.13332175,"(40.6105886, -74.13332175)"
8454,40.68328357,-73.93646308,"(40.68328357, -73.93646308)"
8455,40.8581411,-73.85702354,"(40.8581411, -73.85702354)"
8456,40.61460518,-74.11968789,"(40.61460518, -74.11968789)"
8457,40.85298581,-73.9168708,"(40.85298581, -73.9168708)"
8458,40.58633879,-73.93067495,"(40.58633879, -73.93067495)"
8459,40.88319385,-73.87870572,"(40.88319385, -73.87870572)"
8460,40.62090183,-74.12428974,"(40.62090183, -74.12428974)"
8461,40.61069839,-74.13332088,"(40.61069839, -74.13332088)"
8462,40.5483643,-74.14003225,"(40.5483643, -74.14003225)"
8463,40.74856897,-73.81302459,"(40.74856897, -73.81302459)"
8464,40.62792634,-74.12821863,"(40.62792634, -74.12821863)"
8465,40.62819824,-74.11578187,"(40.62819824, -74.11578187)"
8466,40.54068665,-74.20382415,"(40.54068665, -74.20382415)"
8467,40.54828356,-74.13994012,"(40.54828356, -74.13994012)"
8468,40.74904967,-73.81394093,"(40.74904967, -73.81394093)"
8469,40.72809928,-73.84798915,"(40.72809928, -73.84798915)"
8470,40.74860272,-73.81296767,"(40.74860272, -73.81296767)"
8471,40.62795604,-74.12798043,"(40.62795604, -74.12798043)"
8472,40.62793609,-74.12814042,"(40.62793609, -74.12814042)"
8473,40.85773684,-73.9083616,"(40.85773684, -73.9083616)"
8474,40.62841064,-74.11400739,"(40.62841064, -74.11400739)"
8475,40.53746026,-74.2223482,"(40.53746026, -74.2223482)"
8476,40.53910876,-74.22364573,"(40.53910876, -74.22364573)"
8477,40.55354824,-74.16547254,"(40.55354824, -74.16547254)"
8478,40.61385965,-74.14343949,"(40.61385965, -74.14343949)"
8479,40.84469763,-73.90789818,"(40.84469763, -73.90789818)"
8480,40.63778102,-73.90816276,"(40.63778102, -73.90816276)"
8481,40.61443812,-74.14149676,"(40.61443812, -74.14149676)"
8482,40.60930984,-73.90537471,"(40.60930984, -73.90537471)"
8483,40.53745081,-74.22243801,"(40.53745081, -74.22243801)"
8484,40.53883269,-74.2236696,"(40.53883269, -74.2236696)"
8485,40.62519559,-74.11820934,"(40.62519559, -74.11820934)"
8486,40.61230258,-74.13810488,"(40.61230258, -74.13810488)"
8487,40.84470869,-73.9080928,"(40.84470869, -73.9080928)"
8488,40.86091933,-73.84126489,"(40.86091933, -73.84126489)"
8489,40.85859041,-73.84088409,"(40.85859041, -73.84088409)"
8490,40.87105943,-73.84034492,"(40.87105943, -73.84034492)"
8491,40.8796493,-73.855552,"(40.8796493, -73.855552)"
8492,40.90279603,-73.89632502,"(40.90279603, -73.89632502)"
8493,40.53537112,-74.19843296,"(40.53537112, -74.19843296)"
8494,40.67436597,-73.95221475,"(40.67436597, -73.95221475)"
8495,40.61057172,-74.13670274,"(40.61057172, -74.13670274)"
8496,40.61259142,-74.13330235,"(40.61259142, -74.13330235)"
8497,40.714748,-73.75350145,"(40.714748, -73.75350145)"
8498,40.67521111,-73.82324216,"(40.67521111, -73.82324216)"
8499,40.68634002,-73.84559983,"(40.68634002, -73.84559983)"
8500,40.62487986,-74.11765958,"(40.62487986, -74.11765958)"
8501,40.75304163,-73.77328399,"(40.75304163, -73.77328399)"
8502,40.73858736,-73.78704879,"(40.73858736, -73.78704879)"
8503,40.6120391,-74.13597354,"(40.6120391, -74.13597354)"
8504,40.83406891,-73.87179265,"(40.83406891, -73.87179265)"
8505,40.74628487,-73.91813131,"(40.74628487, -73.91813131)"
8506,40.74603524,-73.91818134,"(40.74603524, -73.91818134)"
8507,40.61436534,-74.12724783,"(40.61436534, -74.12724783)"
8508,40.61101129,-74.13331841,"(40.61101129, -74.13331841)"
8509,40.61552978,-74.13891849,"(40.61552978, -74.13891849)"
8510,40.62839539,-74.1141348,"(40.62839539, -74.1141348)"
8511,40.54080224,-74.20343219,"(40.54080224, -74.20343219)"
8512,40.86961143,-73.85891812,"(40.86961143, -73.85891812)"
8513,40.53888637,-74.22366496,"(40.53888637, -74.22366496)"
8514,40.62836179,-74.11324295,"(40.62836179, -74.11324295)"
8515,40.73772092,-73.9264837,"(40.73772092, -73.9264837)"
8516,40.70385161,-73.75636025,"(40.70385161, -73.75636025)"
8517,40.8417546,-73.86926766,"(40.8417546, -73.86926766)"
8518,40.84470275,-73.90798828,"(40.84470275, -73.90798828)"
8519,40.8447134,-73.9081757,"(40.8447134, -73.9081757)"
8520,40.58645038,-73.92965936,"(40.58645038, -73.92965936)"
8521,40.88357998,-73.8785758,"(40.88357998, -73.8785758)"
8522,40.60668031,-73.97303324,"(40.60668031, -73.97303324)"
8523,40.61442646,-74.14134988,"(40.61442646, -74.14134988)"
8524,40.61266003,-74.13330355,"(40.61266003, -74.13330355)"
8525,40.84678166,-73.78888547,"(40.84678166, -73.78888547)"
8526,40.62831837,-74.11477825,"(40.62831837, -74.11477825)"
8527,40.54093762,-74.2029731,"(40.54093762, -74.2029731)"
8528,40.74082007,-73.91685069,"(40.74082007, -73.91685069)"
8529,40.74566024,-73.91825648,"(40.74566024, -73.91825648)"
8530,40.74557884,-73.91827279,"(40.74557884, -73.91827279)"
8531,40.8414338,-73.91389167,"(40.8414338, -73.91389167)"
8532,40.54526789,-74.21405191,"(40.54526789, -74.21405191)"
8533,40.53197338,-74.15371465,"(40.53197338, -74.15371465)"
8534,40.6251518,-74.12410988,"(40.6251518, -74.12410988)"
8535,40.75723622,-73.9638494,"(40.75723622, -73.9638494)"
8536,40.53672791,-74.20225367,"(40.53672791, -74.20225367)"
8537,40.87140832,-73.89110632,"(40.87140832, -73.89110632)"
8538,40.52371353,-74.22017148,"(40.52371353, -74.22017148)"
8539,40.87339632,-73.85943292,"(40.87339632, -73.85943292)"
8540,40.59201144,-73.93921015,"(40.59201144, -73.93921015)"
8541,40.70425069,-73.94903246,"(40.70425069, -73.94903246)"
8542,40.87094725,-73.83450958,"(40.87094725, -73.83450958)"
8543,40.73679439,-73.70505438,"(40.73679439, -73.70505438)"
8544,40.84360955,-73.90732803,"(40.84360955, -73.90732803)"
8545,40.60603117,-73.90308515,"(40.60603117, -73.90308515)"
8546,40.60572664,-73.98317267,"(40.60572664, -73.98317267)"
8547,40.5500579,-74.21140011,"(40.5500579, -74.21140011)"
8548,40.6170456,-74.13235699,"(40.6170456, -74.13235699)"
8549,40.88953026,-73.90452867,"(40.88953026, -73.90452867)"
8550,40.86132262,-73.87036287,"(40.86132262, -73.87036287)"
8551,40.65260025,-73.74222759,"(40.65260025, -73.74222759)"
8552,40.69098012,-73.94773454,"(40.69098012, -73.94773454)"
8553,40.6727885,-73.86655939,"(40.6727885, -73.86655939)"
8554,40.88168471,-73.87576443,"(40.88168471, -73.87576443)"
8555,40.62090708,-73.93343118,"(40.62090708, -73.93343118)"
8556,40.88001326,-73.85700748,"(40.88001326, -73.85700748)"
8557,40.74390994,-73.71180535,"(40.74390994, -73.71180535)"
8558,40.83194985,-73.94926447,"(40.83194985, -73.94926447)"
8559,40.83605683,-73.85325539,"(40.83605683, -73.85325539)"
8560,40.55481305,-74.16609317,"(40.55481305, -74.16609317)"
8561,40.8582261,-73.90792066,"(40.8582261, -73.90792066)"
8562,40.62837997,-74.11426363,"(40.62837997, -74.11426363)"
8563,40.62501996,-74.11786774,"(40.62501996, -74.11786774)"
8564,40.54065101,-74.19847596,"(40.54065101, -74.19847596)"
8565,40.60660647,-73.96392734,"(40.60660647, -73.96392734)"
8566,40.5420431,-74.19691768,"(40.5420431, -74.19691768)"
8567,40.61837183,-74.13069632,"(40.61837183, -74.13069632)"
8568,40.74595384,-73.91819765,"(40.74595384, -73.91819765)"
8569,40.53427298,-74.20222366,"(40.53427298, -74.20222366)"
8570,40.6113286,-74.13832987,"(40.6113286, -74.13832987)"
8571,40.8095941,-73.96295815,"(40.8095941, -73.96295815)"
8572,40.54362271,-74.20944361,"(40.54362271, -74.20944361)"
8573,40.72856795,-73.84865182,"(40.72856795, -73.84865182)"
8574,40.61501855,-73.93842143,"(40.61501855, -73.93842143)"
8575,40.60784715,-73.90484161,"(40.60784715, -73.90484161)"
8576,40.63217218,-74.12824392,"(40.63217218, -74.12824392)"
8577,40.63141811,-73.90382714,"(40.63141811, -73.90382714)"
8578,40.87308326,-73.84744033,"(40.87308326, -73.84744033)"
8579,40.69615413,-73.78717816,"(40.69615413, -73.78717816)"
8580,40.61169244,-73.98995417,"(40.61169244, -73.98995417)"
8581,40.66491543,-73.87928945,"(40.66491543, -73.87928945)"
8582,40.69299556,-73.81169692,"(40.69299556, -73.81169692)"
8583,40.83139104,-73.87893682,"(40.83139104, -73.87893682)"
8584,40.54671486,-74.20028138,"(40.54671486, -74.20028138)"
8585,40.55450621,-74.16834392,"(40.55450621, -74.16834392)"
8586,40.85987823,-73.84955055,"(40.85987823, -73.84955055)"
8587,40.76790385,-73.9237099,"(40.76790385, -73.9237099)"
8588,40.76612491,-73.98927459,"(40.76612491, -73.98927459)"
8589,40.76152695,-73.89320103,"(40.76152695, -73.89320103)"
8590,40.74247355,-73.82059518,"(40.74247355, -73.82059518)"
8591,40.7419436,-73.8190235,"(40.7419436, -73.8190235)"
8592,40.76871414,-73.99240286,"(40.76871414, -73.99240286)"
8593,40.87714189,-73.828255,"(40.87714189, -73.828255)"
8594,40.66094381,-73.83636348,"(40.66094381, -73.83636348)"
8595,40.53855613,-74.21554808,"(40.53855613, -74.21554808)"
8596,40.64432085,-73.9825087,"(40.64432085, -73.9825087)"
8597,40.8691509,-73.83364387,"(40.8691509, -73.83364387)"
8598,40.86077557,-73.84073033,"(40.86077557, -73.84073033)"
8599,40.88314633,-73.91175482,"(40.88314633, -73.91175482)"
8600,40.7801,-73.84081423,"(40.7801, -73.84081423)"
8601,40.73906992,-73.8625131,"(40.73906992, -73.8625131)"
8602,40.85460496,-73.9102629,"(40.85460496, -73.9102629)"
8603,40.7556551,-73.97023286,"(40.7556551, -73.97023286)"
8604,40.88350093,-73.87805045,"(40.88350093, -73.87805045)"
8605,40.73721723,-73.92282265,"(40.73721723, -73.92282265)"
8606,40.74759468,-73.87409371,"(40.74759468, -73.87409371)"
8607,40.72851442,-73.84883273,"(40.72851442, -73.84883273)"
8608,40.67067845,-73.95684951,"(40.67067845, -73.95684951)"
8609,40.53669176,-74.20500808,"(40.53669176, -74.20500808)"
8610,40.69487009,-73.8137825,"(40.69487009, -73.8137825)"
8611,40.7457488,-73.71909181,"(40.7457488, -73.71909181)"
8612,40.8581974,-73.84234851,"(40.8581974, -73.84234851)"
8613,40.66282412,-73.84186805,"(40.66282412, -73.84186805)"
8614,40.70088935,-73.80890487,"(40.70088935, -73.80890487)"
8615,40.71981302,-73.9059124,"(40.71981302, -73.9059124)"
8616,40.74522029,-73.87608843,"(40.74522029, -73.87608843)"
8617,40.75000206,-73.97289231,"(40.75000206, -73.97289231)"
8618,40.71446595,-73.75438622,"(40.71446595, -73.75438622)"
8619,40.86040158,-73.90542955,"(40.86040158, -73.90542955)"
8620,40.69477791,-73.81369636,"(40.69477791, -73.81369636)"
8621,40.74922264,-73.70688135,"(40.74922264, -73.70688135)"
8622,40.63467849,-73.94979167,"(40.63467849, -73.94979167)"
8623,40.68032175,-73.87737994,"(40.68032175, -73.87737994)"
8624,40.65422995,-73.95293732,"(40.65422995, -73.95293732)"
8625,40.74465833,-73.82178902,"(40.74465833, -73.82178902)"
8626,40.71728239,-73.75360862,"(40.71728239, -73.75360862)"
8627,40.63435332,-73.95305831,"(40.63435332, -73.95305831)"
8628,40.51567528,-74.21008239,"(40.51567528, -74.21008239)"
8629,40.76228862,-73.82732843,"(40.76228862, -73.82732843)"
8630,40.53501279,-74.19912589,"(40.53501279, -74.19912589)"
8631,40.85797682,-73.908145,"(40.85797682, -73.908145)"
8632,40.73788667,-73.92645012,"(40.73788667, -73.92645012)"
8633,40.85347889,-73.90888533,"(40.85347889, -73.90888533)"
8634,40.85928107,-73.90791966,"(40.85928107, -73.90791966)"
8635,40.65719795,-73.95990301,"(40.65719795, -73.95990301)"
8636,40.62088396,-73.93380638,"(40.62088396, -73.93380638)"
8637,40.53692449,-74.1970898,"(40.53692449, -74.1970898)"
8638,40.7004583,-73.93860413,"(40.7004583, -73.93860413)"
8639,40.74537045,-73.91831454,"(40.74537045, -73.91831454)"
8640,40.537096,-74.20038174,"(40.537096, -74.20038174)"
8641,40.8679381,-73.86664171,"(40.8679381, -73.86664171)"
8642,40.90294898,-73.89628918,"(40.90294898, -73.89628918)"
8643,40.63217014,-73.90938665,"(40.63217014, -73.90938665)"
8644,40.86883626,-73.85675492,"(40.86883626, -73.85675492)"
8645,40.81143686,-73.96161039,"(40.81143686, -73.96161039)"
8646,40.60536654,-73.91338392,"(40.60536654, -73.91338392)"
8647,40.61216172,-74.1205129,"(40.61216172, -74.1205129)"
8648,40.8437588,-73.83465024,"(40.8437588, -73.83465024)"
8649,40.58732213,-73.93367305,"(40.58732213, -73.93367305)"
8650,40.76499319,-73.88986269,"(40.76499319, -73.88986269)"
8651,40.61326445,-74.14565614,"(40.61326445, -74.14565614)"
8652,40.65043272,-73.83985709,"(40.65043272, -73.83985709)"
8653,40.67428952,-73.95081454,"(40.67428952, -73.95081454)"
8654,40.73904122,-73.86263514,"(40.73904122, -73.86263514)"
8655,40.53139528,-74.16711125,"(40.53139528, -74.16711125)"
8656,40.80631219,-73.96573485,"(40.80631219, -73.96573485)"
8657,40.84196755,-73.86892457,"(40.84196755, -73.86892457)"
8658,40.83303814,-73.87932215,"(40.83303814, -73.87932215)"
8659,40.61114832,-74.13518609,"(40.61114832, -74.13518609)"
8660,40.60430253,-73.97270887,"(40.60430253, -73.97270887)"
8661,40.61096475,-74.13923245,"(40.61096475, -74.13923245)"
8662,40.77290649,-73.97979701,"(40.77290649, -73.97979701)"
8663,40.82897212,-73.82477722,"(40.82897212, -73.82477722)"
8664,40.88147096,-73.8563952,"(40.88147096, -73.8563952)"
8665,40.745185,-73.82169351,"(40.745185, -73.82169351)"
8666,40.85962313,-73.85775501,"(40.85962313, -73.85775501)"
8667,40.74811585,-73.76679204,"(40.74811585, -73.76679204)"
8668,40.74112017,-73.91944878,"(40.74112017, -73.91944878)"
8669,40.74110179,-73.91928492,"(40.74110179, -73.91928492)"
8670,40.78716321,-73.82242024,"(40.78716321, -73.82242024)"
8671,40.85983299,-73.84098624,"(40.85983299, -73.84098624)"
8672,40.77821307,-73.96045175,"(40.77821307, -73.96045175)"
8673,40.53493909,-74.19590634,"(40.53493909, -74.19590634)"
8674,40.8550349,-73.91421355,"(40.8550349, -73.91421355)"
8675,40.60690959,-73.99150662,"(40.60690959, -73.99150662)"
8676,40.81553932,-73.84709849,"(40.81553932, -73.84709849)"
8677,40.88297232,-73.87878025,"(40.88297232, -73.87878025)"
8678,40.86077429,-73.8406566,"(40.86077429, -73.8406566)"
8679,40.85992175,-73.83990103,"(40.85992175, -73.83990103)"
8680,40.75562529,-73.97016214,"(40.75562529, -73.97016214)"
8681,40.73614711,-73.92477539,"(40.73614711, -73.92477539)"
8682,40.85707678,-73.9090709,"(40.85707678, -73.9090709)"
8683,40.69461139,-73.81468867,"(40.69461139, -73.81468867)"
8684,40.73725977,-73.75526959,"(40.73725977, -73.75526959)"
8685,40.73722373,-73.75548142,"(40.73722373, -73.75548142)"
8686,40.72862117,-73.84847191,"(40.72862117, -73.84847191)"
8687,40.69476536,-73.81415608,"(40.69476536, -73.81415608)"
8688,40.54359536,-74.20967472,"(40.54359536, -74.20967472)"
8689,40.66201087,-73.8447369,"(40.66201087, -73.8447369)"
8690,40.60577158,-73.97439536,"(40.60577158, -73.97439536)"
8691,40.5343299,-74.20133594,"(40.5343299, -74.20133594)"
8692,40.85216472,-73.92715526,"(40.85216472, -73.92715526)"
8693,40.60013418,-73.97368727,"(40.60013418, -73.97368727)"
8694,40.74821667,-73.97000171,"(40.74821667, -73.97000171)"
8695,40.81587464,-73.82391018,"(40.81587464, -73.82391018)"
8696,40.73140912,-73.843289,"(40.73140912, -73.843289)"
8697,40.84361899,-73.90499994,"(40.84361899, -73.90499994)"
8698,40.81402904,-73.96089698,"(40.81402904, -73.96089698)"
8699,40.60395679,-73.96891606,"(40.60395679, -73.96891606)"
8700,40.6153318,-74.14335165,"(40.6153318, -74.14335165)"
8701,40.7411764,-73.81874915,"(40.7411764, -73.81874915)"
8702,40.87602613,-73.85648284,"(40.87602613, -73.85648284)"
8703,40.81896845,-73.81487298,"(40.81896845, -73.81487298)"
8704,40.74314525,-73.75285167,"(40.74314525, -73.75285167)"
8705,40.8820083,-73.87910459,"(40.8820083, -73.87910459)"
8706,40.72883944,-73.84773414,"(40.72883944, -73.84773414)"
8707,40.74994801,-73.97276416,"(40.74994801, -73.97276416)"
8708,40.71429195,-73.75276844,"(40.71429195, -73.75276844)"
8709,40.73621314,-73.78758578,"(40.73621314, -73.78758578)"
8710,40.83201495,-73.87990987,"(40.83201495, -73.87990987)"
8711,40.84265969,-73.91814008,"(40.84265969, -73.91814008)"
8712,40.60342968,-73.96989486,"(40.60342968, -73.96989486)"
8713,40.63096077,-74.12900749,"(40.63096077, -74.12900749)"
8714,40.74667445,-73.85872996,"(40.74667445, -73.85872996)"
8715,40.61315655,-73.90686399,"(40.61315655, -73.90686399)"
8716,40.87436298,-73.85427282,"(40.87436298, -73.85427282)"
8717,40.64331996,-74.1082761,"(40.64331996, -74.1082761)"
8718,40.69371471,-73.81743866,"(40.69371471, -73.81743866)"
8719,40.81411096,-73.93076235,"(40.81411096, -73.93076235)"
8720,40.71963999,-73.90647809,"(40.71963999, -73.90647809)"
8721,40.67344019,-73.95164401,"(40.67344019, -73.95164401)"
8722,40.74116026,-73.91980615,"(40.74116026, -73.91980615)"
8723,40.7408827,-73.81314041,"(40.7408827, -73.81314041)"
8724,40.88121651,-73.87652152,"(40.88121651, -73.87652152)"
8725,40.68950303,-73.94196598,"(40.68950303, -73.94196598)"
8726,40.62087892,-73.93388824,"(40.62087892, -73.93388824)"
8727,40.73811654,-73.78682291,"(40.73811654, -73.78682291)"
8728,40.74863806,-73.98093661,"(40.74863806, -73.98093661)"
8729,40.80023719,-73.95821337,"(40.80023719, -73.95821337)"
8730,40.68257636,-73.88666851,"(40.68257636, -73.88666851)"
8731,40.88546656,-73.85486442,"(40.88546656, -73.85486442)"
8732,40.85870126,-73.8408805,"(40.85870126, -73.8408805)"
8733,40.84152474,-73.91410889,"(40.84152474, -73.91410889)"
8734,40.87734264,-73.85662072,"(40.87734264, -73.85662072)"
8735,40.6916948,-73.81756263,"(40.6916948, -73.81756263)"
8736,40.53605351,-74.20690237,"(40.53605351, -74.20690237)"
8737,40.82171896,-73.93708229,"(40.82171896, -73.93708229)"
8738,40.54203219,-74.20930741,"(40.54203219, -74.20930741)"
8739,40.67300049,-73.82598647,"(40.67300049, -73.82598647)"
8740,40.67241347,-73.82616934,"(40.67241347, -73.82616934)"
8741,40.77459035,-73.91963954,"(40.77459035, -73.91963954)"
8742,40.76169329,-73.81224054,"(40.76169329, -73.81224054)"
8743,40.54760944,-74.1562997,"(40.54760944, -74.1562997)"
8744,40.62840661,-74.11311518,"(40.62840661, -74.11311518)"
8745,40.86056689,-73.84303345,"(40.86056689, -73.84303345)"
8746,40.61643397,-73.93414953,"(40.61643397, -73.93414953)"
8747,40.6250764,-74.11801781,"(40.6250764, -74.11801781)"
8748,40.7382795,-73.78690109,"(40.7382795, -73.78690109)"
8749,40.74506112,-73.91837652,"(40.74506112, -73.91837652)"
8750,40.61578706,-74.14817159,"(40.61578706, -74.14817159)"
8751,40.85490718,-73.90864102,"(40.85490718, -73.90864102)"
8752,40.61414971,-74.14526746,"(40.61414971, -74.14526746)"
8753,40.86832384,-73.89982346,"(40.86832384, -73.89982346)"
8754,40.86167448,-73.83984587,"(40.86167448, -73.83984587)"
8755,40.78805814,-73.97088606,"(40.78805814, -73.97088606)"
8756,40.76988219,-73.93058638,"(40.76988219, -73.93058638)"
8757,40.60484555,-73.97623808,"(40.60484555, -73.97623808)"
8758,40.86220877,-73.9090926,"(40.86220877, -73.9090926)"
8759,40.54481926,-74.21904965,"(40.54481926, -74.21904965)"
8760,40.85811151,-73.85818511,"(40.85811151, -73.85818511)"
8761,40.61018517,-73.95511152,"(40.61018517, -73.95511152)"
8762,40.66540181,-73.83704279,"(40.66540181, -73.83704279)"
8763,40.61360889,-74.13502368,"(40.61360889, -74.13502368)"
8764,40.60655679,-73.96409829,"(40.60655679, -73.96409829)"
8765,40.84122247,-73.91338905,"(40.84122247, -73.91338905)"
8766,40.54526432,-74.2140825,"(40.54526432, -74.2140825)"
8767,40.61323905,-73.90689674,"(40.61323905, -73.90689674)"
8768,40.81716599,-73.92987025,"(40.81716599, -73.92987025)"
8769,40.60834741,-73.90422211,"(40.60834741, -73.90422211)"
8770,40.59939529,-73.95057223,"(40.59939529, -73.95057223)"
8771,40.85558344,-73.9093337,"(40.85558344, -73.9093337)"
8772,40.84758017,-73.93850335,"(40.84758017, -73.93850335)"
8773,40.84179861,-73.84315722,"(40.84179861, -73.84315722)"
8774,40.86270418,-73.85204368,"(40.86270418, -73.85204368)"
8775,40.66594638,-73.83879859,"(40.66594638, -73.83879859)"
8776,40.61736224,-74.13665242,"(40.61736224, -74.13665242)"
8777,40.68052425,-73.81396774,"(40.68052425, -73.81396774)"
8778,40.73050845,-73.8527666,"(40.73050845, -73.8527666)"
8779,40.73055033,-73.85262619,"(40.73055033, -73.85262619)"
8780,40.65914718,-73.95371392,"(40.65914718, -73.95371392)"
8781,40.59348665,-73.78620343,"(40.59348665, -73.78620343)"
8782,40.83134603,-73.87767961,"(40.83134603, -73.87767961)"
8783,40.90276706,-73.86785311,"(40.90276706, -73.86785311)"
8784,40.72345423,-73.86966152,"(40.72345423, -73.86966152)"
8785,40.6104389,-74.13612469,"(40.6104389, -74.13612469)"
8786,40.73058961,-73.85249452,"(40.73058961, -73.85249452)"
8787,40.61458929,-74.12493276,"(40.61458929, -74.12493276)"
8788,40.87439854,-73.85813361,"(40.87439854, -73.85813361)"
8789,40.74569504,-73.82110978,"(40.74569504, -73.82110978)"
8790,40.81702722,-73.93033689,"(40.81702722, -73.93033689)"
8791,40.8435439,-73.83543581,"(40.8435439, -73.83543581)"
8792,40.74966891,-73.85812645,"(40.74966891, -73.85812645)"
8793,40.60846622,-73.90412612,"(40.60846622, -73.90412612)"
8794,40.61585246,-74.14161091,"(40.61585246, -74.14161091)"
8795,40.79402409,-73.80690723,"(40.79402409, -73.80690723)"
8796,40.72847622,-73.84896185,"(40.72847622, -73.84896185)"
8797,40.69490415,-73.81366101,"(40.69490415, -73.81366101)"
8798,40.6107923,-74.1383912,"(40.6107923, -74.1383912)"
8799,40.88332881,-73.85928574,"(40.88332881, -73.85928574)"
8800,40.61061706,-74.13919958,"(40.61061706, -74.13919958)"
8801,40.83174461,-73.87573127,"(40.83174461, -73.87573127)"
8802,40.84847677,-73.86696849,"(40.84847677, -73.86696849)"
8803,40.67648329,-73.94187632,"(40.67648329, -73.94187632)"
8804,40.83723651,-73.82381282,"(40.83723651, -73.82381282)"
8805,40.74840351,-73.79894846,"(40.74840351, -73.79894846)"
8806,40.65206049,-73.92320874,"(40.65206049, -73.92320874)"
8807,40.53604101,-74.14833686,"(40.53604101, -74.14833686)"
8808,40.61091909,-74.14962062,"(40.61091909, -74.14962062)"
8809,40.540749,-74.20361273,"(40.540749, -74.20361273)"
8810,40.51012887,-74.23626281,"(40.51012887, -74.23626281)"
8811,40.86818673,-73.89992419,"(40.86818673, -73.89992419)"
8812,40.83581528,-73.91359107,"(40.83581528, -73.91359107)"
8813,40.74609956,-73.81635684,"(40.74609956, -73.81635684)"
8814,40.61193655,-73.90454,"(40.61193655, -73.90454)"
8815,40.61161167,-73.98982126,"(40.61161167, -73.98982126)"
8816,40.61110304,-73.98898439,"(40.61110304, -73.98898439)"
8817,40.54343905,-74.2120671,"(40.54343905, -74.2120671)"
8818,40.66448455,-73.87896979,"(40.66448455, -73.87896979)"
8819,40.66429098,-73.87882618,"(40.66429098, -73.87882618)"
8820,40.73901844,-73.81296073,"(40.73901844, -73.81296073)"
8821,40.60677873,-73.97754574,"(40.60677873, -73.97754574)"
8822,40.63929547,-74.10888151,"(40.63929547, -74.10888151)"
8823,40.61078927,-74.13828139,"(40.61078927, -74.13828139)"
8824,40.67045557,-73.74147294,"(40.67045557, -73.74147294)"
8825,40.7455852,-73.71765264,"(40.7455852, -73.71765264)"
8826,40.86507349,-73.84711886,"(40.86507349, -73.84711886)"
8827,40.73752861,-73.75353246,"(40.73752861, -73.75353246)"
8828,40.72332171,-73.86994745,"(40.72332171, -73.86994745)"
8829,40.61737839,-74.13675544,"(40.61737839, -74.13675544)"
8830,40.85974334,-73.90355679,"(40.85974334, -73.90355679)"
8831,40.59330213,-73.78618585,"(40.59330213, -73.78618585)"
8832,40.64207065,-74.00067316,"(40.64207065, -74.00067316)"
8833,40.64201473,-74.00058054,"(40.64201473, -74.00058054)"
8834,40.87234605,-73.8462212,"(40.87234605, -73.8462212)"
8835,40.7502394,-73.97345507,"(40.7502394, -73.97345507)"
8836,40.61514386,-74.14741044,"(40.61514386, -74.14741044)"
8837,40.87064276,-73.84014465,"(40.87064276, -73.84014465)"
8838,40.62444134,-74.11727987,"(40.62444134, -74.11727987)"
8839,40.73085947,-73.85168371,"(40.73085947, -73.85168371)"
8840,40.70108206,-73.83630292,"(40.70108206, -73.83630292)"
8841,40.68921367,-73.81667563,"(40.68921367, -73.81667563)"
8842,40.59265223,-73.78612393,"(40.59265223, -73.78612393)"
8843,40.73068496,-73.84926118,"(40.73068496, -73.84926118)"
8844,40.58647549,-73.93658009,"(40.58647549, -73.93658009)"
8845,40.88170895,-73.8763584,"(40.88170895, -73.8763584)"
8846,40.59194895,-73.93702026,"(40.59194895, -73.93702026)"
8847,40.64411558,-74.10841755,"(40.64411558, -74.10841755)"
8848,40.73028979,-73.85058408,"(40.73028979, -73.85058408)"
8849,40.85307313,-73.91650447,"(40.85307313, -73.91650447)"
8850,40.51568738,-74.21001482,"(40.51568738, -74.21001482)"
8851,40.55874101,-74.17166503,"(40.55874101, -74.17166503)"
8852,40.53480668,-74.19986446,"(40.53480668, -74.19986446)"
8853,40.74734007,-73.76643998,"(40.74734007, -73.76643998)"
8854,40.61316754,-74.13502811,"(40.61316754, -74.13502811)"
8855,40.75226426,-73.77291657,"(40.75226426, -73.77291657)"
8856,40.73802556,-73.92642198,"(40.73802556, -73.92642198)"
8857,40.61136114,-74.13597838,"(40.61136114, -74.13597838)"
8858,40.62051933,-74.14751888,"(40.62051933, -74.14751888)"
8859,40.54523827,-74.2143055,"(40.54523827, -74.2143055)"
8860,40.59339247,-73.78619446,"(40.59339247, -73.78619446)"
8861,40.87236722,-73.8461533,"(40.87236722, -73.8461533)"
8862,40.80728385,-73.9465713,"(40.80728385, -73.9465713)"
8863,40.69499086,-73.81295012,"(40.69499086, -73.81295012)"
8864,40.85765404,-73.86833764,"(40.85765404, -73.86833764)"
8865,40.85756087,-73.86841412,"(40.85756087, -73.86841412)"
8866,40.60190718,-73.9520197,"(40.60190718, -73.9520197)"
8867,40.53370777,-74.19988082,"(40.53370777, -74.19988082)"
8868,40.6138437,-74.14333348,"(40.6138437, -74.14333348)"
8869,40.7269151,-73.84682461,"(40.7269151, -73.84682461)"
8870,40.69345481,-73.81388844,"(40.69345481, -73.81388844)"
8871,40.74586972,-73.9182145,"(40.74586972, -73.9182145)"
8872,40.72800808,-73.84829558,"(40.72800808, -73.84829558)"
8873,40.80255355,-73.91347909,"(40.80255355, -73.91347909)"
8874,40.88348012,-73.85502112,"(40.88348012, -73.85502112)"
8875,40.77373231,-73.91538034,"(40.77373231, -73.91538034)"
8876,40.77354,-73.91561463,"(40.77354, -73.91561463)"
8877,40.7819998,-73.84224038,"(40.7819998, -73.84224038)"
8878,40.76769995,-73.80043457,"(40.76769995, -73.80043457)"
8879,40.63072615,-73.96725645,"(40.63072615, -73.96725645)"
8880,40.63013662,-73.96714498,"(40.63013662, -73.96714498)"
8881,40.73157962,-73.79023894,"(40.73157962, -73.79023894)"
8882,40.76497446,-73.76668198,"(40.76497446, -73.76668198)"
8883,40.8555881,-73.85097228,"(40.8555881, -73.85097228)"
8884,40.70402702,-73.73038056,"(40.70402702, -73.73038056)"
8885,40.61158117,-74.06438875,"(40.61158117, -74.06438875)"
8886,40.70470664,-73.73314983,"(40.70470664, -73.73314983)"
8887,40.90054778,-73.84645716,"(40.90054778, -73.84645716)"
8888,40.7741444,-73.96136339,"(40.7741444, -73.96136339)"
8889,40.63750299,-74.11247627,"(40.63750299, -74.11247627)"
8890,40.74747382,-73.86039292,"(40.74747382, -73.86039292)"
8891,40.86087008,-73.8458095,"(40.86087008, -73.8458095)"
8892,40.67351885,-73.95109385,"(40.67351885, -73.95109385)"
8893,40.77663555,-73.84423042,"(40.77663555, -73.84423042)"
8894,40.8596984,-73.83990805,"(40.8596984, -73.83990805)"
8895,40.85523751,-73.91293295,"(40.85523751, -73.91293295)"
8896,40.74232809,-73.8130437,"(40.74232809, -73.8130437)"
8897,40.86089142,-73.84698214,"(40.86089142, -73.84698214)"
8898,40.69551663,-73.81571967,"(40.69551663, -73.81571967)"
8899,40.63961093,-74.01492363,"(40.63961093, -74.01492363)"
8900,40.82799407,-73.82386188,"(40.82799407, -73.82386188)"
8901,40.88045631,-73.87664768,"(40.88045631, -73.87664768)"
8902,40.8427415,-73.84562352,"(40.8427415, -73.84562352)"
8903,40.70087407,-73.83619869,"(40.70087407, -73.83619869)"
8904,40.83318596,-73.87935673,"(40.83318596, -73.87935673)"
8905,40.61069098,-74.13920657,"(40.61069098, -74.13920657)"
8906,40.50934405,-74.22992711,"(40.50934405, -74.22992711)"
8907,40.74656353,-73.87193182,"(40.74656353, -73.87193182)"
8908,40.77324247,-73.98059229,"(40.77324247, -73.98059229)"
8909,40.77264863,-73.97918668,"(40.77264863, -73.97918668)"
8910,40.60517693,-73.96269238,"(40.60517693, -73.96269238)"
8911,40.61774211,-74.13702889,"(40.61774211, -74.13702889)"
8912,40.74799934,-73.70642603,"(40.74799934, -73.70642603)"
8913,40.87108367,-73.85627691,"(40.87108367, -73.85627691)"
8914,40.74934507,-73.97078923,"(40.74934507, -73.97078923)"
8915,40.86388309,-73.90408608,"(40.86388309, -73.90408608)"
8916,40.67463846,-73.95869452,"(40.67463846, -73.95869452)"
8917,40.66979011,-73.95412711,"(40.66979011, -73.95412711)"
8918,40.72778571,-73.84355628,"(40.72778571, -73.84355628)"
8919,40.72139247,-73.73929722,"(40.72139247, -73.73929722)"
8920,40.60570274,-73.97145888,"(40.60570274, -73.97145888)"
8921,40.65447699,-73.95296361,"(40.65447699, -73.95296361)"
8922,40.77145028,-73.96380143,"(40.77145028, -73.96380143)"
8923,40.60804389,-73.98172013,"(40.60804389, -73.98172013)"
8924,40.60785147,-73.90966292,"(40.60785147, -73.90966292)"
8925,40.63044189,-73.96611494,"(40.63044189, -73.96611494)"
8926,40.66391454,-73.83900333,"(40.66391454, -73.83900333)"
8927,40.61497311,-73.95449845,"(40.61497311, -73.95449845)"
8928,40.84377213,-73.93649924,"(40.84377213, -73.93649924)"
8929,40.65417277,-73.95293123,"(40.65417277, -73.95293123)"
8930,40.53751516,-74.1956593,"(40.53751516, -74.1956593)"
8931,40.65082401,-74.00459197,"(40.65082401, -74.00459197)"
8932,40.61174576,-73.90688995,"(40.61174576, -73.90688995)"
8933,40.69599313,-73.93182264,"(40.69599313, -73.93182264)"
8934,40.62382476,-74.02780304,"(40.62382476, -74.02780304)"
8935,40.65002795,-74.006296,"(40.65002795, -74.006296)"
8936,40.63161221,-73.96644547,"(40.63161221, -73.96644547)"
8937,40.63169696,-73.96646969,"(40.63169696, -73.96646969)"
8938,40.64377168,-73.977542,"(40.64377168, -73.977542)"
8939,40.55101877,-74.16936944,"(40.55101877, -74.16936944)"
8940,40.84398909,-73.93701032,"(40.84398909, -73.93701032)"
8941,40.76207187,-73.835091,"(40.76207187, -73.835091)"
8942,40.83133388,-73.87777109,"(40.83133388, -73.87777109)"
8943,40.64223774,-74.0009499,"(40.64223774, -74.0009499)"
8944,40.64217363,-74.00084373,"(40.64217363, -74.00084373)"
8945,40.77803045,-73.9600181,"(40.77803045, -73.9600181)"
8946,40.87230143,-73.84636436,"(40.87230143, -73.84636436)"
8947,40.61490982,-74.14748277,"(40.61490982, -74.14748277)"
8948,40.63151023,-73.96329913,"(40.63151023, -73.96329913)"
8949,40.6314956,-73.96343322,"(40.6314956, -73.96343322)"
8950,40.62715535,-74.11217334,"(40.62715535, -74.11217334)"
8951,40.83419729,-73.87263131,"(40.83419729, -73.87263131)"
8952,40.53437812,-74.20185424,"(40.53437812, -74.20185424)"
8953,40.84353953,-73.83559365,"(40.84353953, -73.83559365)"
8954,40.74140726,-73.81410328,"(40.74140726, -73.81410328)"
8955,40.62319445,-74.1285125,"(40.62319445, -74.1285125)"
8956,40.76252646,-73.89249282,"(40.76252646, -73.89249282)"
8957,40.73757785,-73.75321937,"(40.73757785, -73.75321937)"
8958,40.73736501,-73.75461117,"(40.73736501, -73.75461117)"
8959,40.69221684,-73.81126184,"(40.69221684, -73.81126184)"
8960,40.74585921,-73.91726641,"(40.74585921, -73.91726641)"
8961,40.63923412,-74.10938678,"(40.63923412, -74.10938678)"
8962,40.61689178,-74.14812656,"(40.61689178, -74.14812656)"
8963,40.67580421,-73.88128916,"(40.67580421, -73.88128916)"
8964,40.59320905,-73.78617698,"(40.59320905, -73.78617698)"
8965,40.60482555,-73.96182305,"(40.60482555, -73.96182305)"
8966,40.59023324,-73.93521987,"(40.59023324, -73.93521987)"
8967,40.74062861,-73.82152796,"(40.74062861, -73.82152796)"
8968,40.83018527,-73.88043648,"(40.83018527, -73.88043648)"
8969,40.83314591,-73.87238448,"(40.83314591, -73.87238448)"
8970,40.66746688,-73.87670449,"(40.66746688, -73.87670449)"
8971,40.71548069,-73.7574497,"(40.71548069, -73.7574497)"
8972,40.84389763,-73.84398946,"(40.84389763, -73.84398946)"
8973,40.73050478,-73.85244591,"(40.73050478, -73.85244591)"
8974,40.83530434,-73.85311495,"(40.83530434, -73.85311495)"
8975,40.61851328,-74.12849217,"(40.61851328, -74.12849217)"
8976,40.80738162,-73.94680395,"(40.80738162, -73.94680395)"
8977,40.62909974,-73.9452831,"(40.62909974, -73.9452831)"
8978,40.85121912,-73.86083974,"(40.85121912, -73.86083974)"
8979,40.84696878,-73.78756411,"(40.84696878, -73.78756411)"
8980,40.77334379,-73.98083213,"(40.77334379, -73.98083213)"
8981,40.67611554,-73.8198076,"(40.67611554, -73.8198076)"
8982,40.85850581,-73.91055472,"(40.85850581, -73.91055472)"
8983,40.73090065,-73.85154565,"(40.73090065, -73.85154565)"
8984,40.68916872,-73.81679043,"(40.68916872, -73.81679043)"
8985,40.59624379,-73.95489744,"(40.59624379, -73.95489744)"
8986,40.61585561,-74.14719049,"(40.61585561, -74.14719049)"
8987,40.85314033,-73.91644564,"(40.85314033, -73.91644564)"
8988,40.82983411,-73.88035529,"(40.82983411, -73.88035529)"
8989,40.83130291,-73.87900109,"(40.83130291, -73.87900109)"
8990,40.70478924,-73.73583565,"(40.70478924, -73.73583565)"
8991,40.67131972,-73.89560142,"(40.67131972, -73.89560142)"
8992,40.60525299,-73.94164612,"(40.60525299, -73.94164612)"
8993,40.6548191,-73.83428227,"(40.6548191, -73.83428227)"
8994,40.88336726,-73.8546678,"(40.88336726, -73.8546678)"
8995,40.60942814,-73.9056158,"(40.60942814, -73.9056158)"
8996,40.87334842,-73.89851984,"(40.87334842, -73.89851984)"
8997,40.53491325,-74.19884903,"(40.53491325, -74.19884903)"
8998,40.85432983,-73.915586,"(40.85432983, -73.915586)"
8999,40.62370621,-74.11463603,"(40.62370621, -74.11463603)"
9000,40.85506767,-73.90849544,"(40.85506767, -73.90849544)"
9001,40.49932653,-74.2434755,"(40.49932653, -74.2434755)"
9002,40.56795552,-74.11535804,"(40.56795552, -74.11535804)"
9003,40.55793808,-74.16832154,"(40.55793808, -74.16832154)"
9004,40.65813245,-73.95850055,"(40.65813245, -73.95850055)"
9005,40.61155712,-74.10392447,"(40.61155712, -74.10392447)"
9006,40.6704802,-73.91975906,"(40.6704802, -73.91975906)"
9007,40.6373823,-74.11175562,"(40.6373823, -74.11175562)"
9008,40.71421416,-73.90946908,"(40.71421416, -73.90946908)"
9009,40.83315993,-73.94262836,"(40.83315993, -73.94262836)"
9010,40.71559405,-73.94109426,"(40.71559405, -73.94109426)"
9011,40.85824333,-73.84265568,"(40.85824333, -73.84265568)"
9012,40.86971978,-73.85705935,"(40.86971978, -73.85705935)"
9013,40.53109273,-74.21776753,"(40.53109273, -74.21776753)"
9014,40.64186094,-74.00032583,"(40.64186094, -74.00032583)"
9015,40.86995597,-73.85683381,"(40.86995597, -73.85683381)"
9016,40.73037486,-73.85029928,"(40.73037486, -73.85029928)"
9017,40.73788689,-73.75142483,"(40.73788689, -73.75142483)"
9018,40.71943819,-73.87267947,"(40.71943819, -73.87267947)"
9019,40.68311156,-73.94445642,"(40.68311156, -73.94445642)"
9020,40.87020621,-73.83800693,"(40.87020621, -73.83800693)"
9021,40.85936267,-73.90784625,"(40.85936267, -73.90784625)"
9022,40.73774508,-73.75222167,"(40.73774508, -73.75222167)"
9023,40.61526623,-74.14737263,"(40.61526623, -74.14737263)"
9024,40.85233069,-73.91715438,"(40.85233069, -73.91715438)"
9025,40.83172694,-73.87901541,"(40.83172694, -73.87901541)"
9026,40.62796074,-73.94506905,"(40.62796074, -73.94506905)"
9027,40.73414972,-73.84514092,"(40.73414972, -73.84514092)"
9028,40.74541878,-73.85933654,"(40.74541878, -73.85933654)"
9029,40.74534885,-73.85930017,"(40.74534885, -73.85930017)"
9030,40.60745524,-73.97755277,"(40.60745524, -73.97755277)"
9031,40.57332684,-73.86045448,"(40.57332684, -73.86045448)"
9032,40.77703735,-73.90728062,"(40.77703735, -73.90728062)"
9033,40.84950538,-73.78723374,"(40.84950538, -73.78723374)"
9034,40.61065401,-73.90543387,"(40.61065401, -73.90543387)"
9035,40.60746775,-73.9737067,"(40.60746775, -73.9737067)"
9036,40.67649513,-73.75211464,"(40.67649513, -73.75211464)"
9037,40.54532127,-74.21359488,"(40.54532127, -74.21359488)"
9038,40.60281743,-73.95219043,"(40.60281743, -73.95219043)"
9039,40.87443132,-73.87735103,"(40.87443132, -73.87735103)"
9040,40.61410734,-74.14499722,"(40.61410734, -74.14499722)"
9041,40.75036688,-73.85868141,"(40.75036688, -73.85868141)"
9042,40.88326717,-73.85435448,"(40.88326717, -73.85435448)"
9043,40.63467155,-73.90347301,"(40.63467155, -73.90347301)"
9044,40.87318539,-73.89857609,"(40.87318539, -73.89857609)"
9045,40.62466499,-74.11763634,"(40.62466499, -74.11763634)"
9046,40.62479306,-74.11789998,"(40.62479306, -74.11789998)"
9047,40.62624894,-74.11993413,"(40.62624894, -74.11993413)"
9048,40.84097601,-73.92691623,"(40.84097601, -73.92691623)"
9049,40.7629477,-73.80746879,"(40.7629477, -73.80746879)"
9050,40.73774369,-73.923489,"(40.73774369, -73.923489)"
9051,40.60194229,-73.97175281,"(40.60194229, -73.97175281)"
9052,40.83162002,-73.87665879,"(40.83162002, -73.87665879)"
9053,40.71763381,-73.75150768,"(40.71763381, -73.75150768)"
9054,40.69829294,-73.84090463,"(40.69829294, -73.84090463)"
9055,40.63925011,-74.10925513,"(40.63925011, -74.10925513)"
9056,40.85971523,-73.90347593,"(40.85971523, -73.90347593)"
9057,40.73062508,-73.8523756,"(40.73062508, -73.8523756)"
9058,40.70082047,-73.83617183,"(40.70082047, -73.83617183)"
9059,40.73708477,-73.92458903,"(40.73708477, -73.92458903)"
9060,40.64422126,-74.10843993,"(40.64422126, -74.10843993)"
9061,40.53877246,-74.19780586,"(40.53877246, -74.19780586)"
9062,40.83032456,-73.87964337,"(40.83032456, -73.87964337)"
9063,40.61086983,-74.13598189,"(40.61086983, -74.13598189)"
9064,40.61081398,-73.9885088,"(40.61081398, -73.9885088)"
9065,40.6073944,-73.9062406,"(40.6073944, -73.9062406)"
9066,40.83079136,-73.88057661,"(40.83079136, -73.88057661)"
9067,40.60843283,-73.90770764,"(40.60843283, -73.90770764)"
9068,40.63942983,-74.10777489,"(40.63942983, -74.10777489)"
9069,40.59292654,-73.78615007,"(40.59292654, -73.78615007)"
9070,40.87079934,-73.85651779,"(40.87079934, -73.85651779)"
9071,40.77810214,-73.96018834,"(40.77810214, -73.96018834)"
9072,40.64432965,-74.10846289,"(40.64432965, -74.10846289)"
9073,40.84234809,-73.84453867,"(40.84234809, -73.84453867)"
9074,40.83518189,-73.91237654,"(40.83518189, -73.91237654)"
9075,40.53386846,-74.19962738,"(40.53386846, -74.19962738)"
9076,40.86999714,-73.86829502,"(40.86999714, -73.86829502)"
9077,40.86409721,-73.90395351,"(40.86409721, -73.90395351)"
9078,40.81687351,-73.85287711,"(40.81687351, -73.85287711)"
9079,40.81689454,-73.8527213,"(40.81689454, -73.8527213)"
9080,40.87581991,-73.84891639,"(40.87581991, -73.84891639)"
9081,40.75835328,-73.96328407,"(40.75835328, -73.96328407)"
9082,40.75886603,-73.96450252,"(40.75886603, -73.96450252)"
9083,40.62653235,-74.12029309,"(40.62653235, -74.12029309)"
9084,40.87087637,-73.85658113,"(40.87087637, -73.85658113)"
9085,40.74473205,-73.82235777,"(40.74473205, -73.82235777)"
9086,40.75903638,-73.99018293,"(40.75903638, -73.99018293)"
9087,40.76021063,-73.89385569,"(40.76021063, -73.89385569)"
9088,40.85891942,-73.86850417,"(40.85891942, -73.86850417)"
9089,40.64911076,-73.84133201,"(40.64911076, -73.84133201)"
9090,40.88327022,-73.85298084,"(40.88327022, -73.85298084)"
9091,40.75023999,-73.85745899,"(40.75023999, -73.85745899)"
9092,40.84621744,-73.7862109,"(40.84621744, -73.7862109)"
9093,40.65527574,-73.73959067,"(40.65527574, -73.73959067)"
9094,40.81701039,-73.93027116,"(40.81701039, -73.93027116)"
9095,40.85589537,-73.91229756,"(40.85589537, -73.91229756)"
9096,40.86868309,-73.86348408,"(40.86868309, -73.86348408)"
9097,40.74472577,-73.81557987,"(40.74472577, -73.81557987)"
9098,40.68757661,-73.84595555,"(40.68757661, -73.84595555)"
9099,40.87020986,-73.83513055,"(40.87020986, -73.83513055)"
9100,40.83351129,-73.87984138,"(40.83351129, -73.87984138)"
9101,40.60680222,-73.97742852,"(40.60680222, -73.97742852)"
9102,40.73061263,-73.85208294,"(40.73061263, -73.85208294)"
9103,40.60205069,-73.94733994,"(40.60205069, -73.94733994)"
9104,40.84172518,-73.86944921,"(40.84172518, -73.86944921)"
9105,40.6398133,-74.01525883,"(40.6398133, -74.01525883)"
9106,40.6101411,-73.90395737,"(40.6101411, -73.90395737)"
9107,40.71947144,-73.75426831,"(40.71947144, -73.75426831)"
9108,40.60780211,-73.9737706,"(40.60780211, -73.9737706)"
9109,40.61846099,-74.12919266,"(40.61846099, -74.12919266)"
9110,40.86101213,-73.84174496,"(40.86101213, -73.84174496)"
9111,40.88248257,-73.85366108,"(40.88248257, -73.85366108)"
9112,40.62982915,-73.94434071,"(40.62982915, -73.94434071)"
9113,40.85583957,-73.91234366,"(40.85583957, -73.91234366)"
9114,40.8456519,-73.86809131,"(40.8456519, -73.86809131)"
9115,40.66171903,-73.83557791,"(40.66171903, -73.83557791)"
9116,40.71075187,-73.84356828,"(40.71075187, -73.84356828)"
9117,40.61508968,-74.14214633,"(40.61508968, -74.14214633)"
9118,40.62148422,-74.12913091,"(40.62148422, -74.12913091)"
9119,40.83704125,-73.84836168,"(40.83704125, -73.84836168)"
9120,40.65840307,-73.95575912,"(40.65840307, -73.95575912)"
9121,40.83896175,-73.92442936,"(40.83896175, -73.92442936)"
9122,40.62970856,-73.94198055,"(40.62970856, -73.94198055)"
9123,40.87125559,-73.83714543,"(40.87125559, -73.83714543)"
9124,40.54532075,-74.2004511,"(40.54532075, -74.2004511)"
9125,40.53806362,-74.19747063,"(40.53806362, -74.19747063)"
9126,40.55819724,-74.16830883,"(40.55819724, -74.16830883)"
9127,40.69626742,-73.90312829,"(40.69626742, -73.90312829)"
9128,40.66058483,-73.87667217,"(40.66058483, -73.87667217)"
9129,40.72629645,-73.74242952,"(40.72629645, -73.74242952)"
9130,40.76596927,-73.86709371,"(40.76596927, -73.86709371)"
9131,40.81852743,-73.92234189,"(40.81852743, -73.92234189)"
9132,40.8285371,-73.91489981,"(40.8285371, -73.91489981)"
9133,40.85635636,-73.85061205,"(40.85635636, -73.85061205)"
9134,40.69143061,-73.83069432,"(40.69143061, -73.83069432)"
9135,40.61561425,-73.93669442,"(40.61561425, -73.93669442)"
9136,40.59655554,-73.99332749,"(40.59655554, -73.99332749)"
9137,40.85095683,-73.89220093,"(40.85095683, -73.89220093)"
9138,40.8508776,-73.89196764,"(40.8508776, -73.89196764)"
9139,40.60827532,-73.9082081,"(40.60827532, -73.9082081)"
9140,40.85818639,-73.90890452,"(40.85818639, -73.90890452)"
9141,40.85524829,-73.90712231,"(40.85524829, -73.90712231)"
9142,40.73050155,-73.85080247,"(40.73050155, -73.85080247)"
9143,40.8778873,-73.82797294,"(40.8778873, -73.82797294)"
9144,40.60173954,-73.95509452,"(40.60173954, -73.95509452)"
9145,40.618027,-74.13695142,"(40.618027, -74.13695142)"
9146,40.70951935,-73.84319121,"(40.70951935, -73.84319121)"
9147,40.7494057,-73.9709332,"(40.7494057, -73.9709332)"
9148,40.8454763,-73.833391,"(40.8454763, -73.833391)"
9149,40.59682061,-73.94885474,"(40.59682061, -73.94885474)"
9150,40.6930726,-73.81173996,"(40.6930726, -73.81173996)"
9151,40.60737405,-73.97766004,"(40.60737405, -73.97766004)"
9152,40.53504277,-74.19901845,"(40.53504277, -74.19901845)"
9153,40.85543311,-73.91267937,"(40.85543311, -73.91267937)"
9154,40.87599057,-73.85467558,"(40.87599057, -73.85467558)"
9155,40.84417978,-73.84579654,"(40.84417978, -73.84579654)"
9156,40.64191379,-74.00041337,"(40.64191379, -74.00041337)"
9157,40.58638612,-73.93703694,"(40.58638612, -73.93703694)"
9158,40.88126709,-73.87650477,"(40.88126709, -73.87650477)"
9159,40.73046977,-73.84998157,"(40.73046977, -73.84998157)"
9160,40.85291952,-73.91663893,"(40.85291952, -73.91663893)"
9161,40.83699181,-73.848289,"(40.83699181, -73.848289)"
9162,40.5957718,-73.94675762,"(40.5957718, -73.94675762)"
9163,40.61849037,-74.12879904,"(40.61849037, -74.12879904)"
9164,40.61845007,-74.12933892,"(40.61845007, -74.12933892)"
9165,40.69440296,-73.96110944,"(40.69440296, -73.96110944)"
9166,40.85283208,-73.91555244,"(40.85283208, -73.91555244)"
9167,40.86931041,-73.86614648,"(40.86931041, -73.86614648)"
9168,40.82864951,-73.88116137,"(40.82864951, -73.88116137)"
9169,40.8319373,-73.87510957,"(40.8319373, -73.87510957)"
9170,40.81486022,-73.82418516,"(40.81486022, -73.82418516)"
9171,40.61039893,-74.13411701,"(40.61039893, -74.13411701)"
9172,40.54145749,-74.20965971,"(40.54145749, -74.20965971)"
9173,40.70173392,-73.88257501,"(40.70173392, -73.88257501)"
9174,40.86657784,-73.86530171,"(40.86657784, -73.86530171)"
9175,40.65906674,-73.9550091,"(40.65906674, -73.9550091)"
9176,40.67508562,-73.94173143,"(40.67508562, -73.94173143)"
9177,40.6160412,-74.14714926,"(40.6160412, -74.14714926)"
9178,40.87134421,-73.85737323,"(40.87134421, -73.85737323)"
9179,40.84193529,-73.86967496,"(40.84193529, -73.86967496)"
9180,40.77733895,-73.90709988,"(40.77733895, -73.90709988)"
9181,40.60725508,-73.97366606,"(40.60725508, -73.97366606)"
9182,40.61271033,-74.10245583,"(40.61271033, -74.10245583)"
9183,40.87191946,-73.86124445,"(40.87191946, -73.86124445)"
9184,40.83226171,-73.88110307,"(40.83226171, -73.88110307)"
9185,40.6185035,-74.12726239,"(40.6185035, -74.12726239)"
9186,40.61848777,-74.12747029,"(40.61848777, -74.12747029)"
9187,40.61589436,-74.14519507,"(40.61589436, -74.14519507)"
9188,40.61440541,-74.14108478,"(40.61440541, -74.14108478)"
9189,40.62061767,-74.12652153,"(40.62061767, -74.12652153)"
9190,40.63355528,-73.90100364,"(40.63355528, -73.90100364)"
9191,40.81868349,-73.88669416,"(40.81868349, -73.88669416)"
9192,40.53880588,-74.20792525,"(40.53880588, -74.20792525)"
9193,40.53877162,-74.20809344,"(40.53877162, -74.20809344)"
9194,40.72947649,-73.85365854,"(40.72947649, -73.85365854)"
9195,40.87791985,-73.85506376,"(40.87791985, -73.85506376)"
9196,40.62305951,-74.12465951,"(40.62305951, -74.12465951)"
9197,40.86188133,-73.85302413,"(40.86188133, -73.85302413)"
9198,40.86215334,-73.85279392,"(40.86215334, -73.85279392)"
9199,40.50689206,-74.23480524,"(40.50689206, -74.23480524)"
9200,40.74475512,-73.82172891,"(40.74475512, -73.82172891)"
9201,40.74494126,-73.82161333,"(40.74494126, -73.82161333)"
9202,40.8145036,-73.84979602,"(40.8145036, -73.84979602)"
9203,40.88281742,-73.85799735,"(40.88281742, -73.85799735)"
9204,40.86812335,-73.86350222,"(40.86812335, -73.86350222)"
9205,40.71954972,-73.75279316,"(40.71954972, -73.75279316)"
9206,40.74799244,-73.85979436,"(40.74799244, -73.85979436)"
9207,40.81269584,-73.8959038,"(40.81269584, -73.8959038)"
9208,40.61504289,-74.14759927,"(40.61504289, -74.14759927)"
9209,40.62710772,-74.11256757,"(40.62710772, -74.11256757)"
9210,40.74067041,-73.82165122,"(40.74067041, -73.82165122)"
9211,40.60575333,-73.9038012,"(40.60575333, -73.9038012)"
9212,40.66795016,-73.87706431,"(40.66795016, -73.87706431)"
9213,40.60685438,-73.97743844,"(40.60685438, -73.97743844)"
9214,40.61003409,-73.90489045,"(40.61003409, -73.90489045)"
9215,40.61091504,-73.90602781,"(40.61091504, -73.90602781)"
9216,40.54950978,-74.14132862,"(40.54950978, -74.14132862)"
9217,40.55069093,-74.13908296,"(40.55069093, -74.13908296)"
9218,40.62157141,-74.00979677,"(40.62157141, -74.00979677)"
9219,40.62141113,-74.00996401,"(40.62141113, -74.00996401)"
9220,40.88083886,-73.87651973,"(40.88083886, -73.87651973)"
9221,40.62078801,-74.12508051,"(40.62078801, -74.12508051)"
9222,40.63387332,-73.90135809,"(40.63387332, -73.90135809)"
9223,40.84286267,-73.86965209,"(40.84286267, -73.86965209)"
9224,40.60201389,-73.94712602,"(40.60201389, -73.94712602)"
9225,40.60512131,-73.97805331,"(40.60512131, -73.97805331)"
9226,40.60055652,-73.97123869,"(40.60055652, -73.97123869)"
9227,40.74823011,-73.96995261,"(40.74823011, -73.96995261)"
9228,40.62718863,-74.11189795,"(40.62718863, -74.11189795)"
9229,40.87205883,-73.85933566,"(40.87205883, -73.85933566)"
9230,40.60419881,-73.91662051,"(40.60419881, -73.91662051)"
9231,40.85552333,-73.91260485,"(40.85552333, -73.91260485)"
9232,40.88390411,-73.85327666,"(40.88390411, -73.85327666)"
9233,40.84617533,-73.8682783,"(40.84617533, -73.8682783)"
9234,40.61562317,-74.14726232,"(40.61562317, -74.14726232)"
9235,40.81853553,-73.94362268,"(40.81853553, -73.94362268)"
9236,40.88249523,-73.87894077,"(40.88249523, -73.87894077)"
9237,40.61086856,-74.13331954,"(40.61086856, -74.13331954)"
9238,40.60923008,-73.90507479,"(40.60923008, -73.90507479)"
9239,40.69598355,-73.81484861,"(40.69598355, -73.81484861)"
9240,40.74808278,-73.81317841,"(40.74808278, -73.81317841)"
9241,40.85595757,-73.91392339,"(40.85595757, -73.91392339)"
9242,40.84471832,-73.9082622,"(40.84471832, -73.9082622)"
9243,40.60325897,-73.95227325,"(40.60325897, -73.95227325)"
9244,40.5370177,-74.19713491,"(40.5370177, -74.19713491)"
9245,40.74402841,-73.81405025,"(40.74402841, -73.81405025)"
9246,40.67518563,-73.75356989,"(40.67518563, -73.75356989)"
9247,40.55544907,-74.16681617,"(40.55544907, -74.16681617)"
9248,40.83670059,-73.92732765,"(40.83670059, -73.92732765)"
9249,40.86214854,-73.91132601,"(40.86214854, -73.91132601)"
9250,40.5380447,-74.19690332,"(40.5380447, -74.19690332)"
9251,40.627626,-73.94500614,"(40.627626, -73.94500614)"
9252,40.74041018,-73.82088396,"(40.74041018, -73.82088396)"
9253,40.83323493,-73.88006095,"(40.83323493, -73.88006095)"
9254,40.84667073,-73.78895049,"(40.84667073, -73.78895049)"
9255,40.70195261,-73.79500743,"(40.70195261, -73.79500743)"
9256,40.84258007,-73.87036775,"(40.84258007, -73.87036775)"
9257,40.61057874,-73.90418366,"(40.61057874, -73.90418366)"
9258,40.62125107,-74.01013102,"(40.62125107, -74.01013102)"
9259,40.7619358,-73.94210019,"(40.7619358, -73.94210019)"
9260,40.66202559,-73.84463418,"(40.66202559, -73.84463418)"
9261,40.87562835,-73.85091084,"(40.87562835, -73.85091084)"
9262,40.74891201,-73.98158906,"(40.74891201, -73.98158906)"
9263,40.7488279,-73.98138874,"(40.7488279, -73.98138874)"
9264,40.59099691,-73.93516987,"(40.59099691, -73.93516987)"
9265,40.64266297,-74.11261837,"(40.64266297, -74.11261837)"
9266,40.61565593,-74.14740143,"(40.61565593, -74.14740143)"
9267,40.69899772,-73.84222385,"(40.69899772, -73.84222385)"
9268,40.61115147,-73.98906408,"(40.61115147, -73.98906408)"
9269,40.84247155,-73.84496688,"(40.84247155, -73.84496688)"
9270,40.69256541,-73.81145659,"(40.69256541, -73.81145659)"
9271,40.69232217,-73.81132069,"(40.69232217, -73.81132069)"
9272,40.60666032,-73.977523,"(40.60666032, -73.977523)"
9273,40.87433958,-73.85419948,"(40.87433958, -73.85419948)"
9274,40.6394592,-74.01467231,"(40.6394592, -74.01467231)"
9275,40.75819207,-73.99592155,"(40.75819207, -73.99592155)"
9276,40.74608529,-73.85849673,"(40.74608529, -73.85849673)"
9277,40.74555019,-73.81657148,"(40.74555019, -73.81657148)"
9278,40.62236587,-74.01100999,"(40.62236587, -74.01100999)"
9279,40.87372947,-73.84779071,"(40.87372947, -73.84779071)"
9280,40.73084671,-73.85129516,"(40.73084671, -73.85129516)"
9281,40.74692753,-73.76625277,"(40.74692753, -73.76625277)"
9282,40.66504735,-73.87938732,"(40.66504735, -73.87938732)"
9283,40.8744124,-73.8481565,"(40.8744124, -73.8481565)"
9284,40.7233754,-73.8698316,"(40.7233754, -73.8698316)"
9285,40.73070983,-73.84917789,"(40.73070983, -73.84917789)"
9286,40.7458162,-73.81509596,"(40.7458162, -73.81509596)"
9287,40.62971679,-73.94184769,"(40.62971679, -73.94184769)"
9288,40.61217125,-73.94032031,"(40.61217125, -73.94032031)"
9289,40.54878724,-74.17838939,"(40.54878724, -74.17838939)"
9290,40.54111647,-74.19679896,"(40.54111647, -74.19679896)"
9291,40.53802698,-74.19745322,"(40.53802698, -74.19745322)"
9292,40.85966057,-73.84423058,"(40.85966057, -73.84423058)"
9293,40.70070956,-73.76372729,"(40.70070956, -73.76372729)"
9294,40.87347646,-73.84338642,"(40.87347646, -73.84338642)"
9295,40.54150733,-74.20839109,"(40.54150733, -74.20839109)"
9296,40.86959471,-73.86509892,"(40.86959471, -73.86509892)"
9297,40.59358301,-73.78621261,"(40.59358301, -73.78621261)"
9298,40.60579267,-73.90363925,"(40.60579267, -73.90363925)"
9299,40.60856105,-74.13900111,"(40.60856105, -74.13900111)"
9300,40.73094153,-73.8514086,"(40.73094153, -73.8514086)"
9301,40.68912403,-73.81690458,"(40.68912403, -73.81690458)"
9302,40.83140092,-73.87726634,"(40.83140092, -73.87726634)"
9303,40.615496,-74.14730162,"(40.615496, -74.14730162)"
9304,40.56655327,-74.11709027,"(40.56655327, -74.11709027)"
9305,40.58975559,-73.93867722,"(40.58975559, -73.93867722)"
9306,40.84071378,-73.91949842,"(40.84071378, -73.91949842)"
9307,40.66213894,-73.83761087,"(40.66213894, -73.83761087)"
9308,40.87664891,-73.85405631,"(40.87664891, -73.85405631)"
9309,40.60787545,-73.97378461,"(40.60787545, -73.97378461)"
9310,40.61181677,-74.13597513,"(40.61181677, -74.13597513)"
9311,40.67590601,-73.75240859,"(40.67590601, -73.75240859)"
9312,40.71420466,-73.75649902,"(40.71420466, -73.75649902)"
9313,40.77314167,-73.98035371,"(40.77314167, -73.98035371)"
9314,40.77280542,-73.9795578,"(40.77280542, -73.9795578)"
9315,40.60328036,-73.95538686,"(40.60328036, -73.95538686)"
9316,40.68427228,-73.83713879,"(40.68427228, -73.83713879)"
9317,40.86842631,-73.85958763,"(40.86842631, -73.85958763)"
9318,40.88156041,-73.85667674,"(40.88156041, -73.85667674)"
9319,40.84391193,-73.89454867,"(40.84391193, -73.89454867)"
9320,40.75826759,-73.96260295,"(40.75826759, -73.96260295)"
9321,40.85653671,-73.90610572,"(40.85653671, -73.90610572)"
9322,40.53415862,-74.19916975,"(40.53415862, -74.19916975)"
9323,40.54338834,-74.21142402,"(40.54338834, -74.21142402)"
9324,40.61013473,-74.13555639,"(40.61013473, -74.13555639)"
9325,40.67384674,-73.89241828,"(40.67384674, -73.89241828)"
9326,40.73673617,-73.92655439,"(40.73673617, -73.92655439)"
9327,40.5363699,-74.19482962,"(40.5363699, -74.19482962)"
9328,40.85075521,-73.92895348,"(40.85075521, -73.92895348)"
9329,40.86961014,-73.85886247,"(40.86961014, -73.85886247)"
9330,40.53816205,-74.22370413,"(40.53816205, -74.22370413)"
9331,40.87540249,-73.85718502,"(40.87540249, -73.85718502)"
9332,40.5104681,-74.23637837,"(40.5104681, -74.23637837)"
9333,40.8540608,-73.91534751,"(40.8540608, -73.91534751)"
9334,40.84543526,-73.83408875,"(40.84543526, -73.83408875)"
9335,40.71744256,-73.75136516,"(40.71744256, -73.75136516)"
9336,40.53748813,-74.2011443,"(40.53748813, -74.2011443)"
9337,40.70956628,-73.84317471,"(40.70956628, -73.84317471)"
9338,40.71020245,-73.84293942,"(40.71020245, -73.84293942)"
9339,40.65004138,-73.84156185,"(40.65004138, -73.84156185)"
9340,40.85498855,-73.9085672,"(40.85498855, -73.9085672)"
9341,40.6245463,-74.11733811,"(40.6245463, -74.11733811)"
9342,40.62600092,-74.11959526,"(40.62600092, -74.11959526)"
9343,40.62717027,-74.11307485,"(40.62717027, -74.11307485)"
9344,40.87719158,-73.85310311,"(40.87719158, -73.85310311)"
9345,40.62189733,-74.12626148,"(40.62189733, -74.12626148)"
9346,40.73729961,-73.75502544,"(40.73729961, -73.75502544)"
9347,40.61106597,-74.13518678,"(40.61106597, -74.13518678)"
9348,40.61101951,-74.13923763,"(40.61101951, -74.13923763)"
9349,40.60939661,-73.90611693,"(40.60939661, -73.90611693)"
9350,40.87522975,-73.85664525,"(40.87522975, -73.85664525)"
9351,40.73756713,-73.92462138,"(40.73756713, -73.92462138)"
9352,40.65820772,-73.95728201,"(40.65820772, -73.95728201)"
9353,40.53558116,-74.20533966,"(40.53558116, -74.20533966)"
9354,40.81889079,-73.81467235,"(40.81889079, -73.81467235)"
9355,40.77389341,-73.91518407,"(40.77389341, -73.91518407)"
9356,40.67395334,-74.01139626,"(40.67395334, -74.01139626)"
9357,40.77772584,-73.91435199,"(40.77772584, -73.91435199)"
9358,40.76881401,-73.78388443,"(40.76881401, -73.78388443)"
9359,40.72744601,-73.88127201,"(40.72744601, -73.88127201)"
9360,40.72633051,-73.74237478,"(40.72633051, -73.74237478)"
9361,40.75658451,-73.8722135,"(40.75658451, -73.8722135)"
9362,40.74925563,-73.97064766,"(40.74925563, -73.97064766)"
9363,40.8168354,-73.85315954,"(40.8168354, -73.85315954)"
9364,40.76570123,-73.99242478,"(40.76570123, -73.99242478)"
9365,40.61106299,-74.10242521,"(40.61106299, -74.10242521)"
9366,40.74151468,-73.81674364,"(40.74151468, -73.81674364)"
9367,40.70381253,-73.82770338,"(40.70381253, -73.82770338)"
9368,40.67076358,-73.97571936,"(40.67076358, -73.97571936)"
9369,40.70129823,-73.8377373,"(40.70129823, -73.8377373)"
9370,40.62386704,-74.02240139,"(40.62386704, -74.02240139)"
9371,40.63687269,-74.08200831,"(40.63687269, -74.08200831)"
9372,40.58698298,-73.80395698,"(40.58698298, -73.80395698)"
9373,40.64028981,-73.99772594,"(40.64028981, -73.99772594)"
9374,40.76605705,-73.92900917,"(40.76605705, -73.92900917)"
9375,40.61087593,-73.98861073,"(40.61087593, -73.98861073)"
9376,40.63029419,-73.94483266,"(40.63029419, -73.94483266)"
9377,40.59619165,-73.95691099,"(40.59619165, -73.95691099)"
9378,40.69293873,-73.81166517,"(40.69293873, -73.81166517)"
9379,40.85908375,-73.86188893,"(40.85908375, -73.86188893)"
9380,40.63937583,-74.10821967,"(40.63937583, -74.10821967)"
9381,40.63941039,-74.10793501,"(40.63941039, -74.10793501)"
9382,40.65910017,-73.95447082,"(40.65910017, -73.95447082)"
9383,40.65913051,-73.95398227,"(40.65913051, -73.95398227)"
9384,40.59302235,-73.78615919,"(40.59302235, -73.78615919)"
9385,40.70468761,-73.92596398,"(40.70468761, -73.92596398)"
9386,40.87170348,-73.8451571,"(40.87170348, -73.8451571)"
9387,40.85443772,-73.91349823,"(40.85443772, -73.91349823)"
9388,40.68367014,-73.94611628,"(40.68367014, -73.94611628)"
9389,40.60046597,-73.94872975,"(40.60046597, -73.94872975)"
9390,40.54187142,-74.21674111,"(40.54187142, -74.21674111)"
9391,40.61017302,-73.90496198,"(40.61017302, -73.90496198)"
9392,40.66279724,-73.83777261,"(40.66279724, -73.83777261)"
9393,40.83019507,-73.87675713,"(40.83019507, -73.87675713)"
9394,40.6735304,-73.95130854,"(40.6735304, -73.95130854)"
9395,40.61562135,-74.14523218,"(40.61562135, -74.14523218)"
9396,40.62064561,-74.12605552,"(40.62064561, -74.12605552)"
9397,40.62065832,-74.12596849,"(40.62065832, -74.12596849)"
9398,40.63290038,-73.90027376,"(40.63290038, -73.90027376)"
9399,40.62851914,-74.11876387,"(40.62851914, -74.11876387)"
9400,40.61027147,-74.13612576,"(40.61027147, -74.13612576)"
9401,40.86209014,-73.84172113,"(40.86209014, -73.84172113)"
9402,40.60189981,-73.95512493,"(40.60189981, -73.95512493)"
9403,40.6946514,-73.81413971,"(40.6946514, -73.81413971)"
9404,40.86870894,-73.85957912,"(40.86870894, -73.85957912)"
9405,40.87311474,-73.85914787,"(40.87311474, -73.85914787)"
9406,40.53410915,-74.19924777,"(40.53410915, -74.19924777)"
9407,40.86981217,-73.86829147,"(40.86981217, -73.86829147)"
9408,40.86357409,-73.9042774,"(40.86357409, -73.9042774)"
9409,40.86889886,-73.8594321,"(40.86889886, -73.8594321)"
9410,40.84491623,-73.83097792,"(40.84491623, -73.83097792)"
9411,40.81682551,-73.85323282,"(40.81682551, -73.85323282)"
9412,40.59675595,-73.9549208,"(40.59675595, -73.9549208)"
9413,40.85416942,-73.90989507,"(40.85416942, -73.90989507)"
9414,40.60458596,-73.974169,"(40.60458596, -73.974169)"
9415,40.71940864,-73.75416325,"(40.71940864, -73.75416325)"
9416,40.53981333,-74.14833985,"(40.53981333, -74.14833985)"
9417,40.64259229,-74.11260543,"(40.64259229, -74.11260543)"
9418,40.6160417,-74.14729605,"(40.6160417, -74.14729605)"
9419,40.61554078,-74.14743859,"(40.61554078, -74.14743859)"
9420,40.70281079,-73.88841426,"(40.70281079, -73.88841426)"
9421,40.61055968,-74.1359841,"(40.61055968, -74.1359841)"
9422,40.7625881,-73.89190347,"(40.7625881, -73.89190347)"
9423,40.6923886,-73.81135781,"(40.6923886, -73.81135781)"
9424,40.58640863,-73.93692185,"(40.58640863, -73.93692185)"
9425,40.53490544,-74.19584162,"(40.53490544, -74.19584162)"
9426,40.62946505,-73.96132051,"(40.62946505, -73.96132051)"
9427,40.86108085,-73.85044988,"(40.86108085, -73.85044988)"
9428,40.59810668,-73.9426403,"(40.59810668, -73.9426403)"
9429,40.87600862,-73.86926047,"(40.87600862, -73.86926047)"
9430,40.85128075,-73.85489316,"(40.85128075, -73.85489316)"
9431,40.88085251,-73.87781249,"(40.88085251, -73.87781249)"
9432,40.54084083,-74.20330131,"(40.54084083, -74.20330131)"
9433,40.75879499,-73.89738921,"(40.75879499, -73.89738921)"
9434,40.61469499,-74.14248079,"(40.61469499, -74.14248079)"
9435,40.83893147,-73.92285652,"(40.83893147, -73.92285652)"
9436,40.59752158,-73.79773003,"(40.59752158, -73.79773003)"
9437,40.72903004,-73.85257167,"(40.72903004, -73.85257167)"
9438,40.74611991,-73.81601347,"(40.74611991, -73.81601347)"
9439,40.74604732,-73.81568493,"(40.74604732, -73.81568493)"
9440,40.74710234,-73.85700279,"(40.74710234, -73.85700279)"
9441,40.87613838,-73.85683647,"(40.87613838, -73.85683647)"
9442,40.74871094,-73.86000927,"(40.74871094, -73.86000927)"
9443,40.62141324,-74.12912113,"(40.62141324, -74.12912113)"
9444,40.72265302,-73.73327776,"(40.72265302, -73.73327776)"
9445,40.53493095,-74.19941916,"(40.53493095, -74.19941916)"
9446,40.50257064,-74.23167806,"(40.50257064, -74.23167806)"
9447,40.5028637,-74.23179953,"(40.5028637, -74.23179953)"
9448,40.63005137,-74.10951524,"(40.63005137, -74.10951524)"
9449,40.70080518,-73.76336166,"(40.70080518, -73.76336166)"
9450,40.54179607,-74.21755474,"(40.54179607, -74.21755474)"
9451,40.52912512,-74.21777894,"(40.52912512, -74.21777894)"
9452,40.5361883,-74.19548419,"(40.5361883, -74.19548419)"
9453,40.8748142,-73.84618716,"(40.8748142, -73.84618716)"
9454,40.74584745,-73.8152366,"(40.74584745, -73.8152366)"
9455,40.53735725,-74.22332685,"(40.53735725, -74.22332685)"
9456,40.69002929,-73.81744006,"(40.69002929, -73.81744006)"
9457,40.76157277,-73.79271152,"(40.76157277, -73.79271152)"
9458,40.76259975,-73.89154047,"(40.76259975, -73.89154047)"
9459,40.80258021,-73.91354224,"(40.80258021, -73.91354224)"
9460,40.609469,-73.90638436,"(40.609469, -73.90638436)"
9461,40.62919531,-74.11941054,"(40.62919531, -74.11941054)"
9462,40.69346838,-73.81471335,"(40.69346838, -73.81471335)"
9463,40.61751488,-74.13764009,"(40.61751488, -74.13764009)"
9464,40.60660121,-73.97739027,"(40.60660121, -73.97739027)"
9465,40.84364137,-73.83466575,"(40.84364137, -73.83466575)"
9466,40.87593189,-73.85618594,"(40.87593189, -73.85618594)"
9467,40.75825327,-73.99606389,"(40.75825327, -73.99606389)"
9468,40.61346948,-74.13878353,"(40.61346948, -74.13878353)"
9469,40.85575284,-73.90885966,"(40.85575284, -73.90885966)"
9470,40.87586172,-73.85449143,"(40.87586172, -73.85449143)"
9471,40.62209497,-74.01056047,"(40.62209497, -74.01056047)"
9472,40.73751504,-73.75361868,"(40.73751504, -73.75361868)"
9473,40.6591408,-73.95381666,"(40.6591408, -73.95381666)"
9474,40.8313579,-73.87759026,"(40.8313579, -73.87759026)"
9475,40.87229478,-73.85664452,"(40.87229478, -73.85664452)"
9476,40.66157484,-73.84347014,"(40.66157484, -73.84347014)"
9477,40.66167193,-73.84349428,"(40.66167193, -73.84349428)"
9478,40.61333771,-74.1350264,"(40.61333771, -74.1350264)"
9479,40.85383442,-73.92728541,"(40.85383442, -73.92728541)"
9480,40.76120733,-73.90730144,"(40.76120733, -73.90730144)"
9481,40.62351748,-73.95362203,"(40.62351748, -73.95362203)"
9482,40.84232502,-73.9224352,"(40.84232502, -73.9224352)"
9483,40.59067505,-73.78601953,"(40.59067505, -73.78601953)"
9484,40.61208746,-74.12050729,"(40.61208746, -74.12050729)"
9485,40.74049716,-73.81495696,"(40.74049716, -73.81495696)"
9486,40.74028464,-73.82051384,"(40.74028464, -73.82051384)"
9487,40.54010925,-74.1487322,"(40.54010925, -74.1487322)"
9488,40.61113139,-74.09949001,"(40.61113139, -74.09949001)"
9489,40.86757281,-73.86161549,"(40.86757281, -73.86161549)"
9490,40.56742936,-74.11584133,"(40.56742936, -74.11584133)"
9491,40.82814119,-73.82399979,"(40.82814119, -73.82399979)"
9492,40.71738877,-73.98376558,"(40.71738877, -73.98376558)"
9493,40.63028303,-74.12599172,"(40.63028303, -74.12599172)"
9494,40.84224361,-73.84497763,"(40.84224361, -73.84497763)"
9495,40.81457188,-73.82401524,"(40.81457188, -73.82401524)"
9496,40.51779479,-74.21111683,"(40.51779479, -74.21111683)"
9497,40.74576237,-73.71735571,"(40.74576237, -73.71735571)"
9498,40.53797035,-74.19717337,"(40.53797035, -74.19717337)"
9499,40.74907931,-73.81432898,"(40.74907931, -73.81432898)"
9500,40.83331365,-73.8799984,"(40.83331365, -73.8799984)"
9501,40.60694836,-73.97745633,"(40.60694836, -73.97745633)"
9502,40.74412303,-73.81401817,"(40.74412303, -73.81401817)"
9503,40.60781326,-73.97762089,"(40.60781326, -73.97762089)"
9504,40.54186031,-74.21686112,"(40.54186031, -74.21686112)"
9505,40.83547039,-73.85314594,"(40.83547039, -73.85314594)"
9506,40.62152049,-74.0098499,"(40.62152049, -74.0098499)"
9507,40.85611576,-73.93307466,"(40.85611576, -73.93307466)"
9508,40.63557444,-73.95074276,"(40.63557444, -73.95074276)"
9509,40.7463095,-73.89909358,"(40.7463095, -73.89909358)"
9510,40.59552691,-73.94514084,"(40.59552691, -73.94514084)"
9511,40.79419616,-73.9339099,"(40.79419616, -73.9339099)"
9512,40.74220628,-73.81117395,"(40.74220628, -73.81117395)"
9513,40.82870112,-73.93815364,"(40.82870112, -73.93815364)"
9514,40.75634083,-73.99374074,"(40.75634083, -73.99374074)"
9515,40.85577131,-73.9305206,"(40.85577131, -73.9305206)"
9516,40.65737986,-73.95843241,"(40.65737986, -73.95843241)"
9517,40.6038585,-74.01561155,"(40.6038585, -74.01561155)"
9518,40.89591729,-73.90781028,"(40.89591729, -73.90781028)"
9519,40.83793738,-73.92381575,"(40.83793738, -73.92381575)"
9520,40.844117,-73.89436733,"(40.844117, -73.89436733)"
9521,40.74890255,-73.70676221,"(40.74890255, -73.70676221)"
9522,40.70209322,-73.88761862,"(40.70209322, -73.88761862)"
9523,40.85934643,-73.90467485,"(40.85934643, -73.90467485)"
9524,40.75839422,-73.96338134,"(40.75839422, -73.96338134)"
9525,40.75846692,-73.9635541,"(40.75846692, -73.9635541)"
9526,40.53564818,-74.19963131,"(40.53564818, -74.19963131)"
9527,40.74849758,-73.86063355,"(40.74849758, -73.86063355)"
9528,40.85926111,-73.9277177,"(40.85926111, -73.9277177)"
9529,40.6960865,-73.81489874,"(40.6960865, -73.81489874)"
9530,40.85526886,-73.91414055,"(40.85526886, -73.91414055)"
9531,40.5428865,-74.19727868,"(40.5428865, -74.19727868)"
9532,40.5543757,-74.16663825,"(40.5543757, -74.16663825)"
9533,40.63931146,-74.10874986,"(40.63931146, -74.10874986)"
9534,40.76322008,-73.92539809,"(40.76322008, -73.92539809)"
9535,40.86901806,-73.84032032,"(40.86901806, -73.84032032)"
9536,40.61444999,-74.12725927,"(40.61444999, -74.12725927)"
9537,40.67119232,-73.94369161,"(40.67119232, -73.94369161)"
9538,40.50289191,-74.23181144,"(40.50289191, -74.23181144)"
9539,40.61688173,-74.14145097,"(40.61688173, -74.14145097)"
9540,40.74294525,-73.76528742,"(40.74294525, -73.76528742)"
9541,40.86043484,-73.84726702,"(40.86043484, -73.84726702)"
9542,40.85792016,-73.90819598,"(40.85792016, -73.90819598)"
9543,40.62822253,-74.11557901,"(40.62822253, -74.11557901)"
9544,40.54071278,-74.20373555,"(40.54071278, -74.20373555)"
9545,40.73795436,-73.78674511,"(40.73795436, -73.78674511)"
9546,40.61502738,-74.14744644,"(40.61502738, -74.14744644)"
9547,40.81830335,-73.94307085,"(40.81830335, -73.94307085)"
9548,40.62716567,-74.11208795,"(40.62716567, -74.11208795)"
9549,40.83408731,-73.87260549,"(40.83408731, -73.87260549)"
9550,40.8314686,-73.87895497,"(40.8314686, -73.87895497)"
9551,40.74047546,-73.82107643,"(40.74047546, -73.82107643)"
9552,40.74555763,-73.85940875,"(40.74555763, -73.85940875)"
9553,40.74548259,-73.85936972,"(40.74548259, -73.85936972)"
9554,40.60740743,-73.97754367,"(40.60740743, -73.97754367)"
9555,40.86729019,-73.86162248,"(40.86729019, -73.86162248)"
9556,40.61072367,-73.90429809,"(40.61072367, -73.90429809)"
9557,40.59665569,-73.94692593,"(40.59665569, -73.94692593)"
9558,40.59644871,-73.94688651,"(40.59644871, -73.94688651)"
9559,40.8303321,-73.87678901,"(40.8303321, -73.87678901)"
9560,40.8531733,-73.91724054,"(40.8531733, -73.91724054)"
9561,40.83323339,-73.88033587,"(40.83323339, -73.88033587)"
9562,40.84066928,-73.91985374,"(40.84066928, -73.91985374)"
9563,40.59570172,-73.94674428,"(40.59570172, -73.94674428)"
9564,40.61254537,-74.14840719,"(40.61254537, -74.14840719)"
9565,40.63012329,-73.94465168,"(40.63012329, -73.94465168)"
9566,40.62067196,-74.1258751,"(40.62067196, -74.1258751)"
9567,40.85792659,-73.83903067,"(40.85792659, -73.83903067)"
9568,40.60138494,-73.94700488,"(40.60138494, -73.94700488)"
9569,40.66291312,-73.84189011,"(40.66291312, -73.84189011)"
9570,40.66326882,-73.83979999,"(40.66326882, -73.83979999)"
9571,40.89796249,-73.89714182,"(40.89796249, -73.89714182)"
9572,40.53620577,-74.21721967,"(40.53620577, -74.21721967)"
9573,40.74531035,-73.87897805,"(40.74531035, -73.87897805)"
9574,40.54959249,-74.17477979,"(40.54959249, -74.17477979)"
9575,40.70685016,-73.92146487,"(40.70685016, -73.92146487)"
9576,40.61362914,-73.93848631,"(40.61362914, -73.93848631)"
9577,40.60249626,-73.95213019,"(40.60249626, -73.95213019)"
9578,40.57276396,-73.86096881,"(40.57276396, -73.86096881)"
9579,40.53903508,-74.20426127,"(40.53903508, -74.20426127)"
9580,40.53898198,-74.20445532,"(40.53898198, -74.20445532)"
9581,40.83307775,-73.87919881,"(40.83307775, -73.87919881)"
9582,40.6343218,-73.90326766,"(40.6343218, -73.90326766)"
9583,40.744703,-73.82176128,"(40.744703, -73.82176128)"
9584,40.71060662,-73.84365301,"(40.71060662, -73.84365301)"
9585,40.7348177,-73.86478917,"(40.7348177, -73.86478917)"
9586,40.72070403,-73.97845155,"(40.72070403, -73.97845155)"
9587,40.7208082,-73.97869821,"(40.7208082, -73.97869821)"
9588,40.61069691,-74.13612303,"(40.61069691, -74.13612303)"
9589,40.5302344,-74.22227079,"(40.5302344, -74.22227079)"
9590,40.85641554,-73.90987329,"(40.85641554, -73.90987329)"
9591,40.85099768,-73.92873548,"(40.85099768, -73.92873548)"
9592,40.86164765,-73.9294024,"(40.86164765, -73.9294024)"
9593,40.85800788,-73.8623518,"(40.85800788, -73.8623518)"
9594,40.59193131,-73.93718062,"(40.59193131, -73.93718062)"
9595,40.73697086,-73.92663568,"(40.73697086, -73.92663568)"
9596,40.69938461,-73.84205228,"(40.69938461, -73.84205228)"
9597,40.87793892,-73.8551238,"(40.87793892, -73.8551238)"
9598,40.87782239,-73.85475686,"(40.87782239, -73.85475686)"
9599,40.83216316,-73.87531021,"(40.83216316, -73.87531021)"
9600,40.61348055,-74.12478096,"(40.61348055, -74.12478096)"
9601,40.79460059,-73.80682743,"(40.79460059, -73.80682743)"
9602,40.73522272,-73.88036415,"(40.73522272, -73.88036415)"
9603,40.78723255,-73.82244796,"(40.78723255, -73.82244796)"
9604,40.67327023,-73.73617122,"(40.67327023, -73.73617122)"
9605,40.81275287,-73.89585359,"(40.81275287, -73.89585359)"
9606,40.85538731,-73.91367273,"(40.85538731, -73.91367273)"
9607,40.74465417,-73.81527279,"(40.74465417, -73.81527279)"
9608,40.74462199,-73.81513477,"(40.74462199, -73.81513477)"
9609,40.70100768,-73.83626565,"(40.70100768, -73.83626565)"
9610,40.60640337,-73.97435616,"(40.60640337, -73.97435616)"
9611,40.66163812,-73.83555781,"(40.66163812, -73.83555781)"
9612,40.611181,-74.09952085,"(40.611181, -74.09952085)"
9613,40.53641417,-74.19467004,"(40.53641417, -74.19467004)"
9614,40.66221079,-73.84171858,"(40.66221079, -73.84171858)"
9615,40.75888153,-73.80540477,"(40.75888153, -73.80540477)"
9616,40.86974688,-73.83553419,"(40.86974688, -73.83553419)"
9617,40.53738817,-74.22303319,"(40.53738817, -74.22303319)"
9618,40.5381057,-74.22367261,"(40.5381057, -74.22367261)"
9619,40.53824983,-74.22369996,"(40.53824983, -74.22369996)"
9620,40.61036618,-73.98002497,"(40.61036618, -73.98002497)"
9621,40.58377128,-73.95786372,"(40.58377128, -73.95786372)"
9622,40.62467143,-74.02524199,"(40.62467143, -74.02524199)"
9623,40.67604477,-73.9817347,"(40.67604477, -73.9817347)"
9624,40.62989378,-73.9485448,"(40.62989378, -73.9485448)"
9625,40.74191957,-73.91948838,"(40.74191957, -73.91948838)"
9626,40.77388369,-73.92143658,"(40.77388369, -73.92143658)"
9627,40.54594401,-74.21464619,"(40.54594401, -74.21464619)"
9628,40.61798157,-74.14303152,"(40.61798157, -74.14303152)"
9629,40.54686399,-74.15863616,"(40.54686399, -74.15863616)"
9630,40.64177873,-73.94756452,"(40.64177873, -73.94756452)"
9631,40.85375423,-73.92709432,"(40.85375423, -73.92709432)"
9632,40.68483587,-73.99689107,"(40.68483587, -73.99689107)"
9633,40.74576462,-73.81486386,"(40.74576462, -73.81486386)"
9634,40.85294424,-73.90937332,"(40.85294424, -73.90937332)"
9635,40.65810126,-73.83488685,"(40.65810126, -73.83488685)"
9636,40.61559672,-74.13901625,"(40.61559672, -74.13901625)"
9637,40.69372015,-73.81295965,"(40.69372015, -73.81295965)"
9638,40.85846004,-73.8619075,"(40.85846004, -73.8619075)"
9639,40.86171838,-73.83984416,"(40.86171838, -73.83984416)"
9640,40.70995563,-73.84303492,"(40.70995563, -73.84303492)"
9641,40.8828487,-73.85778478,"(40.8828487, -73.85778478)"
9642,40.88274082,-73.85744753,"(40.88274082, -73.85744753)"
9643,40.83636321,-73.92751866,"(40.83636321, -73.92751866)"
9644,40.85586024,-73.90964612,"(40.85586024, -73.90964612)"
9645,40.61738124,-74.14132416,"(40.61738124, -74.14132416)"
9646,40.58977131,-73.93853468,"(40.58977131, -73.93853468)"
9647,40.86092098,-73.84134295,"(40.86092098, -73.84134295)"
9648,40.60988921,-73.90484012,"(40.60988921, -73.90484012)"
9649,40.8360886,-73.8553763,"(40.8360886, -73.8553763)"
9650,40.86116306,-73.84174417,"(40.86116306, -73.84174417)"
9651,40.61239384,-74.14911937,"(40.61239384, -74.14911937)"
9652,40.87269452,-73.86121534,"(40.87269452, -73.86121534)"
9653,40.85287648,-73.91551374,"(40.85287648, -73.91551374)"
9654,40.8691243,-73.86333117,"(40.8691243, -73.86333117)"
9655,40.62859497,-74.11884703,"(40.62859497, -74.11884703)"
9656,40.87897235,-73.85293047,"(40.87897235, -73.85293047)"
9657,40.84366994,-73.90643513,"(40.84366994, -73.90643513)"
9658,40.74818,-73.96998932,"(40.74818, -73.96998932)"
9659,40.58705445,-73.93732522,"(40.58705445, -73.93732522)"
9660,40.59646871,-73.95696386,"(40.59646871, -73.95696386)"
9661,40.68894401,-73.81736441,"(40.68894401, -73.81736441)"
9662,40.73065995,-73.85225871,"(40.73065995, -73.85225871)"
9663,40.64196017,-74.00049018,"(40.64196017, -74.00049018)"
9664,40.60341837,-73.95834925,"(40.60341837, -73.95834925)"
9665,40.77658693,-73.84062273,"(40.77658693, -73.84062273)"
9666,40.5178108,-74.21102939,"(40.5178108, -74.21102939)"
9667,40.81807768,-73.94253451,"(40.81807768, -73.94253451)"
9668,40.61490802,-74.14764279,"(40.61490802, -74.14764279)"
9669,40.7020685,-73.79508977,"(40.7020685, -73.79508977)"
9670,40.84366396,-73.84450366,"(40.84366396, -73.84450366)"
9671,40.61095391,-73.90618752,"(40.61095391, -73.90618752)"
9672,40.61109922,-73.90468572,"(40.61109922, -73.90468572)"
9673,40.62110084,-74.12276436,"(40.62110084, -74.12276436)"
9674,40.62115933,-74.12244345,"(40.62115933, -74.12244345)"
9675,40.61021658,-74.13598655,"(40.61021658, -74.13598655)"
9676,40.61226161,-74.13811017,"(40.61226161, -74.13811017)"
9677,40.62019911,-74.139772,"(40.62019911, -74.139772)"
9678,40.53623512,-74.20621063,"(40.53623512, -74.20621063)"
9679,40.87302502,-73.89863143,"(40.87302502, -73.89863143)"
9680,40.88324993,-73.85903913,"(40.88324993, -73.85903913)"
9681,40.75200823,-73.77314668,"(40.75200823, -73.77314668)"
9682,40.61620221,-74.14712647,"(40.61620221, -74.14712647)"
9683,40.81880041,-73.94425227,"(40.81880041, -73.94425227)"
9684,40.83059861,-73.88053205,"(40.83059861, -73.88053205)"
9685,40.73760528,-73.92734373,"(40.73760528, -73.92734373)"
9686,40.54647377,-74.21935479,"(40.54647377, -74.21935479)"
9687,40.84370248,-73.93633519,"(40.84370248, -73.93633519)"
9688,40.62955809,-73.96121191,"(40.62955809, -73.96121191)"
9689,40.61580631,-74.12616552,"(40.61580631, -74.12616552)"
9690,40.61572158,-74.10448604,"(40.61572158, -74.10448604)"
9691,40.74605135,-73.91722811,"(40.74605135, -73.91722811)"
9692,40.60746965,-73.9776784,"(40.60746965, -73.9776784)"
9693,40.60635234,-73.97746387,"(40.60635234, -73.97746387)"
9694,40.60961711,-74.13909991,"(40.60961711, -74.13909991)"
9695,40.8323412,-73.87711517,"(40.8323412, -73.87711517)"
9696,40.67531067,-73.94171025,"(40.67531067, -73.94171025)"
9697,40.5936947,-73.78622326,"(40.5936947, -73.78622326)"
9698,40.64226195,-74.00099,"(40.64226195, -74.00099)"
9699,40.54529182,-74.21384705,"(40.54529182, -74.21384705)"
9700,40.54528085,-74.21394094,"(40.54528085, -74.21394094)"
9701,40.54523266,-74.21435351,"(40.54523266, -74.21435351)"
9702,40.65719063,-73.96004902,"(40.65719063, -73.96004902)"
9703,40.60329809,-73.95228059,"(40.60329809, -73.95228059)"
9704,40.5178345,-74.21089999,"(40.5178345, -74.21089999)"
9705,40.74393539,-73.81408179,"(40.74393539, -73.81408179)"
9706,40.60575353,-73.95390209,"(40.60575353, -73.95390209)"
9707,40.75204129,-73.773025,"(40.75204129, -73.773025)"
9708,40.53551524,-74.20284716,"(40.53551524, -74.20284716)"
9709,40.75010745,-73.78008755,"(40.75010745, -73.78008755)"
9710,40.62510534,-74.11841177,"(40.62510534, -74.11841177)"
9711,40.69263108,-73.81149328,"(40.69263108, -73.81149328)"
9712,40.74480903,-73.70718386,"(40.74480903, -73.70718386)"
9713,40.72780065,-73.8470619,"(40.72780065, -73.8470619)"
9714,40.63935682,-74.10837624,"(40.63935682, -74.10837624)"
9715,40.85868002,-73.91082792,"(40.85868002, -73.91082792)"
9716,40.87149024,-73.86543294,"(40.87149024, -73.86543294)"
9717,40.73081979,-73.85181673,"(40.73081979, -73.85181673)"
9718,40.61185393,-73.9068932,"(40.61185393, -73.9068932)"
9719,40.61611707,-74.14713852,"(40.61611707, -74.14713852)"
9720,40.87133707,-73.85699659,"(40.87133707, -73.85699659)"
9721,40.81803606,-73.94243559,"(40.81803606, -73.94243559)"
9722,40.83038613,-73.88048292,"(40.83038613, -73.88048292)"
9723,40.87616309,-73.82969134,"(40.87616309, -73.82969134)"
9724,40.73732415,-73.92739993,"(40.73732415, -73.92739993)"
9725,40.53736723,-74.22323205,"(40.53736723, -74.22323205)"
9726,40.80414787,-73.91532639,"(40.80414787, -73.91532639)"
9727,40.88191773,-73.8770787,"(40.88191773, -73.8770787)"
9728,40.87503021,-73.85636716,"(40.87503021, -73.85636716)"
9729,40.81493888,-73.82423152,"(40.81493888, -73.82423152)"
9730,40.53618581,-74.20628639,"(40.53618581, -74.20628639)"
9731,40.74622293,-73.71683667,"(40.74622293, -73.71683667)"
9732,40.65819867,-73.95742858,"(40.65819867, -73.95742858)"
9733,40.62997714,-74.11987867,"(40.62997714, -74.11987867)"
9734,40.70743652,-73.92324457,"(40.70743652, -73.92324457)"
9735,40.73042515,-73.85076306,"(40.73042515, -73.85076306)"
9736,40.84686641,-73.78804359,"(40.84686641, -73.78804359)"
9737,40.77327713,-73.98067434,"(40.77327713, -73.98067434)"
9738,40.68948788,-73.81597694,"(40.68948788, -73.81597694)"
9739,40.83038232,-73.87570353,"(40.83038232, -73.87570353)"
9740,40.60635411,-73.95198277,"(40.60635411, -73.95198277)"
9741,40.84449548,-73.89351675,"(40.84449548, -73.89351675)"
9742,40.59380256,-73.78623354,"(40.59380256, -73.78623354)"
9743,40.6417641,-74.00016544,"(40.6417641, -74.00016544)"
9744,40.59201165,-73.99119631,"(40.59201165, -73.99119631)"
9745,40.77813247,-73.96026035,"(40.77813247, -73.96026035)"
9746,40.61571454,-74.14723408,"(40.61571454, -74.14723408)"
9747,40.54186699,-74.21678897,"(40.54186699, -74.21678897)"
9748,40.69552948,-73.81559149,"(40.69552948, -73.81559149)"
9749,40.61704176,-74.14771788,"(40.61704176, -74.14771788)"
9750,40.6076003,-73.97373203,"(40.6076003, -73.97373203)"
9751,40.5376262,-74.20075599,"(40.5376262, -74.20075599)"
9752,40.55529274,-74.16678075,"(40.55529274, -74.16678075)"
9753,40.53801526,-74.19701026,"(40.53801526, -74.19701026)"
9754,40.61420433,-74.14052845,"(40.61420433, -74.14052845)"
9755,40.85777057,-73.83716155,"(40.85777057, -73.83716155)"
9756,40.83397761,-73.87257974,"(40.83397761, -73.87257974)"
9757,40.54043231,-74.19859819,"(40.54043231, -74.19859819)"
9758,40.60071475,-73.94877743,"(40.60071475, -73.94877743)"
9759,40.7366368,-73.92657377,"(40.7366368, -73.92657377)"
9760,40.83282816,-73.87927303,"(40.83282816, -73.87927303)"
9761,40.59638026,-73.94687348,"(40.59638026, -73.94687348)"
9762,40.61843963,-74.12947873,"(40.61843963, -74.12947873)"
9763,40.66143416,-73.84235029,"(40.66143416, -73.84235029)"
9764,40.74550128,-73.82263817,"(40.74550128, -73.82263817)"
9765,40.53906604,-74.22364942,"(40.53906604, -74.22364942)"
9766,40.81452704,-73.82398881,"(40.81452704, -73.82398881)"
9767,40.81472795,-73.82410721,"(40.81472795, -73.82410721)"
9768,40.51780311,-74.21107136,"(40.51780311, -74.21107136)"
9769,40.73950463,-73.80739627,"(40.73950463, -73.80739627)"
9770,40.53598851,-74.20713936,"(40.53598851, -74.20713936)"
9771,40.86764066,-73.86166151,"(40.86764066, -73.86166151)"
9772,40.7506468,-73.77520714,"(40.7506468, -73.77520714)"
9773,40.88310546,-73.85110451,"(40.88310546, -73.85110451)"
9774,40.61173095,-73.99001752,"(40.61173095, -73.99001752)"
9775,40.61497329,-74.12619484,"(40.61497329, -74.12619484)"
9776,40.64136008,-74.11231472,"(40.64136008, -74.11231472)"
9777,40.6922666,-73.81128964,"(40.6922666, -73.81128964)"
9778,40.83074567,-73.88056605,"(40.83074567, -73.88056605)"
9779,40.54128905,-74.15840639,"(40.54128905, -74.15840639)"
9780,40.60691801,-73.97360164,"(40.60691801, -73.97360164)"
9781,40.61194578,-74.13597421,"(40.61194578, -74.13597421)"
9782,40.87236776,-73.86122761,"(40.87236776, -73.86122761)"
9783,40.85278493,-73.91559354,"(40.85278493, -73.91559354)"
9784,40.86930815,-73.86332609,"(40.86930815, -73.86332609)"
9785,40.74128424,-73.76234122,"(40.74128424, -73.76234122)"
9786,40.62065204,-74.12661239,"(40.62065204, -74.12661239)"
9787,40.53880383,-74.20780469,"(40.53880383, -74.20780469)"
9788,40.60095722,-73.94692249,"(40.60095722, -73.94692249)"
9789,40.60123305,-73.971366,"(40.60123305, -73.971366)"
9790,40.66089502,-73.8422146,"(40.66089502, -73.8422146)"
9791,40.60707264,-73.91982479,"(40.60707264, -73.91982479)"
9792,40.61861156,-74.1246309,"(40.61861156, -74.1246309)"
9793,40.74290734,-73.81956619,"(40.74290734, -73.81956619)"
9794,40.87818348,-73.82823406,"(40.87818348, -73.82823406)"
9795,40.81816572,-73.94274374,"(40.81816572, -73.94274374)"
9796,40.61515484,-74.14756314,"(40.61515484, -74.14756314)"
9797,40.62717238,-74.11203244,"(40.62717238, -74.11203244)"
9798,40.87796185,-73.82797822,"(40.87796185, -73.82797822)"
9799,40.7407111,-73.82177119,"(40.7407111, -73.82177119)"
9800,40.56661568,-74.11720697,"(40.56661568, -74.11720697)"
9801,40.7430067,-73.75265722,"(40.7430067, -73.75265722)"
9802,40.75056447,-73.97422585,"(40.75056447, -73.97422585)"
9803,40.88098731,-73.87647008,"(40.88098731, -73.87647008)"
9804,40.83226629,-73.87996849,"(40.83226629, -73.87996849)"
9805,40.88332736,-73.85701231,"(40.88332736, -73.85701231)"
9806,40.75155184,-73.71646081,"(40.75155184, -73.71646081)"
9807,40.67276066,-73.82606118,"(40.67276066, -73.82606118)"
9808,40.66955294,-73.82706523,"(40.66955294, -73.82706523)"
9809,40.80471066,-73.91500169,"(40.80471066, -73.91500169)"
9810,40.80460104,-73.9150834,"(40.80460104, -73.9150834)"
9811,40.54780077,-74.15602527,"(40.54780077, -74.15602527)"
9812,40.67656561,-73.94336422,"(40.67656561, -73.94336422)"
9813,40.78847707,-73.82196408,"(40.78847707, -73.82196408)"
9814,40.84367589,-73.90655414,"(40.84367589, -73.90655414)"
9815,40.57247082,-73.85940681,"(40.57247082, -73.85940681)"
9816,40.61464633,-74.13045911,"(40.61464633, -74.13045911)"
9817,40.81805269,-73.814622,"(40.81805269, -73.814622)"
9818,40.73042339,-73.85271981,"(40.73042339, -73.85271981)"
9819,40.84177707,-73.86950496,"(40.84177707, -73.86950496)"
9820,40.74344865,-73.75100588,"(40.74344865, -73.75100588)"
9821,40.61850376,-74.12861979,"(40.61850376, -74.12861979)"
9822,40.76534924,-73.99158926,"(40.76534924, -73.99158926)"
9823,40.57287505,-73.86005033,"(40.57287505, -73.86005033)"
9824,40.83321079,-73.88035371,"(40.83321079, -73.88035371)"
9825,40.60176975,-73.947079,"(40.60176975, -73.947079)"
9826,40.66353618,-73.84204448,"(40.66353618, -73.84204448)"
9827,40.60177428,-73.97146785,"(40.60177428, -73.97146785)"
9828,40.87251321,-73.85932052,"(40.87251321, -73.85932052)"
9829,40.73149337,-73.85160422,"(40.73149337, -73.85160422)"
9830,40.83382792,-73.87778418,"(40.83382792, -73.87778418)"
9831,40.85782603,-73.90922872,"(40.85782603, -73.90922872)"
9832,40.77320887,-73.98051276,"(40.77320887, -73.98051276)"
9833,40.82935376,-73.82513377,"(40.82935376, -73.82513377)"
9834,40.60517485,-73.96271163,"(40.60517485, -73.96271163)"
9835,40.74810234,-73.70646437,"(40.74810234, -73.70646437)"
9836,40.86989834,-73.86829313,"(40.86989834, -73.86829313)"
9837,40.67534738,-73.8204418,"(40.67534738, -73.8204418)"
9838,40.75894232,-73.9646838,"(40.75894232, -73.9646838)"
9839,40.76595904,-73.99303674,"(40.76595904, -73.99303674)"
9840,40.85692439,-73.90671242,"(40.85692439, -73.90671242)"
9841,40.55663428,-74.16708469,"(40.55663428, -74.16708469)"
9842,40.7031712,-73.88743678,"(40.7031712, -73.88743678)"
9843,40.87081654,-73.85658242,"(40.87081654, -73.85658242)"
9844,40.83230402,-73.87155495,"(40.83230402, -73.87155495)"
9845,40.72339996,-73.86977861,"(40.72339996, -73.86977861)"
9846,40.72354076,-73.86947481,"(40.72354076, -73.86947481)"
9847,40.85832481,-73.91034784,"(40.85832481, -73.91034784)"
9848,40.85568947,-73.90931383,"(40.85568947, -73.90931383)"
9849,40.74277233,-73.81916566,"(40.74277233, -73.81916566)"
9850,40.6444272,-74.10848355,"(40.6444272, -74.10848355)"
9851,40.74054678,-73.8212867,"(40.74054678, -73.8212867)"
9852,40.74291669,-73.75261413,"(40.74291669, -73.75261413)"
9853,40.60775024,-73.9776089,"(40.60775024, -73.9776089)"
9854,40.73800472,-73.92726389,"(40.73800472, -73.92726389)"
9855,40.88114715,-73.85537613,"(40.88114715, -73.85537613)"
9856,40.74849795,-73.70661162,"(40.74849795, -73.70661162)"
9857,40.53450618,-74.20154189,"(40.53450618, -74.20154189)"
9858,40.84209989,-73.86985181,"(40.84209989, -73.86985181)"
9859,40.69334796,-73.81452084,"(40.69334796, -73.81452084)"
9860,40.85312757,-73.91715036,"(40.85312757, -73.91715036)"
9861,40.54963451,-74.17715904,"(40.54963451, -74.17715904)"
9862,40.6102605,-74.13598624,"(40.6102605, -74.13598624)"
9863,40.83393538,-73.87176165,"(40.83393538, -73.87176165)"
9864,40.61216436,-74.13812272,"(40.61216436, -74.13812272)"
9865,40.84469251,-73.90780807,"(40.84469251, -73.90780807)"
9866,40.53711295,-74.20031254,"(40.53711295, -74.20031254)"
9867,40.54531429,-74.21365463,"(40.54531429, -74.21365463)"
9868,40.88975164,-73.90419317,"(40.88975164, -73.90419317)"
9869,40.61412394,-74.14510306,"(40.61412394, -74.14510306)"
9870,40.61407482,-74.14478978,"(40.61407482, -74.14478978)"
9871,40.65257428,-73.94931671,"(40.65257428, -73.94931671)"
9872,40.65266733,-73.94754745,"(40.65266733, -73.94754745)"
9873,40.8834159,-73.87863101,"(40.8834159, -73.87863101)"
9874,40.61696549,-74.14811642,"(40.61696549, -74.14811642)"
9875,40.85448152,-73.9143862,"(40.85448152, -73.9143862)"
9876,40.73942093,-73.86102066,"(40.73942093, -73.86102066)"
9877,40.83165732,-73.87638234,"(40.83165732, -73.87638234)"
9878,40.83209603,-73.87992878,"(40.83209603, -73.87992878)"
9879,40.60619143,-73.9557963,"(40.60619143, -73.9557963)"
9880,40.71533143,-73.75824761,"(40.71533143, -73.75824761)"
9881,40.53415767,-74.20263109,"(40.53415767, -74.20263109)"
9882,40.5342516,-74.1990231,"(40.5342516, -74.1990231)"
9883,40.74920125,-73.97051853,"(40.74920125, -73.97051853)"
9884,40.85940626,-73.90484711,"(40.85940626, -73.90484711)"
9885,40.86886227,-73.8402446,"(40.86886227, -73.8402446)"
9886,40.70254469,-73.88699169,"(40.70254469, -73.88699169)"
9887,40.53912124,-74.20394632,"(40.53912124, -74.20394632)"
9888,40.62592562,-74.1194904,"(40.62592562, -74.1194904)"
9889,40.66895227,-73.82725371,"(40.66895227, -73.82725371)"
9890,40.74594822,-73.91724867,"(40.74594822, -73.91724867)"
9891,40.73077971,-73.8519511,"(40.73077971, -73.8519511)"
9892,40.76391489,-73.92483049,"(40.76391489, -73.92483049)"
9893,40.73752714,-73.9245011,"(40.73752714, -73.9245011)"
9894,40.73731049,-73.92656686,"(40.73731049, -73.92656686)"
9895,40.60489569,-73.96182854,"(40.60489569, -73.96182854)"
9896,40.61628189,-74.14711519,"(40.61628189, -74.14711519)"
9897,40.60685972,-73.91958738,"(40.60685972, -73.91958738)"
9898,40.85375,-73.90809963,"(40.85375, -73.90809963)"
9899,40.6946441,-73.814575,"(40.6946441, -73.814575)"
9900,40.7196452,-73.75361531,"(40.7196452, -73.75361531)"
9901,40.60517276,-73.96273089,"(40.60517276, -73.96273089)"
9902,40.88160302,-73.85681084,"(40.88160302, -73.85681084)"
9903,40.74819054,-73.7064972,"(40.74819054, -73.7064972)"
9904,40.53377092,-74.19978122,"(40.53377092, -74.19978122)"
9905,40.67457692,-73.82068041,"(40.67457692, -73.82068041)"
9906,40.67542272,-73.82041847,"(40.67542272, -73.82041847)"
9907,40.86367047,-73.90421773,"(40.86367047, -73.90421773)"
9908,40.74934779,-73.97086646,"(40.74934779, -73.97086646)"
9909,40.57403172,-73.85985929,"(40.57403172, -73.85985929)"
9910,40.73077826,-73.85094522,"(40.73077826, -73.85094522)"
9911,40.8575017,-73.86846268,"(40.8575017, -73.86846268)"
9912,40.60184305,-73.95200767,"(40.60184305, -73.95200767)"
9913,40.74837383,-73.70656541,"(40.74837383, -73.70656541)"
9914,40.53367514,-74.19993229,"(40.53367514, -74.19993229)"
9915,40.83466292,-73.87124426,"(40.83466292, -73.87124426)"
9916,40.74928715,-73.97072249,"(40.74928715, -73.97072249)"
9917,40.53530811,-74.1940508,"(40.53530811, -74.1940508)"
9918,40.86047898,-73.83800645,"(40.86047898, -73.83800645)"
9919,40.75841057,-73.96342019,"(40.75841057, -73.96342019)"
9920,40.76563684,-73.99227195,"(40.76563684, -73.99227195)"
9921,40.76590423,-73.99290664,"(40.76590423, -73.99290664)"
9922,40.71887951,-73.87388246,"(40.71887951, -73.87388246)"
9923,40.82712287,-73.82658574,"(40.82712287, -73.82658574)"
9924,40.85553731,-73.90701832,"(40.85553731, -73.90701832)"
9925,40.5867642,-73.80392511,"(40.5867642, -73.80392511)"
9926,40.69640118,-73.90299718,"(40.69640118, -73.90299718)"
9927,40.80915192,-73.93627391,"(40.80915192, -73.93627391)"
9928,40.74154207,-73.82147937,"(40.74154207, -73.82147937)"
9929,40.6411171,-73.99758488,"(40.6411171, -73.99758488)"
9930,40.54622684,-74.14122524,"(40.54622684, -74.14122524)"
9931,40.72412943,-73.74296352,"(40.72412943, -73.74296352)"
9932,40.72209276,-73.74002648,"(40.72209276, -73.74002648)"
9933,40.83283674,-73.82509922,"(40.83283674, -73.82509922)"
9934,40.76442693,-73.79129412,"(40.76442693, -73.79129412)"
9935,40.7244425,-73.73485707,"(40.7244425, -73.73485707)"
9936,40.74529336,-73.7211849,"(40.74529336, -73.7211849)"
9937,40.86012974,-73.83989449,"(40.86012974, -73.83989449)"
9938,40.80263379,-73.91366917,"(40.80263379, -73.91366917)"
9939,40.70309633,-73.95054352,"(40.70309633, -73.95054352)"
9940,40.62630441,-74.12000905,"(40.62630441, -74.12000905)"
9941,40.62701774,-74.11437298,"(40.62701774, -74.11437298)"
9942,40.87656242,-73.85850734,"(40.87656242, -73.85850734)"
9943,40.60659606,-73.90393261,"(40.60659606, -73.90393261)"
9944,40.60656622,-73.90398873,"(40.60656622, -73.90398873)"
9945,40.74483751,-73.81607445,"(40.74483751, -73.81607445)"
9946,40.59132833,-73.93523275,"(40.59132833, -73.93523275)"
9947,40.60641752,-73.97422275,"(40.60641752, -73.97422275)"
9948,40.53549888,-74.20015879,"(40.53549888, -74.20015879)"
9949,40.74931827,-73.97079637,"(40.74931827, -73.97079637)"
9950,40.844824,-73.83091777,"(40.844824, -73.83091777)"
9951,40.87405778,-73.85658835,"(40.87405778, -73.85658835)"
9952,40.87394254,-73.85659214,"(40.87394254, -73.85659214)"
9953,40.700798,-73.84229176,"(40.700798, -73.84229176)"
9954,40.87544048,-73.84871153,"(40.87544048, -73.84871153)"
9955,40.75874934,-73.96422522,"(40.75874934, -73.96422522)"
9956,40.76585049,-73.99277907,"(40.76585049, -73.99277907)"
9957,40.8542381,-73.9099612,"(40.8542381, -73.9099612)"
9958,40.55675113,-74.16711116,"(40.55675113, -74.16711116)"
9959,40.83227159,-73.8717918,"(40.83227159, -73.8717918)"
9960,40.63055423,-74.01479497,"(40.63055423, -74.01479497)"
9961,40.62788459,-73.99584839,"(40.62788459, -73.99584839)"
9962,40.84074192,-73.92706077,"(40.84074192, -73.92706077)"
9963,40.88086333,-73.85415363,"(40.88086333, -73.85415363)"
9964,40.64975245,-73.84040858,"(40.64975245, -73.84040858)"
9965,40.6165826,-73.90998855,"(40.6165826, -73.90998855)"
9966,40.65223492,-73.8361116,"(40.65223492, -73.8361116)"
9967,40.85497996,-73.91436279,"(40.85497996, -73.91436279)"
9968,40.87769844,-73.85436656,"(40.87769844, -73.85436656)"
9969,40.86186563,-73.85303742,"(40.86186563, -73.85303742)"
9970,40.8171177,-73.9306902,"(40.8171177, -73.9306902)"
9971,40.81451391,-73.84971771,"(40.81451391, -73.84971771)"
9972,40.86848334,-73.86349055,"(40.86848334, -73.86349055)"
9973,40.74492978,-73.81649006,"(40.74492978, -73.81649006)"
9974,40.59167061,-73.93529769,"(40.59167061, -73.93529769)"
9975,40.60807237,-73.97382225,"(40.60807237, -73.97382225)"
9976,40.50291647,-74.23182181,"(40.50291647, -74.23182181)"
9977,40.54077849,-74.22174226,"(40.54077849, -74.22174226)"
9978,40.87260132,-73.85566849,"(40.87260132, -73.85566849)"
9979,40.52913905,-74.21788165,"(40.52913905, -74.21788165)"
9980,40.84232891,-73.84518478,"(40.84232891, -73.84518478)"
9981,40.74047623,-73.81223013,"(40.74047623, -73.81223013)"
9982,40.81514855,-73.82435508,"(40.81514855, -73.82435508)"
9983,40.5377803,-74.19729936,"(40.5377803, -74.19729936)"
9984,40.53611312,-74.20654267,"(40.53611312, -74.20654267)"
9985,40.53794016,-74.19728302,"(40.53794016, -74.19728302)"
9986,40.67367023,-73.73760512,"(40.67367023, -73.73760512)"
9987,40.87221881,-73.83786625,"(40.87221881, -73.83786625)"
9988,40.65822028,-73.95707868,"(40.65822028, -73.95707868)"
9989,40.67635594,-73.83224254,"(40.67635594, -73.83224254)"
9990,40.53805797,-74.22367487,"(40.53805797, -74.22367487)"
9991,40.73792222,-73.92728038,"(40.73792222, -73.92728038)"
9992,40.61208394,-73.9402232,"(40.61208394, -73.9402232)"
9993,40.65424988,-73.93266513,"(40.65424988, -73.93266513)"
9994,40.73991537,-73.81226727,"(40.73991537, -73.81226727)"
9995,40.63030613,-73.94261242,"(40.63030613, -73.94261242)"
9996,40.53807396,-74.19679706,"(40.53807396, -74.19679706)"
9997,40.75190206,-73.77667189,"(40.75190206, -73.77667189)"
9998,40.62955967,-74.08099318,"(40.62955967, -74.08099318)"
9999,40.58145023,-74.10901067,"(40.58145023, -74.10901067)"
